0 0.353977 1.26878
1 1.31883 0.822259
2 1.02108 0.892155
3 -0.888219 0.973171
4 2.01082 0.901702
5 1.33 0.937034
6 -1.38042 0.78243
7 1.02363 1.06961
8 -0.113949 0.945492
9 0.289464 0.995565
10 1.05878 1.17845
11 1.98562 0.747018
12 0.276469 0.979224
13 1.60246 1.09969
14 1.95653 1.0608
15 1.47642 1.15431
16 1.15117 0.875325
17 1.15169 0.895275
18 1.81809 0.913483
19 0.372312 1.0041
20 1.2129 1.1004
21 1.26519 1.06024
22 1.8349 0.885446
23 -0.369 0.952955
24 2.01103 0.753097
25 1.45848 0.82844
26 1.19165 0.886351
27 0.5818 0.918605
28 0.794088 0.917244
29 0.828664 1.03793
30 0.96621 0.762174
31 1.10991 0.992845
32 0.157421 1.12011
33 1.5417 0.849285
34 2.62355 0.900561
35 0.504757 0.980437
36 0.588399 0.916006
37 0.81673 0.907555
38 1.70126 1.02689
39 1.48395 0.850272
40 -0.247161 0.731654
41 1.78497 0.999679
42 2.45364 0.934688
43 0.515005 1.02747
44 -0.327624 1.09551
45 2.03349 0.916404
46 0.776826 1.19383
47 -1.4578 1.28988
48 1.61837 0.805686
49 0.406406 0.87692
50 0.0670648 1.08878
51 0.254387 0.77397
52 0.683006 1.02039
53 1.76055 0.903193
54 -0.977407 1.07522
55 1.03685 0.717769
56 1.57867 0.935428
57 1.2965 0.712614
58 1.04238 0.781009
59 -0.871174 0.943623
60 0.0578756 1.04226
61 0.121723 1.22232
62 0.607101 0.928857
63 1.80461 1.13827
64 1.44333 0.97969
65 0.693258 1.10106
66 -1.84968 0.904984
67 0.620058 1.00445
68 0.428511 1.12656
69 -0.292965 0.799088
70 1.26866 1.11639
71 0.202177 0.737076
72 0.69723 1.17106
73 0.164246 1.01249
74 1.64541 0.630766
75 0.728346 0.996472
76 -2.02942 1.02341
77 -0.665633 0.990101
78 2.0849 0.902548
79 1.48874 0.927803
80 0.923413 0.973606
81 2.05757 1.16947
82 0.813912 1.00008
83 0.724256 0.979677
84 1.00773 1.00397
85 -0.240436 0.81046
86 -0.524484 1.1588
87 0.44456 0.909991
88 -0.697836 0.908982
89 0.33776 0.947129
90 0.48381 1.00714
91 0.711139 0.788585
92 1.65097 1.0723
93 0.499343 1.03384
94 1.67436 1.11101
95 0.682043 1.03932
96 1.14098 0.931824
97 -0.197412 0.84283
98 1.38635 1.24458
99 0.846548 1.08843
100 -0.805598 1.13149
101 -0.37478 0.732771
102 0.0631347 0.940537
103 -0.0637423 0.995931
104 1.64204 1.13724
105 1.7664 0.944366
106 0.947774 0.78923
107 0.860958 1.03498
108 0.249718 0.848572
109 0.83632 0.82184
110 1.04013 1.06913
111 1.01373 1.08931
112 0.511263 0.695305
113 2.06336 1.05766
114 0.301861 0.990538
115 1.31504 0.705273
116 2.59549 1.02597
117 0.478812 1.11215
118 2.0346 1.11473
119 0.437003 0.87125
120 1.50948 0.794189
121 2.35267 1.14637
122 0.210096 0.982395
123 1.11552 1.05574
124 -0.48842 1.04023
125 1.38922 0.920112
126 -0.115252 0.992016
127 0.956862 0.985932
128 1.61058 0.500877
129 0.504506 1.08479
130 -0.136982 0.989347
131 0.230521 0.721817
132 1.35062 0.915673
133 0.952677 1.04408
134 -0.0840209 0.903128
135 2.9555 0.648242
136 1.37812 1.00679
137 1.92046 0.783043
138 0.287481 1.00039
139 1.41763 1.16998
140 2.40112 0.903869
141 0.392831 1.00611
142 1.86341 0.92606
143 0.456642 1.15937
144 0.237148 1.15358
145 1.05144 1.01407
146 2.60972 0.676772
147 0.31774 0.98596
148 -0.718625 0.820364
149 0.647219 0.961776
150 0.411952 0.997751
151 1.17507 1.13584
152 1.9883 1.00541
153 0.925134 0.9889
154 1.3408 0.912549
155 1.56632 0.91819
156 0.348555 0.840516
157 3.49611 0.713629
158 0.533053 0.970115
159 0.723107 0.992919
160 -0.25233 0.86275
161 1.5176 0.974231
162 1.24257 0.977383
163 1.10994 0.921035
164 0.977791 0.728946
165 0.958206 1.05202
166 0.163093 1.0024
167 0.259695 1.31791
168 1.69706 1.01355
169 1.44813 1.08528
170 0.292989 0.728961
171 0.577615 1.16324
172 -0.737328 1.08502
173 0.0399784 0.598931
174 1.78398 1.07602
175 0.3791 0.611374
176 0.436819 0.748408
177 1.64081 0.96933
178 0.241834 0.883727
179 -0.189635 1.09894
180 -0.3179 0.932717
181 0.399441 0.930594
182 0.863213 0.897529
183 1.24353 1.16674
184 0.621684 0.856921
185 1.38594 0.804482
186 2.2836 1.2323
187 2.05632 0.917927
188 1.38266 0.950914
189 0.742954 0.898092
190 0.798336 1.09988
191 0.382227 0.941024
192 -0.130361 1.02048
193 1.57131 0.918389
194 0.263763 1.00757
195 1.24053 0.835156
196 -1.26538 1.07012
197 1.87239 0.982897
198 1.3821 0.959559
199 1.51043 0.93971
200 -0.230912 0.894912
201 -1.50572 1.05887
202 0.793347 0.947765
203 1.04683 0.972776
204 -0.394222 0.7656
205 1.01713 0.817339
206 -0.204289 0.70576
207 1.0752 1.16864
208 -1.33616 0.845652
209 1.228 1.52816
210 1.63236 0.84619
211 1.0976 1.32679
212 1.56265 0.97916
213 1.48354 1.12363
214 1.95258 1.0143
215 -1.14439 0.922097
216 -0.159958 1.04752
217 2.78806 0.807413
218 1.03889 0.682923
219 1.35938 0.745782
220 -0.106514 1.06844
221 -1.50629 1.03211
222 0.956392 0.845393
223 -0.262389 1.18982
224 1.63016 1.17667
225 -0.401405 1.0271
226 2.42088 0.731071
227 1.13109 0.976954
228 0.886649 0.88517
229 2.81081 0.889589
230 0.911293 0.91762
231 1.52015 1.04197
232 1.28326 0.961406
233 0.430574 0.763272
234 1.76113 0.985227
235 -0.687502 1.00631
236 -0.137762 0.970874
237 1.24678 0.615008
238 1.43143 0.974846
239 0.477861 0.899947
240 1.81719 0.924787
241 1.417 0.592623
242 2.97565 0.843695
243 2.70518 0.925055
244 0.834186 0.946547
245 -0.204054 1.05375
246 1.08275 1.04013
247 -0.467636 0.921374
248 1.16399 0.990092
249 -0.187603 1.0565
250 2.51285 1.26669
251 1.40718 1.18431
252 0.511287 1.12545
253 -0.0895377 0.925764
254 -0.618513 1.21571
255 -1.90143 1.16971
256 0.0174606 1.2377
257 1.55998 0.910532
258 1.76266 1.26379
259 0.905332 1.11841
260 1.19773 0.903265
261 1.37708 0.925
262 1.13269 0.962968
263 0.774279 0.768814
264 0.920169 1.23473
265 2.00711 1.02663
266 1.38729 0.754543
267 0.57143 1.19637
268 0.0873094 0.803737
269 1.05696 0.808031
270 1.63522 0.80652
271 0.297847 0.828425
272 0.379394 0.929255
273 0.55113 0.74839
274 0.183495 1.07275
275 0.430008 1.16378
276 -1.35418 0.873314
277 0.224959 0.970595
278 -1.22138 0.751511
279 1.70763 1.08387
280 -0.443739 0.819343
281 1.74859 0.902108
282 -0.312358 0.888021
283 -0.743619 0.809026
284 0.859489 1.1377
285 1.93663 0.962703
286 -1.0153 0.772996
287 0.366062 1.04769
288 0.426959 1.24387
289 -0.247155 1.05126
290 0.218442 0.976175
291 0.763147 0.587475
292 0.0315927 0.806031
293 0.919476 0.718751
294 0.0157173 0.831727
295 -0.613655 0.652146
296 0.582091 0.808063
297 1.87123 0.761886
298 1.42337 1.24886
299 -0.335326 1.067
