-8.71336
-8.44843
-8.26633
-8.19488
-8.12103
-8.07289
-7.98924
-7.95569
-7.86577
-7.83147
-7.78201
-7.72091
-7.7307
-7.77622
-7.80843
-7.77578
-7.66849
-7.65429
-7.52886
-7.55837
-7.38615
-7.54561
-7.47607
-7.58067
-7.66474
-7.69529
-7.65879
-7.64506
-7.65522
-7.65495
-7.6895
-7.60061
-7.5575
-7.61081
-7.66437
-7.67971
-7.64727
-7.66462
-7.67802
-7.74857
-7.8034
-7.77554
-7.71627
-7.66927
-7.72461
-7.683
-7.67707
-7.59412
-7.61461
-7.58691
-7.55632
-7.47491
-7.54224
-7.56713
-7.53697
-7.60387
-7.63771
-7.70253
-7.70765
-7.72619
-7.64096
-7.64393
-7.59339
-7.52303
-7.57026
-7.48547
-7.49164
-7.48814
-7.54538
-7.51229
-7.4843
-7.56199
-7.5329
-7.52159
-7.54571
-7.551
-7.51327
-7.47806
-7.59823
-7.62454
-7.66371
-7.64176
-7.60955
-7.66337
-7.63
-7.48982
-7.52765
-7.52986
-7.50398
-7.56365
-7.49834
-7.56348
-7.58733
-7.57093
-7.58215
-7.57799
-7.52997
-7.47488
-7.47419
-7.48703
-7.51639
-7.48141
-7.4796
-7.41901
-7.41395
-7.4416
-7.47839
-7.47348
-7.46625
-7.51252
-7.5131
-7.53391
-7.58351
-7.58956
-7.47341
-7.42956
-7.56798
-7.57043
-7.52015
-7.48607
-7.4073
-7.30738
-7.36573
-7.30763
-7.31595
-7.37791
-7.42962
-7.53767
-7.45435
-7.46804
-7.60956
-7.57735
-7.5899
-7.59523
-7.6287
-7.60957
-7.57342
-7.56853
-7.55057
-7.54593
-7.48664
-7.53237
-7.55945
-7.43418
-7.50023
-7.47732
-7.45671
-7.46004
-7.49415
-7.53065
-7.53456
-7.50126
-7.57713
-7.60291
-7.60103
-7.61035
-7.69127
-7.60174
-7.6448
-7.55633
-7.58168
-7.63063
-7.59197
-7.53749
-7.65202
-7.57504
-7.5955
-7.59278
-7.54202
-7.64991
-7.5825
-7.59856
-7.54864
-7.58078
-7.49145
-7.53753
-7.49971
-7.5774
-7.58553
-7.47936
-7.54616
-7.53994
-7.61576
-7.58559
-7.4276
-7.47761
-7.42765
-7.35654
-7.42209
-7.41323
-7.44751
-7.36621
-7.39654
-7.4563
-7.54092
-7.48326
-7.51392
-7.46955
-7.50624
-7.51981
-7.54305
-7.51113
-7.46312
-7.49096
-7.50526
-7.51358
-7.41104
-7.37766
-7.35764
-7.39534
-7.39873
-7.51693
-7.46443
-7.46148
-7.43847
-7.35514
-7.35431
-7.44794
-7.45385
-7.47729
-7.57007
-7.56924
-7.61823
-7.57787
-7.53944
-7.60213
-7.5921
-7.55382
-7.51048
-7.49175
-7.49589
-7.48166
-7.47478
-7.46847
-7.53228
-7.54157
-7.59279
-7.61732
-7.51352
-7.43519
-7.50447
-7.60031
-7.64623
-7.70221
-7.65379
-7.64332
-7.60282
-7.59947
-7.62245
-7.53412
-7.58961
-7.51532
-7.5204
-7.55676
-7.57836
-7.62646
-7.62217
-7.63311
-7.62887
-7.67951
-7.7005
-7.69113
-7.77315
-7.74077
-7.67254
-7.58151
-7.5693
-7.64371
-7.60544
-7.63568
-7.59488
-7.54502
-7.5157
-7.56241
-7.53664
-7.46508
-7.41122
-7.48334
-7.51794
-7.43741
-7.39118
-7.37528
-7.47559
-7.51793
-7.53533
-7.64976
-7.59848
-7.59268
-7.50073
-7.44314
-7.4114
-7.46198
-7.5248
-7.53492
-7.4865
-7.39984
-7.41237
-7.52027
-7.49259
-7.5095
-7.55791
-7.56983
-7.58068
-7.63538
-7.44799
-7.43163
-7.4385
-7.46704
-7.34827
-7.3214
-7.36808
-7.30457
-7.33044
-7.42112
-7.43919
-7.40293
-7.50547
-7.50483
-7.52568
-7.56397
-7.58435
-7.51007
-7.53046
-7.54177
-7.53811
-7.57988
-7.56088
-7.52606
-7.59635
-7.6248
-7.61093
-7.63024
-7.64184
-7.59864
-7.63201
-7.54279
-7.51178
-7.52883
-7.62779
-7.56413
-7.58141
-7.59468
-7.60913
-7.65197
-7.5962
-7.63473
-7.74742
-7.61394
-7.52834
-7.56898
-7.58117
-7.58835
-7.59097
-7.5908
-7.56257
-7.40113
-7.44864
-7.49083
-7.49704
-7.47958
-7.53239
-7.48133
-7.3992
-7.46319
-7.53022
-7.54203
-7.56628
-7.47531
-7.57218
-7.58879
-7.52779
-7.49185
-7.51969
-7.53146
-7.53664
-7.51473
-7.52044
-7.55017
-7.55671
-7.61654
-7.60467
-7.5443
-7.57616
-7.65105
-7.59095
-7.61779
-7.66942
-7.5835
-7.5499
-7.65414
-7.68426
-7.67599
-7.53127
-7.4377
-7.48759
-7.5038
-7.53991
-7.60793
-7.63841
-7.67094
-7.61068
-7.61868
-7.55367
-7.5546
-7.53121
-7.58492
-7.58361
-7.54806
-7.56629
-7.63728
-7.67316
-7.67845
-7.64641
-7.65876
-7.60401
-7.52305
-7.56868
-7.49947
-7.58132
-7.55925
-7.57345
-7.58971
-7.68352
-7.62457
-7.63036
-7.66195
-7.53086
-7.45601
-7.47745
-7.47911
-7.44418
-7.46201
-7.48141
-7.50589
-7.45316
-7.56633
-7.59837
-7.54966
-7.56918
-7.57456
-7.57973
-7.69016
-7.71164
-7.72806
-7.67872
-7.59205
-7.61141
-7.57224
-7.60969
-7.55535
-7.54467
-7.49952
-7.55049
-7.53748
-7.50607
-7.46066
-7.4239
-7.46868
-7.41238
-7.50786
-7.52116
-7.51362
-7.56425
-7.5605
-7.58081
-7.5798
-7.55547
-7.61757
-7.6902
-7.7043
-7.69367
-7.65669
-7.66844
-7.61255
-7.54133
-7.60646
-7.53461
-7.52271
-7.63158
-7.63886
-7.60472
-7.58962
-7.55659
-7.61791
-7.51983
-7.45699
-7.46969
-7.49851
-7.57574
-7.53268
-7.51223
-7.56078
-7.50658
-7.42957
-7.47505
-7.52663
-7.5234
-7.632
-7.63108
-7.61874
-7.58684
-7.63046
-7.66046
-7.64959
-7.60676
-7.6369
-7.71216
-7.72872
-7.76132
-7.70702
-7.7723
-7.80646
-7.73795
-7.70996
-7.68591
-7.59513
-7.64186
-7.55777
-7.65382
-7.66293
-7.71473
-7.65134
-7.66026
-7.65642
-7.70048
-7.74573
-7.70229
-7.74788
-7.75273
-7.67746
-7.72048
-7.70853
-7.68788
-7.66639
-7.67995
-7.70882
-7.65482
-7.72797
-7.72334
-7.72238
-7.69809
-7.67097
-7.63293
-7.56989
-7.51606
-7.59503
-7.62907
-7.62278
-7.60269
-7.54458
-7.56096
-7.54912
-7.50263
-7.44926
-7.4859
-7.46711
-7.42463
-7.46007
-7.59532
-7.56517
-7.47675
-7.53086
-7.63797
-7.61367
-7.56184
-7.52081
-7.46945
-7.39658
-7.42968
-7.38865
-7.52936
-7.51621
-7.55582
-7.54409
-7.51663
-7.53874
-7.44861
-7.51518
-7.5957
-7.5728
-7.5681
-7.60737
-7.55856
-7.60315
-7.53604
-7.52361
-7.56229
-7.51945
-7.51906
-7.53142
-7.61714
-7.56503
-7.57748
-7.57469
-7.5843
-7.63389
-7.53928
-7.54526
-7.50989
-7.5137
-7.52014
-7.49721
-7.47393
-7.48728
-7.5039
-7.53459
-7.51536
-7.54612
-7.57423
-7.56645
-7.56752
-7.60694
-7.64628
-7.75231
-7.73261
-7.68866
-7.62414
-7.63783
-7.67175
-7.70934
-7.6552
-7.64312
-7.62949
-7.6462
-7.58495
-7.66788
-7.66293
-7.67827
-7.62562
-7.56074
-7.65713
-7.64844
-7.59719
-7.62245
-7.7418
-7.70287
-7.75257
-7.74854
-7.78873
-7.73387
-7.6559
-7.58626
-7.526
-7.57723
-7.53908
-7.57999
-7.58764
-7.59123
-7.69801
-7.64721
-7.64082
-7.63504
-7.61547
-7.64727
-7.61793
-7.61867
-7.61262
-7.58563
-7.61963
-7.69396
-7.64992
-7.65247
-7.69377
-7.75124
-7.66996
-7.57086
-7.47974
-7.47176
-7.48613
-7.5399
-7.62563
-7.5408
-7.55831
-7.55684
-7.62372
-7.59879
-7.6115
-7.64783
-7.68066
-7.68037
-7.66348
-7.61692
-7.64138
-7.62825
-7.63304
-7.61244
-7.67369
-7.66126
-7.66987
-7.65884
-7.62988
-7.66788
-7.66572
-7.70951
-7.57776
-7.53509
-7.51807
-7.46302
-7.49007
-7.53594
-7.54079
-7.48948
-7.47009
-7.45166
-7.52234
-7.57986
-7.52744
-7.59454
-7.56841
-7.56683
-7.58736
-7.58092
-7.59122
-7.57821
-7.592
-7.56954
-7.56798
-7.52436
-7.50711
-7.61759
-7.53125
-7.51488
-7.53878
-7.51785
-7.49837
-7.45104
-7.48449
-7.48268
-7.57997
-7.62452
-7.55563
-7.50389
-7.52211
-7.55576
-7.52576
-7.49043
-7.50093
-7.56154
-7.56137
-7.54029
-7.43569
-7.52628
-7.61164
-7.54396
-7.58858
-7.57733
-7.60947
-7.60448
-7.60294
-7.55299
-7.59523
-7.42153
-7.41413
-7.41908
-7.53675
-7.56119
-7.51588
-7.51416
-7.51452
-7.54929
-7.58486
-7.49936
-7.45005
-7.52967
-7.52651
-7.46307
-7.49832
-7.44937
-7.46602
-7.41338
-7.54006
-7.60802
-7.58234
-7.63566
-7.61395
-7.62541
-7.64361
-7.60105
-7.51917
-7.52626
-7.5001
-7.51982
-7.56687
-7.57897
-7.57063
-7.62229
-7.55031
-7.54472
-7.56842
-7.64877
-7.67718
-7.69515
-7.72736
-7.69557
-7.70026
-7.70361
-7.67669
-7.58896
-7.54651
-7.55082
-7.56322
-7.45601
-7.44111
-7.53655
-7.57516
-7.5389
-7.56285
-7.5712
-7.54484
-7.5162
-7.53723
-7.46406
-7.43654
-7.45475
-7.5257
-7.59587
-7.62474
-7.63514
-7.58871
-7.59889
-7.52786
-7.53611
-7.5486
-7.47664
-7.54094
-7.58658
-7.58455
-7.58869
-7.48635
-7.48178
-7.46967
-7.43217
-7.45904
-7.4312
-7.40902
-7.46659
-7.42875
-7.43698
-7.43117
-7.49571
-7.46678
-7.52131
-7.55338
-7.58154
-7.54297
-7.61214
-7.59444
-7.69507
-7.63723
-7.63567
-7.62473
-7.63009
-7.63205
-7.56151
-7.56881
-7.51915
-7.63221
-7.65708
-7.65623
-7.72787
-7.71001
-7.66294
-7.72015
-7.69896
-7.71625
-7.68908
-7.70283
-7.72198
-7.71795
-7.69111
-7.73465
-7.72869
-7.75432
-7.66066
-7.65325
-7.65377
-7.655
-7.59725
-7.59565
-7.60925
-7.6072
-7.57681
-7.57078
-7.60419
-7.53995
-7.61368
-7.54525
-7.53129
-7.52441
-7.49258
-7.52179
-7.48384
-7.48598
-7.43342
-7.44943
-7.46401
-7.44927
-7.51662
-7.58083
-7.60788
-7.64699
-7.59303
-7.62557
-7.61457
-7.60579
-7.66622
-7.61522
-7.63682
-7.72585
-7.65924
-7.6249
-7.62196
-7.54099
-7.57568
-7.65388
-7.60839
-7.6001
-7.56231
-7.50755
-7.54664
-7.56473
-7.54234
-7.50527
-7.51392
-7.50422
-7.53905
-7.60654
-7.65685
-7.69152
-7.74204
-7.69137
-7.65515
-7.57566
-7.59646
-7.58776
-7.66606
-7.6156
-7.55871
-7.56176
-7.51981
-7.51098
-7.46374
-7.4728
-7.60696
-7.63586
-7.65511
-7.68167
-7.64881
-7.58119
-7.67717
-7.61513
-7.56109
-7.64068
-7.49522
-7.53262
-7.45714
-7.48273
-7.58014
-7.62005
-7.52996
-7.47523
-7.48333
-7.50754
-7.49756
-7.50916
-7.46783
-7.51739
-7.4953
-7.45211
-7.53394
-7.59316
-7.67778
-7.65964
-7.66276
-7.6235
-7.59631
-7.58752
-7.63091
-7.60505
-7.5958
-7.61666
-7.65321
-7.61782
-7.52837
-7.45531
-7.49684
-7.49405
-7.49531
-7.47832
-7.43981
-7.52206
-7.50934
-7.5615
-7.52336
-7.558
-7.63098
-7.63898
-7.63282
-7.62241
-7.64838
-7.60125
-7.57958
-7.58747
-7.68452
-7.64005
-7.61706
-7.63649
-7.67854
-7.70951
-7.6138
-7.6527
-7.65267
-7.5616
-7.56431
-7.50682
-7.52339
-7.44663
-7.50164
-7.50321
-7.50992
-7.49797
-7.53302
-7.44475
-7.46715
-7.51128
-7.48637
-7.49416
-7.44398
-7.4146
-7.49697
-7.44593
-7.36789
-7.33648
-7.33919
-7.3406
-7.43802
-7.43068
-7.56828
-7.53412
-7.48746
-7.48796
-7.46908
-7.44912
-7.46037
-7.39456
-7.44932
-7.56452
-7.50781
-7.49064
-7.51497
-7.48748
-7.52793
-7.54913
-7.57377
-7.54824
-7.59702
-7.51174
-7.48238
-7.42671
-7.42993
-7.43459
-7.48848
-7.5273
-7.55957
-7.65398
-7.59645
-7.59981
-7.54315
-7.46602
-7.47817
-7.46533
-7.46686
-7.44329
-7.45758
-7.3949
-7.35652
-7.40284
-7.46442
-7.42817
-7.3191
-7.33168
-7.34875
-7.38338
-7.41582
-7.37395
-7.44993
-7.39562
-7.40325
-7.41336
-7.39418
-7.33951
-7.35178
-7.43336
-7.48189
-7.45082
-7.49973
-7.4757
-7.47479
-7.4416
-7.46189
-7.50415
-7.5309
-7.5919
-7.56012
-7.65064
-7.64619
-7.61742
-7.50683
-7.53927
-7.51163
-7.5202
-7.49824
-7.52578
-7.54566
-7.61688
-7.66995
-7.60003
-7.5923
-7.61872
-7.62163
-7.60081
-7.60354
-7.59944
-7.59811
-7.64447
-7.62645
-7.58048
-7.52001
-7.57445
-7.54208
-7.56687
-7.49463
-7.39419
-7.3664
-7.49773
-7.5175
-7.53628
-7.61442
-7.64322
-7.62495
-7.60577
-7.66549
-7.57325
-7.56538
-7.5035
-7.59592
-7.60819
-7.60928
-7.66765
-7.51192
-7.53439
-7.47226
-7.47679
-7.50348
-7.50577
-7.53266
-7.58119
-7.54153
-7.45299
-7.42511
-7.49675
-7.48579
-7.53959
-7.58417
-7.64141
-7.63225
-7.6524
-7.66517
-7.73647
-7.70914
-7.65394
-7.61504
-7.6286
-7.6034
-7.52984
-7.55774
-7.62255
-7.65251
-7.65182
-7.60093
-7.52751
-7.544
-7.61109
-7.57121
-7.51419
-7.6087
-7.54593
-7.57584
-7.59778
-7.59919
-7.62986
-7.62977
-7.67007
-7.56523
-7.63636
-7.64672
-7.65242
-7.62624
-7.55276
-7.51678
-7.47237
-7.42285
-7.47651
-7.46938
-7.44421
-7.53379
-7.55533
-7.5607
-7.57532
-7.47174
-7.54862
-7.58158
-7.64698
-7.62736
-7.58468
-7.53414
-7.55757
-7.50958
-7.55669
-7.57486
-7.56812
-7.54086
-7.55607
-7.52802
-7.58498
-7.51973
-7.45212
-7.35466
-7.29975
-7.25252
-7.32449
-7.32257
-7.42543
-7.40188
-7.41031
-7.43984
-7.43739
-7.42371
-7.4808
-7.46002
-7.44568
-7.4148
-7.47605
-7.43954
-7.46591
-7.51627
-7.4925
-7.52867
-7.52771
-7.59089
-7.57832
-7.59329
-7.63495
-7.60634
-7.59567
-7.58996
-7.54308
-7.56876
-7.55845
-7.5287
-7.56664
-7.57484
-7.60014
-7.53258
-7.53333
-7.52705
-7.51894
-7.57354
-7.61353
-7.62917
-7.56328
-7.59714
-7.55557
-7.53566
-7.60609
-7.63123
-7.58072
-7.53998
-7.54953
-7.4699
-7.41766
-7.46649
-7.51528
-7.45771
-7.47743
-7.42494
-7.39535
-7.37555
-7.45701
-7.44731
-7.35299
-7.30809
-7.35799
-7.36057
-7.36016
-7.40516
-7.40231
-7.37991
-7.34685
-7.38425
-7.4915
-7.42387
-7.51133
-7.44854
-7.39577
-7.42585
-7.44344
-7.50391
-7.50097
-7.49071
-7.47187
-7.4018
-7.49381
-7.40731
-7.39538
-7.37015
-7.35
-7.39372
-7.32039
-7.40016
-7.32073
-7.37356
-7.43699
-7.44321
-7.43449
-7.46519
-7.43872
-7.42353
-7.47318
-7.50087
-7.58835
-7.4786
-7.4446
-7.44695
-7.45734
-7.40724
-7.55291
-7.62121
-7.59996
-7.60967
-7.64895
-7.65285
-7.63854
-7.60326
-7.57247
-7.60796
-7.66001
-7.57222
-7.55004
-7.61185
-7.58345
-7.55439
-7.51924
-7.55456
-7.60081
-7.60227
-7.53276
-7.59206
-7.51041
-7.52561
-7.45193
-7.44339
-7.5308
-7.4862
-7.48698
-7.49511
-7.54482
-7.53727
-7.48573
-7.48715
-7.46732
-7.54726
-7.56216
-7.50959
-7.5089
-7.5291
-7.53353
-7.4778
-7.47238
-7.45678
-7.46419
-7.47027
-7.50287
-7.43553
-7.37254
-7.38327
-7.42203
-7.40626
-7.37434
-7.36059
-7.37188
-7.41405
-7.46369
-7.52031
-7.59656
-7.59848
-7.50541
-7.45905
-7.49929
-7.56252
-7.57064
-7.52538
-7.58022
-7.62502
-7.59159
-7.57028
-7.55813
-7.54358
-7.53551
-7.50946
-7.46537
-7.49246
-7.50778
-7.41838
-7.40319
-7.40555
-7.36531
-7.43071
-7.49948
-7.57272
-7.60549
-7.55206
-7.57994
-7.55369
-7.4394
-7.55764
-7.44372
-7.39197
-7.39625
-7.48012
-7.52231
-7.49777
-7.57781
-7.63672
-7.66564
-7.70653
-7.65467
-7.67149
-7.64736
-7.65264
-7.62656
-7.65138
-7.71994
-7.61958
-7.56673
-7.53103
-7.54344
-7.67019
-7.59752
-7.55324
-7.55578
-7.57208
-7.52124
-7.64259
-7.6148
-7.56322
-7.54114
-7.54505
-7.59174
-7.59343
-7.64432
-7.66453
-7.68187
-7.72421
-7.74407
-7.6553
-7.73516
-7.6829
-7.66589
-7.60721
-7.62766
-7.58646
-7.527
-7.565
-7.61418
-7.60252
-7.65676
-7.64898
-7.657
-7.6291
-7.6572
-7.54638
-7.54454
-7.56086
-7.56877
-7.60638
-7.60075
-7.57988
-7.56846
-7.57364
-7.58175
-7.5642
-7.52943
-7.57673
-7.62247
-7.54693
-7.51524
-7.55877
-7.58273
-7.57631
-7.60691
-7.54751
-7.59927
-7.62283
-7.65132
-7.5669
-7.61337
-7.55283
-7.52031
-7.44625
-7.51258
-7.47606
-7.49477
-7.55376
-7.6477
-7.61595
-7.58528
-7.5633
-7.56236
-7.56287
-7.52205
-7.56634
-7.5824
-7.51369
-7.56308
-7.58516
-7.5597
-7.54606
-7.55167
-7.5625
-7.6571
-7.64848
-7.56325
-7.49685
-7.47935
-7.50228
-7.53611
-7.62603
-7.62529
-7.67147
-7.62089
-7.58162
-7.49263
-7.48304
-7.48348
-7.38157
-7.40763
-7.39155
-7.40242
-7.46483
-7.47562
-7.46138
-7.48278
-7.48682
-7.46548
-7.42699
-7.46075
-7.45836
-7.46123
-7.3821
-7.3849
-7.43739
-7.43047
-7.4918
-7.51637
-7.43368
-7.4155
-7.31242
-7.39818
-7.44548
-7.4175
-7.49162
-7.46248
-7.40166
-7.44956
-7.55704
-7.5577
-7.52928
-7.4933
-7.45075
-7.46356
-7.46517
-7.49564
-7.42752
-7.42572
-7.44879
-7.34987
-7.38916
-7.40502
-7.44352
-7.39684
-7.52392
-7.5142
-7.48286
-7.45639
-7.5082
-7.54033
-7.53083
-7.513
-7.49852
-7.44657
-7.45297
-7.47227
-7.52368
-7.5065
-7.49789
-7.57879
-7.54268
-7.62132
-7.48453
-7.47166
-7.44261
-7.41823
-7.48827
-7.41876
-7.46162
-7.53698
-7.59622
-7.58262
-7.56417
-7.60613
-7.55619
-7.44896
-7.38618
-7.45231
-7.51709
-7.46053
-7.38529
-7.32989
-7.34837
-7.33996
-7.3341
-7.40992
-7.46352
-7.42682
-7.35158
-7.35796
-7.32232
-7.31382
-7.31423
-7.26273
-7.30902
-7.29859
-7.26119
-7.26972
-7.36571
-7.28341
-7.25574
-7.28846
-7.24799
-7.32408
-7.38069
-7.3598
-7.38588
-7.2906
-7.34899
-7.34707
-7.37172
-7.31249
-7.31073
-7.42899
-7.41341
-7.42649
-7.51173
-7.50671
-7.53403
-7.49409
-7.50049
-7.45248
-7.49205
-7.45932
-7.44956
-7.44751
-7.44888
-7.46703
-7.55727
-7.51391
-7.59083
-7.58181
-7.61376
-7.60726
-7.60193
-7.52091
-7.57532
-7.5911
-7.64023
-7.56384
-7.54742
-7.59387
-7.69457
-7.65513
-7.6142
-7.54164
-7.62533
-7.6169
-7.49741
-7.53612
-7.56173
-7.54165
-7.54495
-7.60091
-7.56276
-7.54634
-7.54156
-7.54866
-7.56672
-7.55158
-7.58585
-7.59371
-7.60249
-7.45288
-7.44474
-7.50704
-7.52206
-7.40335
-7.50993
-7.48665
-7.52972
-7.54065
-7.52195
-7.60587
-7.62829
-7.62987
-7.624
-7.62675
-7.60029
-7.61705
-7.59521
-7.59706
-7.66339
-7.71197
-7.76176
-7.71806
-7.65645
-7.663
-7.52822
-7.52583
-7.45729
-7.48796
-7.47994
-7.50037
-7.48309
-7.51683
-7.50305
-7.40948
-7.42869
-7.47764
-7.54178
-7.49777
-7.43057
-7.48642
-7.49908
-7.50365
-7.46782
-7.49476
-7.50165
-7.51973
-7.56821
-7.47654
-7.48499
-7.50411
-7.55732
-7.54043
-7.52122
-7.49999
-7.5442
-7.58384
-7.62249
-7.6635
-7.57011
-7.62505
-7.57997
-7.59115
-7.49283
-7.45172
-7.53697
-7.45199
-7.49754
-7.47083
-7.50512
-7.55074
-7.52632
-7.56602
-7.52265
-7.53645
-7.5159
-7.45474
-7.46826
-7.41615
-7.46122
-7.45059
-7.52559
-7.52135
-7.4224
-7.35627
-7.36854
-7.36641
-7.45614
-7.51991
-7.55111
-7.59494
-7.48322
-7.43673
-7.4057
-7.4001
-7.44627
-7.48194
-7.43241
-7.40757
-7.38118
-7.38011
-7.38091
-7.34304
-7.36931
-7.48129
-7.52477
-7.52093
-7.55799
-7.61325
-7.66462
-7.64419
-7.60268
-7.57649
-7.52778
-7.56827
-7.49064
-7.48501
-7.42041
-7.42552
-7.49674
-7.44318
-7.40623
-7.44095
-7.52594
-7.56304
-7.51216
-7.46394
-7.46378
-7.47769
-7.53433
-7.52098
-7.48906
-7.47895
-7.50463
-7.43026
-7.49367
-7.57724
-7.64152
-7.63601
-7.60214
-7.61817
-7.60552
-7.567
-7.55901
-7.52812
-7.55354
-7.70715
-7.62536
-7.59841
-7.6548
-7.64992
-7.57015
-7.56978
-7.62356
-7.65234
-7.68038
-7.65889
-7.66884
-7.6752
-7.58955
-7.60851
-7.57821
-7.59754
-7.55542
-7.54389
-7.5502
-7.55569
-7.58151
-7.61876
-7.60827
-7.5908
-7.56004
-7.48789
-7.48738
-7.45129
-7.44353
-7.48713
-7.5522
-7.60812
-7.68305
-7.61839
-7.63021
-7.5655
-7.56119
-7.61065
-7.6009
-7.60713
-7.61106
-7.57281
-7.5779
-7.56589
-7.55569
-7.58487
-7.63274
-7.68113
-7.63511
-7.55358
-7.6124
-7.65777
-7.7004
-7.73814
-7.7837
-7.72351
-7.75925
-7.67596
-7.58006
-7.52268
-7.54015
-7.62817
-7.64932
-7.64192
-7.64003
-7.6513
-7.63349
-7.70895
-7.63578
-7.63567
-7.62743
-7.59294
-7.5451
-7.52772
-7.59283
-7.65406
-7.66589
-7.71876
-7.70446
-7.67225
-7.69681
-7.72486
-7.73875
-7.74394
-7.74467
-7.76677
-7.70638
-7.61124
-7.61738
-7.57212
-7.53657
-7.62682
-7.58845
-7.52846
-7.54049
-7.56249
-7.51606
-7.55433
-7.58853
-7.60143
-7.59734
-7.68611
-7.6541
-7.67284
-7.67795
-7.67883
-7.69623
-7.71757
-7.65478
-7.70242
-7.72741
-7.66382
-7.60115
-7.63875
-7.57799
-7.65527
-7.63965
-7.6603
-7.60576
-7.63771
-7.56391
-7.55177
-7.52156
-7.58094
-7.60371
-7.58191
-7.60537
-7.61145
-7.60665
-7.62702
-7.59302
-7.54602
-7.57135
-7.59531
-7.53916
-7.52411
-7.56895
-7.60125
-7.51409
-7.54883
-7.58442
-7.53316
-7.57186
-7.61394
-7.58075
-7.56477
-7.53103
-7.55435
-7.48715
-7.48373
-7.46449
-7.58945
-7.6009
-7.66901
-7.66804
-7.62957
-7.60432
-7.59097
-7.59505
-7.52616
-7.59194
-7.516
-7.54289
-7.46997
-7.49833
-7.58554
-7.60603
-7.4917
-7.56257
-7.61865
-7.61782
-7.65058
-7.56115
-7.46421
-7.4724
-7.52287
-7.5246
-7.44951
-7.45187
-7.56183
-7.5866
-7.5619
-7.49117
-7.35869
-7.42497
-7.40878
-7.30035
-7.40152
-7.43047
-7.45118
-7.40535
-7.38501
-7.35321
-7.37478
-7.5
-7.46493
-7.46795
-7.46614
-7.55723
-7.56276
-7.53688
-7.47887
-7.46882
-7.42766
-7.49663
-7.43799
-7.51592
-7.54573
-7.55058
-7.59626
-7.66915
-7.63776
-7.61368
-7.59204
-7.60982
-7.61118
-7.60458
-7.55212
-7.55138
-7.56601
-7.61389
-7.60687
-7.57897
-7.51795
-7.47799
-7.49144
-7.49186
-7.56129
-7.64627
-7.67416
-7.66341
-7.62395
-7.69739
-7.74588
-7.74175
-7.74702
-7.71461
-7.72129
-7.64375
-7.65466
-7.62648
-7.61153
-7.64188
-7.64399
-7.53359
-7.43345
-7.53392
-7.55531
-7.54629
-7.52494
-7.44362
-7.48218
-7.57052
-7.52451
-7.55358
-7.61245
-7.53143
-7.57919
-7.57648
-7.48267
-7.40356
-7.3896
-7.27262
-7.30071
-7.3298
-7.39081
-7.3926
-7.47576
-7.459
-7.48942
-7.51372
-7.50608
-7.50372
-7.41474
-7.46455
-7.44719
-7.43004
-7.49175
-7.50855
-7.44476
-7.47462
-7.38706
-7.4736
-7.51309
-7.4989
-7.46856
-7.41677
-7.51597
-7.45068
-7.53916
-7.62172
-7.72577
-7.62307
-7.59176
-7.50742
-7.5275
-7.59775
-7.59417
-7.61858
-7.59626
-7.57554
-7.54764
-7.47573
-7.48217
-7.55998
-7.54442
-7.5886
-7.56979
-7.49924
-7.56027
-7.65371
-7.59905
-7.62798
-7.59611
-7.67876
-7.70861
-7.66266
-7.6051
-7.65244
-7.66736
-7.61573
-7.50676
-7.46044
-7.46032
-7.50744
-7.5398
-7.56554
-7.49129
-7.54599
-7.52523
-7.53053
-7.53008
-7.48099
-7.42952
-7.47028
-7.50277
-7.46762
-7.58171
-7.61109
-7.70229
-7.636
-7.61598
-7.53741
-7.51645
-7.58402
-7.55948
-7.55696
-7.57462
-7.57307
-7.59937
-7.64917
-7.67574
-7.71041
-7.57689
-7.68666
-7.62109
-7.59374
-7.60367
-7.56393
-7.50043
-7.62321
-7.60669
-7.57677
-7.58178
-7.62071
-7.59191
-7.59606
-7.57706
-7.5724
-7.62212
-7.61692
-7.62617
-7.65747
-7.7178
-7.716
-7.71108
-7.75068
-7.70293
-7.65985
-7.63294
-7.62127
-7.65486
-7.60638
-7.52583
-7.4567
-7.53757
-7.59767
-7.6159
-7.5997
-7.61574
-7.58551
-7.60111
-7.6528
-7.61917
-7.65966
-7.60509
-7.5401
-7.57497
-7.61281
-7.62124
-7.52586
-7.55755
-7.59181
-7.51734
-7.50637
-7.54442
-7.56391
-7.60189
-7.5886
-7.61126
-7.53986
-7.50094
-7.49588
-7.49323
-7.47055
-7.36239
-7.46162
-7.40313
-7.38516
-7.45387
-7.40018
-7.42527
-7.37642
-7.34964
-7.33199
-7.2801
-7.29981
-7.43282
-7.51072
-7.53882
-7.53488
-7.46931
-7.44209
-7.43708
-7.44682
-7.5251
-7.51947
-7.50766
-7.50969
-7.58188
-7.62096
-7.61854
-7.53891
-7.53676
-7.57607
-7.56787
-7.55844
-7.50262
-7.4905
-7.5411
-7.55773
-7.57713
-7.59435
-7.53481
-7.47858
-7.49443
-7.51289
-7.50955
-7.4973
-7.40007
-7.46667
-7.46166
-7.54158
-7.50784
-7.50583
-7.5245
-7.56218
-7.57739
-7.59895
-7.58055
-7.62239
-7.63272
-7.60943
-7.66287
-7.62406
-7.5858
-7.70655
-7.68234
-7.63658
-7.63446
-7.65479
-7.64381
-7.66892
-7.63228
-7.55421
-7.54966
-7.55483
-7.55551
-7.53092
-7.44938
-7.53485
-7.54285
-7.5522
-7.50316
-7.53894
-7.55485
-7.60875
-7.62988
-7.62089
-7.63798
-7.63536
-7.66724
-7.74981
-7.75958
-7.75417
-7.7364
-7.7121
-7.7004
-7.63339
-7.54904
-7.55794
-7.47738
-7.532
-7.5044
-7.54796
-7.52977
-7.54885
-7.57831
-7.56719
-7.50313
-7.51039
-7.58917
-7.58528
-7.50498
-7.51491
-7.52086
-7.52967
-7.49917
-7.51912
-7.54734
-7.56182
-7.6165
-7.66245
-7.56739
-7.52377
-7.52855
-7.38364
-7.42991
-7.36448
-7.38788
-7.39485
-7.50027
-7.46738
-7.42183
-7.4546
-7.55288
-7.57099
-7.49974
-7.47379
-7.48556
-7.5272
-7.46801
-7.46591
-7.57236
-7.58726
-7.60566
-7.54434
-7.58423
-7.4583
-7.4742
-7.53676
-7.58358
-7.58836
-7.54255
-7.45439
-7.54458
-7.49504
-7.516
-7.48766
-7.40069
-7.39976
-7.43594
-7.50968
-7.46451
-7.49877
-7.51134
-7.47969
-7.50646
-7.4771
-7.46849
-7.5479
-7.58024
-7.58613
-7.62381
-7.69128
-7.65634
-7.66001
-7.68258
-7.59224
-7.61778
-7.56705
-7.52313
-7.45786
-7.44079
-7.42502
-7.45025
-7.5419
-7.61397
-7.67965
-7.62158
-7.62713
-7.62537
-7.6003
-7.57922
-7.54582
-7.54539
-7.53904
-7.5429
-7.50626
-7.52133
-7.52913
-7.59929
-7.64316
-7.63014
-7.67508
-7.60906
-7.55144
-7.62345
-7.59766
-7.59094
-7.61927
-7.68216
-7.62095
-7.62585
-7.59801
-7.60542
-7.58469
-7.55111
-7.59669
-7.6232
-7.60587
-7.58017
-7.63278
-7.59115
-7.65179
-7.5954
-7.53241
-7.53858
-7.56073
-7.61191
-7.63926
-7.63543
-7.62736
-7.57631
-7.54592
-7.50505
-7.51309
-7.57287
-7.5171
-7.50612
-7.51556
-7.50475
-7.54666
-7.50087
-7.53408
-7.51245
-7.50628
-7.62245
-7.73661
-7.67467
-7.59129
-7.63605
-7.62445
-7.55117
-7.61339
-7.51329
-7.5555
-7.57344
-7.56012
-7.5624
-7.553
-7.60562
-7.62165
-7.60727
-7.5908
-7.62102
-7.57104
-7.51663
-7.37445
-7.52334
-7.53157
-7.48813
-7.56981
-7.49581
-7.53558
-7.47938
-7.57548
-7.60483
-7.61312
-7.62327
-7.58259
-7.54343
-7.55948
-7.52191
-7.46261
-7.47761
-7.52139
-7.57196
-7.57456
-7.58459
-7.58214
-7.57961
-7.56906
-7.57465
-7.51544
-7.48288
-7.54451
-7.58044
-7.561
-7.46076
-7.55824
-7.5267
-7.57073
-7.65391
-7.64814
-7.55167
-7.62519
-7.59072
-7.64094
-7.63645
-7.61375
-7.60605
-7.60175
-7.59923
-7.48267
-7.45449
-7.46222
-7.47632
-7.51865
-7.53688
-7.5023
-7.58142
-7.55534
-7.63532
-7.61339
-7.60144
-7.61851
-7.64838
-7.679
-7.68787
-7.64533
-7.59995
-7.49461
-7.49466
-7.58512
-7.58312
-7.55792
-7.4518
-7.49236
-7.51523
-7.56261
-7.49818
-7.55274
-7.59413
-7.52548
-7.48718
-7.44471
-7.52944
-7.50742
-7.58138
-7.59108
-7.67372
-7.63057
-7.60615
-7.62919
-7.62183
-7.59283
-7.55452
-7.5868
-7.58162
-7.62445
-7.64238
-7.59201
-7.61012
-7.56475
-7.54435
-7.60552
-7.57479
-7.54156
-7.56524
-7.48352
-7.46025
-7.46185
-7.36253
-7.39246
-7.61778
-7.55487
-7.47363
-7.47063
-7.51846
-7.49204
-7.44821
-7.47824
-7.5355
-7.51914
-7.55923
-7.52223
-7.49168
-7.57273
-7.59246
-7.52203
-7.55197
-7.56119
-7.6252
-7.5299
-7.57297
-7.51343
-7.58187
-7.66127
-7.61326
-7.61667
-7.67345
-7.70721
-7.67294
-7.64092
-7.6415
-7.67579
-7.70653
-7.71821
-7.6396
-7.60495
-7.6778
-7.66488
-7.67358
-7.72702
-7.68034
-7.6473
-7.58817
-7.59281
-7.59313
-7.62235
-7.58643
-7.59079
-7.48483
-7.54684
-7.56891
-7.65187
-7.6246
-7.66315
-7.71623
-7.6302
-7.67925
-7.62743
-7.60517
-7.62139
-7.56716
-7.61073
-7.58812
-7.63952
-7.56251
-7.65098
-7.62692
-7.5327
-7.54797
-7.53964
-7.56236
-7.61774
-7.57192
-7.68196
-7.61119
-7.55118
-7.58738
-7.62543
-7.56428
-7.60141
-7.65969
-7.60014
-7.55939
-7.62074
-7.58145
-7.59935
-7.63116
-7.59366
-7.58882
-7.52445
-7.47298
-7.48178
-7.54043
-7.57786
-7.57367
-7.6082
-7.60959
-7.6621
-7.60582
-7.4417
-7.48835
-7.54317
-7.60284
-7.49769
-7.61768
-7.59872
-7.60676
-7.61846
-7.54881
-7.60735
-7.59209
-7.55234
-7.61561
-7.56197
-7.62594
-7.68145
-7.61015
-7.56202
-7.48226
-7.48144
-7.56977
-7.54784
-7.50541
-7.45036
-7.47152
-7.56584
-7.51444
-7.50188
-7.49936
-7.50415
-7.46684
-7.42691
-7.42567
-7.40054
-7.34366
-7.34962
-7.32443
-7.33542
-7.37585
-7.29444
-7.29554
-7.37341
-7.36065
-7.42585
-7.40654
-7.40394
-7.35595
-7.44652
-7.46853
-7.53372
-7.48159
-7.46856
-7.47407
-7.51586
-7.48347
-7.52293
-7.44603
-7.42979
-7.39547
-7.46893
-7.45237
-7.49276
-7.50071
-7.53082
-7.54332
-7.48269
-7.46491
-7.47284
-7.46028
-7.47622
-7.39382
-7.4246
-7.38881
-7.35211
-7.39908
-7.3191
-7.28566
-7.2808
-7.31366
-7.39344
-7.40363
-7.41779
-7.41497
-7.44515
-7.37962
-7.34603
-7.36834
-7.4091
-7.40158
-7.32851
-7.27787
-7.24224
-7.29144
-7.33413
-7.40871
-7.48406
-7.45111
-7.43565
-7.39467
-7.42893
-7.47909
-7.47319
-7.47857
-7.50661
-7.54873
-7.51107
-7.4134
-7.43916
-7.50847
-7.53262
-7.48709
-7.50775
-7.54751
-7.61609
-7.55498
-7.53885
-7.52211
-7.50825
-7.60564
-7.56767
-7.54244
-7.51236
-7.42415
-7.41859
-7.42406
-7.41327
-7.43017
-7.41803
-7.36005
-7.42253
-7.45481
-7.43452
-7.53653
-7.50991
-7.4908
-7.45054
-7.48645
-7.46169
-7.52257
-7.45473
-7.4443
-7.46088
-7.38277
-7.2656
-7.35099
-7.33666
-7.32573
-7.35226
-7.50874
-7.55574
-7.59696
-7.64861
-7.65782
-7.65696
-7.65745
-7.60962
-7.55748
-7.55087
-7.53469
-7.57755
-7.59255
-7.55217
-7.45602
-7.53189
-7.38009
-7.43554
-7.50268
-7.45494
-7.38116
-7.4389
-7.38944
-7.35711
-7.32064
-7.32007
-7.38597
-7.41351
-7.37236
-7.41241
-7.38007
-7.39097
-7.46134
-7.49181
-7.43577
-7.46816
-7.48564
-7.57322
-7.51242
-7.52622
-7.52256
-7.47415
-7.50636
-7.45093
-7.36389
-7.39324
-7.41449
-7.47371
-7.47448
-7.5034
-7.52129
-7.59752
-7.55417
-7.4989
-7.58286
-7.61207
-7.58097
-7.45292
-7.43883
-7.40867
-7.4202
-7.39176
-7.41802
-7.41245
-7.43914
-7.46546
-7.46789
-7.48355
-7.57054
-7.51432
-7.40647
-7.46203
-7.51394
-7.54154
-7.59726
-7.51465
-7.56351
-7.51567
-7.56637
-7.61986
-7.61237
-7.56575
-7.49451
-7.56415
-7.60597
-7.53885
-7.53899
-7.47929
-7.48594
-7.52999
-7.48049
-7.50566
-7.5454
-7.56589
-7.60339
-7.56213
-7.6075
-7.60926
-7.63767
-7.66101
-7.64513
-7.6351
-7.65714
-7.60659
-7.64163
-7.67693
-7.63015
-7.64102
-7.71035
-7.63628
-7.5228
-7.53816
-7.5957
-7.58047
-7.57727
-7.57161
-7.58564
-7.59884
-7.54408
-7.56659
-7.60977
-7.63754
-7.67062
-7.71898
-7.70419
-7.76802
-7.73596
-7.68614
-7.74934
-7.77295
-7.71745
-7.72001
-7.69565
-7.63806
-7.64177
-7.61749
-7.5905
-7.5815
-7.55739
-7.52674
-7.51977
-7.56747
-7.55738
-7.54865
-7.56592
-7.48633
-7.46696
-7.45506
-7.48753
-7.4183
-7.48665
-7.53737
-7.47346
-7.52469
-7.49824
-7.55869
-7.54512
-7.51412
-7.49704
-7.42582
-7.45641
-7.48203
-7.47204
-7.46874
-7.53351
-7.55971
-7.53351
-7.5212
-7.4952
-7.43937
-7.37377
-7.41781
-7.42388
-7.55015
-7.55467
-7.5409
-7.5303
-7.65658
-7.70508
-7.61849
-7.56385
-7.45062
-7.47123
-7.42364
-7.48304
-7.44189
-7.38819
-7.44122
-7.49775
-7.49181
-7.48015
-7.55284
-7.50778
-7.54597
-7.52671
-7.54422
-7.54049
-7.58297
-7.54812
-7.52951
-7.55283
-7.46061
-7.4305
-7.44053
-7.46165
-7.4978
-7.44367
-7.45509
-7.55971
-7.46116
-7.42282
-7.41852
-7.38593
-7.39527
-7.41537
-7.3929
-7.36831
-7.35155
-7.39512
-7.39344
-7.473
-7.48134
-7.47346
-7.51176
-7.53215
-7.5001
-7.57498
-7.55025
-7.58699
-7.61676
-7.60202
-7.59269
-7.56539
-7.59955
-7.60744
-7.5896
-7.577
-7.53359
-7.51208
-7.51885
-7.50398
-7.4759
-7.41612
-7.41167
-7.38475
-7.44826
-7.55381
-7.58253
-7.51453
-7.48373
-7.47907
-7.42101
-7.44352
-7.42077
-7.33413
-7.36926
-7.29751
-7.32318
-7.36405
-7.39787
-7.37405
-7.41557
-7.43663
-7.49849
-7.48297
-7.52182
-7.5515
-7.39722
-7.39773
-7.34575
-7.34422
-7.41336
-7.44469
-7.45599
-7.44732
-7.52744
-7.55497
-7.58793
-7.57827
-7.62655
-7.57376
-7.48585
-7.56109
-7.5847
-7.64221
-7.55209
-7.6555
-7.65708
-7.58826
-7.60479
-7.55693
-7.55238
-7.52357
-7.58873
-7.54237
-7.52681
-7.43372
-7.41428
-7.44656
-7.50084
-7.54563
-7.57887
-7.53573
-7.46979
-7.47061
-7.53393
-7.49177
-7.53642
-7.51799
-7.48192
-7.57822
-7.53436
-7.57624
-7.56279
-7.56199
-7.45651
-7.46143
-7.43807
-7.51186
-7.46207
-7.46523
-7.44918
-7.46678
-7.43053
-7.3793
-7.42076
-7.48664
-7.49955
-7.58118
-7.59681
-7.54008
-7.51291
-7.61032
-7.59443
-7.67661
-7.71127
-7.72753
-7.70402
-7.64777
-7.71808
-7.68268
-7.62464
-7.61872
-7.69671
-7.62937
-7.64384
-7.61495
-7.54741
-7.54655
-7.52472
-7.51559
-7.53488
-7.56275
-7.63239
-7.64782
-7.6286
-7.66537
-7.64145
-7.6212
-7.54912
-7.49413
-7.4427
-7.53773
-7.55673
-7.48621
-7.45679
-7.42567
-7.44073
-7.46396
-7.52212
-7.52571
-7.57585
-7.52147
-7.51014
-7.44589
-7.43753
-7.50387
-7.49047
-7.4764
-7.5617
-7.57974
-7.55395
-7.59558
-7.52219
-7.55827
-7.5214
-7.60006
-7.60775
-7.58586
-7.57478
-7.51848
-7.54801
-7.47539
-7.51795
-7.49832
-7.49292
-7.50806
-7.47805
-7.46504
-7.45736
-7.43966
-7.53934
-7.47932
-7.51685
-7.53032
-7.56861
-7.57442
-7.58681
-7.57267
-7.63668
-7.62234
-7.55876
-7.54075
-7.54866
-7.57205
-7.63789
-7.60395
-7.58629
-7.5953
-7.62118
-7.5889
-7.60889
-7.67126
-7.67953
-7.70115
-7.62632
-7.62581
-7.68824
-7.67
-7.63041
-7.65845
-7.6291
-7.63813
-7.62856
-7.538
-7.55164
-7.54884
-7.55167
-7.5486
-7.58661
-7.56014
-7.6614
-7.66614
-7.71453
-7.6958
-7.69108
-7.64827
-7.66995
-7.65829
-7.64188
-7.57233
-7.5853
-7.58614
-7.60457
-7.57055
-7.53344
-7.45722
-7.41585
-7.47317
-7.59406
-7.60213
-7.60523
-7.61764
-7.59402
-7.56666
-7.61787
-7.70162
-7.67802
-7.67484
-7.61476
-7.53251
-7.60264
-7.61945
-7.49571
-7.56404
-7.53366
-7.597
-7.48386
-7.51599
-7.59017
-7.60683
-7.60906
-7.65092
-7.56926
-7.54099
-7.57203
-7.57247
-7.48294
-7.49483
-7.47034
-7.53454
-7.48372
-7.52413
-7.52258
-7.53129
-7.51547
-7.5356
-7.59575
-7.59349
-7.54092
-7.51784
-7.5335
-7.58329
-7.52082
-7.45189
-7.49478
-7.49881
-7.58563
-7.60279
-7.57104
-7.60143
-7.72462
-7.70104
-7.71291
-7.68636
-7.66318
-7.70442
-7.64741
-7.65108
-7.62337
-7.69312
-7.75813
-7.66923
-7.6492
-7.68134
-7.57113
-7.55133
-7.64806
-7.64596
-7.65759
-7.65072
-7.62168
-7.66031
-7.56631
-7.62769
-7.60185
-7.60286
-7.54863
-7.59861
-7.62064
-7.59301
-7.51203
-7.63441
-7.63178
-7.61086
-7.5885
-7.61698
-7.61973
-7.60702
-7.63927
-7.64228
-7.57939
-7.64927
-7.74649
-7.74665
-7.7138
-7.63712
-7.60412
-7.56174
-7.60583
-7.6777
-7.74397
-7.6853
-7.68865
-7.65409
-7.69363
-7.71984
-7.6878
-7.60752
-7.6265
-7.69773
-7.65601
-7.6533
-7.60081
-7.5478
-7.57077
-7.61208
-7.61132
-7.65857
-7.61686
-7.59159
-7.63194
-7.67456
-7.71321
-7.68992
-7.6926
-7.63116
-7.69006
-7.73429
-7.75991
-7.78348
-7.73555
-7.54874
-7.57812
-7.64902
-7.59681
-7.66849
-7.60281
-7.65772
-7.62607
-7.66375
-7.68733
-7.67201
-7.71611
-7.61305
-7.60307
-7.59818
-7.63967
-7.66148
-7.58025
-7.55908
-7.54019
-7.55803
-7.49965
-7.52565
-7.60642
-7.63228
-7.66969
-7.61808
-7.59796
-7.59126
-7.58389
-7.6451
-7.60054
-7.61841
-7.58399
-7.48449
-7.50418
-7.49108
-7.44896
-7.42024
-7.43689
-7.37533
-7.35394
-7.36614
-7.37989
-7.37366
-7.32615
-7.405
-7.46415
-7.48358
-7.458
-7.42416
-7.41116
-7.37146
-7.49946
-7.50681
-7.51351
-7.49733
-7.52647
-7.51914
-7.44369
-7.43571
-7.30287
-7.40119
-7.52846
-7.53823
-7.53002
-7.53986
-7.47308
-7.53353
-7.5034
-7.51931
-7.49303
-7.46148
-7.51399
-7.44109
-7.49581
-7.52554
-7.51769
-7.59683
-7.66907
-7.62156
-7.6227
-7.55269
-7.5448
-7.52335
-7.45194
-7.52948
-7.48514
-7.54367
-7.60343
-7.548
-7.63795
-7.61058
-7.53034
-7.55991
-7.48553
-7.43629
-7.39296
-7.31433
-7.3304
-7.35111
-7.36824
-7.34829
-7.33414
-7.35288
-7.4067
-7.34845
-7.39788
-7.39552
-7.32591
-7.30497
-7.35703
-7.38131
-7.41672
-7.39842
-7.4529
-7.51209
-7.54108
-7.588
-7.51713
-7.5725
-7.61061
-7.61386
-7.6378
-7.62319
-7.61109
-7.60421
-7.56183
-7.5654
-7.50055
-7.52471
-7.56041
-7.57926
-7.543
-7.53699
-7.50242
-7.49837
-7.4263
-7.37096
-7.47698
-7.48656
-7.43833
-7.50341
-7.51089
-7.59204
-7.62569
-7.69081
-7.68711
-7.72974
-7.69303
-7.69258
-7.61339
-7.66364
-7.63278
-7.62205
-7.63719
-7.56439
-7.61077
-7.64998
-7.57503
-7.58853
-7.54195
-7.58303
-7.62882
-7.64053
-7.63944
-7.5853
-7.49169
-7.55047
-7.58663
-7.52929
-7.47879
-7.50485
-7.53581
-7.47005
-7.49769
-7.48566
-7.46626
-7.60091
-7.53736
-7.6037
-7.58145
-7.5861
-7.57607
-7.57771
-7.67643
-7.68287
-7.73696
-7.71107
-7.69956
-7.66718
-7.57864
-7.57758
-7.5674
-7.59924
-7.59519
-7.59434
-7.62446
-7.64751
-7.65609
-7.66931
-7.61954
-7.58766
-7.58919
-7.59905
-7.60553
-7.57691
-7.60856
-7.59168
-7.56452
-7.51058
-7.51491
-7.53898
-7.61677
-7.59546
-7.60451
-7.54334
-7.67338
-7.64686
-7.61616
-7.67249
-7.61965
-7.59211
-7.49488
-7.58692
-7.5239
-7.64744
-7.62464
-7.60414
-7.61534
-7.64043
-7.49661
-7.58665
-7.47397
-7.45005
-7.49085
-7.45263
-7.50544
-7.59941
-7.56162
-7.57162
-7.60172
-7.55348
-7.44711
-7.42431
-7.42044
-7.56557
-7.60546
-7.59122
-7.60731
-7.60019
-7.6005
-7.57014
-7.57545
-7.66015
-7.60246
-7.62082
-7.62603
-7.54402
-7.54516
-7.54465
-7.63852
-7.67016
-7.66763
-7.59197
-7.60691
-7.58758
-7.61564
-7.63976
-7.59644
-7.54473
-7.5797
-7.64614
-7.70406
-7.67372
-7.69246
-7.65913
-7.72559
-7.7689
-7.7415
-7.6696
-7.61016
-7.54437
-7.60117
-7.6338
-7.61022
-7.60466
-7.59237
-7.49998
-7.54138
-7.55608
-7.5051
-7.51745
-7.52182
-7.55511
-7.52701
-7.52154
-7.53151
-7.58741
-7.59061
-7.60265
-7.60043
-7.55919
-7.54593
-7.49397
-7.52776
-7.47204
-7.42307
-7.45207
-7.54856
-7.5416
-7.52937
-7.63444
-7.62016
-7.58678
-7.56014
-7.56753
-7.57659
-7.59401
-7.64461
-7.56055
-7.53229
-7.54588
-7.63856
-7.58165
-7.47226
-7.49601
-7.49868
-7.56484
-7.66673
-7.69541
-7.67132
-7.63147
-7.63055
-7.59254
-7.57566
-7.61394
-7.62468
-7.60792
-7.63663
-7.63656
-7.67461
-7.65101
-7.63074
-7.62974
-7.63129
-7.63833
-7.61198
-7.63306
-7.5236
-7.44383
-7.55504
-7.62809
-7.63303
-7.56205
-7.58758
-7.56273
-7.61797
-7.64948
-7.63252
-7.56727
-7.53271
-7.491
-7.48408
-7.55721
-7.54888
-7.52504
-7.54469
-7.58013
-7.58294
-7.53598
-7.61234
-7.66946
-7.61611
-7.56626
-7.56445
-7.52101
-7.52368
-7.52653
-7.53738
-7.57693
-7.6133
-7.65005
-7.57676
-7.66945
-7.70717
-7.68396
-7.68824
-7.65463
-7.72911
-7.72763
-7.72161
-7.67175
-7.59411
-7.67699
-7.65684
-7.53783
-7.51688
-7.54619
-7.59255
-7.6262
-7.60046
-7.61285
-7.56451
-7.56435
-7.54692
-7.56062
-7.6573
-7.67854
-7.64134
-7.76208
-7.76865
-7.7565
-7.71257
-7.69926
-7.70347
-7.68933
-7.70441
-7.71676
-7.73635
-7.66454
-7.60606
-7.52244
-7.45467
-7.52244
-7.60794
-7.6768
-7.68654
-7.6212
-7.68594
-7.67935
-7.64913
-7.6406
-7.66842
-7.70337
-7.56918
-7.60903
-7.5633
-7.56956
-7.58886
-7.61463
-7.6106
-7.63212
-7.57369
-7.69479
-7.74873
-7.70091
-7.62862
-7.73903
-7.74332
-7.64591
-7.62446
-7.67154
-7.63473
-7.60979
-7.62389
-7.66327
-7.65333
-7.67197
-7.70276
-7.66274
-7.68185
-7.66965
-7.62747
-7.65024
-7.63526
-7.60775
-7.65326
-7.66963
-7.62388
-7.53541
-7.56895
-7.53671
-7.56122
-7.59188
-7.56815
-7.57545
-7.62807
-7.48744
-7.49359
-7.54271
-7.57083
-7.58306
-7.577
-7.47149
-7.51557
-7.6083
-7.51952
-7.5744
-7.57978
-7.5776
-7.5353
-7.46688
-7.50335
-7.50003
-7.48563
-7.48441
-7.45844
-7.45685
-7.51352
-7.51169
-7.52142
-7.45917
-7.46752
-7.42726
-7.46553
-7.47562
-7.48494
-7.4766
-7.49373
-7.55211
-7.5946
-7.60174
-7.61878
-7.65481
-7.63019
-7.63854
-7.64647
-7.52281
-7.53543
-7.44585
-7.42043
-7.39591
-7.45897
-7.50456
-7.52699
-7.43722
-7.51704
-7.50178
-7.47558
-7.54735
-7.55457
-7.60107
-7.57363
-7.48117
-7.51113
-7.49114
-7.55592
-7.61233
-7.61784
-7.50476
-7.51448
-7.56456
-7.54345
-7.53979
-7.49013
-7.57839
-7.57316
-7.56645
-7.53408
-7.50787
-7.44001
-7.43653
-7.42778
-7.45523
-7.49981
-7.42849
-7.42254
-7.43501
-7.35782
-7.46837
-7.45263
-7.40208
-7.41548
-7.38964
-7.46095
-7.45355
-7.38616
-7.44439
-7.49392
-7.5741
-7.5169
-7.51681
-7.53911
-7.50163
-7.54989
-7.59382
-7.61552
-7.59337
-7.48994
-7.56485
-7.51022
-7.45979
-7.43927
-7.41226
-7.41115
-7.40331
-7.39874
-7.42454
-7.50268
-7.55243
-7.51912
-7.52824
-7.50078
-7.57727
-7.52711
-7.47579
-7.44801
-7.45668
-7.41778
-7.41846
-7.47571
-7.43636
-7.40703
-7.45158
-7.48112
-7.47937
-7.41453
-7.42676
-7.47322
-7.49347
-7.53737
-7.48245
-7.51645
-7.43499
-7.52636
-7.55197
-7.54903
-7.50829
-7.54714
-7.48744
-7.61743
-7.66503
-7.65368
-7.63763
-7.54661
-7.58205
-7.60291
-7.58017
-7.57499
-7.58321
-7.6089
-7.58402
-7.50727
-7.45612
-7.41924
-7.35221
-7.44277
-7.45369
-7.50653
-7.50214
-7.47748
-7.48669
-7.39693
-7.38013
-7.42625
-7.45
-7.48241
-7.47887
-7.4153
-7.45658
-7.49406
-7.47506
-7.49745
-7.47121
-7.57974
-7.56436
-7.51091
-7.4958
-7.47788
-7.58968
-7.61349
-7.56567
-7.55291
-7.56492
-7.52811
-7.55413
-7.48252
-7.54645
-7.56762
-7.53411
-7.47043
-7.47307
-7.44081
-7.45612
-7.54676
-7.56073
-7.53725
-7.47244
-7.47176
-7.54971
-7.58643
-7.63913
-7.68273
-7.67579
-7.68426
-7.59964
-7.56059
-7.53816
-7.59341
-7.54116
-7.5114
-7.55004
-7.55932
-7.54702
-7.57427
-7.57821
-7.58239
-7.6344
-7.58533
-7.59714
-7.58207
-7.67632
-7.61158
-7.58214
-7.61873
-7.6781
-7.69766
-7.62848
-7.56083
-7.55166
-7.59386
-7.57165
-7.5756
-7.58792
-7.56023
-7.59749
-7.65287
-7.68305
-7.5909
-7.62323
-7.64143
-7.57274
-7.53003
-7.53744
-7.54153
-7.55453
-7.61725
-7.51942
-7.55337
-7.57391
-7.48111
-7.47863
-7.58334
-7.54206
-7.50422
-7.47415
-7.47656
-7.59322
-7.60694
-7.58481
-7.6181
-7.63187
-7.62833
-7.54989
-7.54389
-7.50828
-7.51767
-7.48615
-7.47083
-7.63846
-7.5118
-7.50798
-7.61065
-7.63012
-7.66129
-7.59087
-7.54359
-7.51827
-7.53822
-7.49224
-7.46172
-7.50124
-7.56668
-7.56937
-7.55551
-7.52839
-7.57703
-7.59092
-7.57535
-7.52623
-7.63452
-7.60235
-7.66334
-7.66149
-7.61832
-7.57917
-7.50355
-7.46497
-7.54885
-7.48181
-7.51435
-7.56734
-7.61224
-7.60221
-7.54591
-7.60793
-7.516
-7.47944
-7.47721
-7.55399
-7.46835
-7.598
-7.59762
-7.5654
-7.5049
-7.50849
-7.63453
-7.5535
-7.49532
-7.43284
-7.36941
-7.3278
-7.44041
-7.47564
-7.53182
-7.57547
-7.67289
-7.55688
-7.57713
-7.56202
-7.5913
-7.58386
-7.57657
-7.58543
-7.58579
-7.57702
-7.6126
-7.61651
-7.6737
-7.67211
-7.62381
-7.62692
-7.64123
-7.66401
-7.65244
-7.64898
-7.54935
-7.54026
-7.50627
-7.5894
-7.65332
-7.64151
-7.64154
-7.68501
-7.62508
-7.59388
-7.57955
-7.51712
-7.48702
-7.53089
-7.62113
-7.67396
-7.69138
-7.67899
-7.68774
-7.76038
-7.68474
-7.74042
-7.78827
-7.70533
-7.69658
-7.75854
-7.77263
-7.79218
-7.71378
-7.76518
-7.72008
-7.67164
-7.66085
-7.69634
-7.70469
-7.73024
-7.70537
-7.65065
-7.56758
-7.59248
-7.5814
-7.56094
-7.6368
-7.67802
-7.65341
-7.65498
-7.6839
-7.63289
-7.66403
-7.59502
-7.44994
-7.51239
-7.55932
-7.56367
-7.63432
-7.59672
-7.67155
-7.60241
-7.53559
-7.63954
-7.68858
-7.72269
-7.67674
-7.62863
-7.64672
-7.65951
-7.68707
-7.68052
-7.63695
-7.62567
-7.6657
-7.56567
-7.60761
-7.6073
-7.57263
-7.6485
-7.52406
-7.5199
-7.60099
-7.49689
-7.51774
-7.51996
-7.55045
-7.58745
-7.53325
-7.49191
-7.52399
-7.57442
-7.58506
-7.58134
-7.58153
-7.51909
-7.47883
-7.52098
-7.53389
-7.47289
-7.4632
-7.41315
-7.47208
-7.52606
-7.54575
-7.56064
-7.6653
-7.69073
-7.68926
-7.65617
-7.67811
-7.69925
-7.61954
-7.52979
-7.48734
-7.49096
-7.46505
-7.44797
-7.48863
-7.44119
-7.53041
-7.58087
-7.60509
-7.52424
-7.571
-7.57667
-7.61117
-7.51608
-7.62488
-7.58349
-7.57435
-7.57715
-7.56652
-7.49803
-7.44741
-7.50339
-7.60244
-7.60386
-7.57852
-7.53984
-7.60223
-7.62974
-7.59296
-7.64604
-7.61659
-7.63789
-7.61224
-7.62498
-7.62778
-7.60502
-7.57438
-7.51455
-7.54752
-7.57304
-7.49073
-7.41809
-7.39051
-7.41256
-7.46781
-7.5094
-7.51307
-7.46137
-7.53657
-7.54186
-7.51533
-7.58965
-7.58504
-7.61013
-7.63034
-7.65179
-7.60437
-7.63084
-7.60605
-7.51936
-7.53803
-7.61357
-7.58504
-7.56638
-7.6218
-7.55123
-7.56971
-7.50638
-7.40416
-7.49796
-7.57012
-7.50169
-7.51786
-7.60871
-7.5873
-7.48098
-7.47481
-7.5688
-7.53508
-7.58515
-7.54445
-7.53274
-7.5588
-7.54711
-7.58802
-7.6287
-7.64593
-7.6398
-7.66054
-7.6168
-7.59346
-7.5362
-7.55717
-7.47232
-7.50411
-7.53202
-7.47618
-7.44697
-7.46426
-7.41483
-7.42266
-7.45105
-7.47123
-7.55447
-7.5468
-7.48286
-7.57742
-7.61476
-7.5834
-7.55354
-7.55477
-7.58108
-7.48399
-7.48721
-7.43497
-7.44725
-7.38222
-7.46813
-7.46669
-7.45903
-7.43975
-7.4708
-7.37833
-7.4037
-7.38906
-7.3584
-7.34228
-7.42901
-7.40839
-7.36675
-7.30769
-7.36797
-7.4495
-7.47547
-7.43671
-7.42557
-7.42895
-7.39729
-7.30589
-7.34173
-7.37914
-7.43809
-7.42438
-7.49554
-7.56157
-7.52431
-7.58399
-7.57917
-7.5657
-7.56898
-7.5847
-7.58599
-7.59071
-7.66156
-7.64043
-7.69182
-7.67911
-7.66523
-7.61086
-7.5735
-7.57759
-7.60837
-7.55134
-7.53373
-7.51707
-7.46622
-7.49284
-7.59478
-7.55769
-7.57861
-7.47791
-7.56158
-7.58058
-7.58894
-7.52872
-7.54489
-7.46809
-7.46232
-7.42868
-7.426
-7.43916
-7.44544
-7.47198
-7.48452
-7.4546
-7.47856
-7.4971
-7.52363
-7.62343
-7.60824
-7.62654
-7.5933
-7.63164
-7.64043
-7.58525
-7.59548
-7.65226
-7.55831
-7.60911
-7.56068
-7.51607
-7.48898
-7.48384
-7.47185
-7.42416
-7.37571
-7.42067
-7.40191
-7.46595
-7.51783
-7.48576
-7.57536
-7.52867
-7.60182
-7.52791
-7.47878
-7.45173
-7.38227
-7.40783
-7.48633
-7.494
-7.42473
-7.44817
-7.37496
-7.44065
-7.36851
-7.41304
-7.43196
-7.48947
-7.54664
-7.4613
-7.5167
-7.58244
-7.61312
-7.56982
-7.54357
-7.50204
-7.5207
-7.51083
-7.52508
-7.5929
-7.58272
-7.56259
-7.50141
-7.48756
-7.46428
-7.39993
-7.4243
-7.43861
-7.43711
-7.43607
-7.40213
-7.45692
-7.46434
-7.42843
-7.42648
-7.41827
-7.42234
-7.45831
-7.47593
-7.50343
-7.45355
-7.41276
-7.4547
-7.54883
-7.58584
-7.51767
-7.55815
-7.56381
-7.46456
-7.44663
-7.43074
-7.47387
-7.45699
-7.47507
-7.48404
-7.39075
-7.38922
-7.36711
-7.35992
-7.33026
-7.30364
-7.3053
-7.34031
-7.37207
-7.37386
-7.35808
-7.34185
-7.35883
-7.3629
-7.39256
-7.46586
-7.40629
-7.26903
-7.33207
-7.38907
-7.40069
-7.47078
-7.53705
-7.54024
-7.51593
-7.48893
-7.47463
-7.4739
-7.43069
-7.50405
-7.52222
-7.5851
-7.55287
-7.66982
-7.57693
-7.63571
-7.56967
-7.42514
-7.40977
-7.48436
-7.46594
-7.44802
-7.57672
-7.50811
-7.54014
-7.48033
-7.45265
-7.4909
-7.54864
-7.55066
-7.63684
-7.64758
-7.64779
-7.62504
-7.62741
-7.56676
-7.56573
-7.65711
-7.55681
-7.59717
-7.61375
-7.56905
-7.55392
-7.50592
-7.59545
-7.59846
-7.55051
-7.60642
-7.66684
-7.56379
-7.55645
-7.46244
-7.46197
-7.47765
-7.42998
-7.50415
-7.51512
-7.48641
-7.4892
-7.49489
-7.49212
-7.44595
-7.46817
-7.47594
-7.50266
-7.50279
-7.39794
-7.39662
-7.51521
-7.54834
-7.57544
-7.53494
-7.62048
-7.62553
-7.6165
-7.61748
-7.60472
-7.65248
-7.60419
-7.6041
-7.6349
-7.62969
-7.63011
-7.61234
-7.66017
-7.5706
-7.56587
-7.54661
-7.48449
-7.60158
-7.66335
-7.59307
-7.58842
-7.7048
-7.73071
-7.62147
-7.60862
-7.59358
-7.62934
-7.58903
-7.56696
-7.58292
-7.56206
-7.55102
-7.54488
-7.50199
-7.47605
-7.52448
-7.57188
-7.59684
-7.5981
-7.52723
-7.52812
-7.59794
-7.63026
-7.55361
-7.59274
-7.64507
-7.58734
-7.62549
-7.5702
-7.61666
-7.63132
-7.64816
-7.5972
-7.5495
-7.50397
-7.4977
-7.48932
-7.50701
-7.54255
-7.57879
-7.49643
-7.52488
-7.45984
-7.51287
-7.49169
-7.3778
-7.4734
-7.469
-7.3953
-7.44761
-7.48791
-7.51971
-7.52933
-7.43567
-7.46395
-7.46161
-7.48386
-7.49839
-7.57343
-7.57028
-7.53114
-7.53696
-7.64446
-7.57445
-7.59761
-7.54186
-7.49809
-7.54637
-7.54052
-7.58118
-7.57823
-7.52717
-7.45849
-7.45752
-7.48811
-7.56445
-7.53768
-7.49503
-7.54467
-7.48666
-7.55132
-7.5452
-7.49983
-7.49769
-7.48611
-7.54892
-7.53724
-7.52933
-7.55516
-7.56838
-7.65329
-7.62405
-7.70798
-7.74357
-7.66617
-7.65141
-7.67379
-7.66903
-7.64807
-7.57756
-7.48605
-7.43794
-7.52771
-7.54962
-7.54065
-7.50342
-7.48124
-7.46855
-7.46249
-7.52966
-7.51537
-7.58204
-7.58781
-7.63852
-7.65661
-7.71352
-7.67321
-7.67596
-7.66883
-7.69035
-7.7426
-7.71493
-7.76151
-7.71303
-7.70127
-7.71377
-7.76474
-7.75238
-7.75045
-7.76073
-7.69664
-7.66325
-7.66641
-7.67895
-7.65658
-7.67136
-7.70719
-7.67712
-7.62412
-7.59387
-7.57159
-7.45956
-7.60585
-7.60364
-7.58744
-7.58028
-7.47344
-7.57999
-7.54003
-7.57261
-7.5843
-7.55234
-7.56738
-7.51109
-7.49751
-7.52777
-7.54424
-7.60935
-7.55779
-7.44702
-7.41978
-7.41762
-7.40675
-7.3895
-7.36431
-7.36777
-7.40438
-7.44351
-7.4676
-7.4346
-7.40348
-7.44084
-7.36088
-7.35208
-7.48458
-7.49592
-7.58951
-7.59489
-7.67575
-7.66046
-7.54258
-7.52786
-7.52213
-7.4924
-7.48893
-7.4614
-7.44741
-7.4735
-7.54452
-7.57837
-7.48544
-7.45767
-7.33641
-7.39412
-7.46962
-7.47868
-7.42843
-7.52539
-7.49606
-7.42035
-7.48483
-7.53939
-7.5975
-7.5976
-7.56246
-7.58365
-7.61385
-7.61624
-7.60353
-7.62664
-7.65114
-7.64524
-7.6864
-7.65532
-7.6956
-7.67555
-7.74314
-7.76734
-7.74156
-7.75778
-7.69153
-7.66242
-7.61168
-7.67401
-7.71502
-7.60305
-7.59315
-7.58205
-7.52716
-7.62531
-7.61033
-7.57589
-7.65318
-7.63411
-7.70846
-7.71616
-7.65947
-7.66684
-7.7519
-7.80496
-7.78252
-7.81556
-7.81048
-7.75433
-7.75706
-7.70122
-7.6762
-7.70606
-7.75097
-7.772
-7.74831
-7.80457
-7.78532
-7.70115
-7.64104
-7.67678
-7.66519
-7.63924
-7.70753
-7.71557
-7.61819
-7.61313
-7.56896
-7.54655
-7.57794
-7.52768
-7.546
-7.49098
-7.53184
-7.55989
-7.47961
-7.52217
-7.53967
-7.43954
-7.44909
-7.47502
-7.42592
-7.49128
-7.48673
-7.42707
-7.40012
-7.50061
-7.47627
-7.5266
-7.65326
-7.68186
-7.58944
-7.57339
-7.62917
-7.57992
-7.56786
-7.59648
-7.58161
-7.57618
-7.50534
-7.4756
-7.4758
-7.54367
-7.62566
-7.67396
-7.65519
-7.68146
-7.67746
-7.75379
-7.74653
-7.71705
-7.60753
-7.66253
-7.64888
-7.69246
-7.74714
-7.68504
-7.62359
-7.64357
-7.60843
-7.63747
-7.60641
-7.52379
-7.61275
-7.5737
-7.58927
-7.54409
-7.58384
-7.63696
-7.57172
-7.61619
-7.61364
-7.58883
-7.64205
-7.65024
-7.65852
-7.69334
-7.58114
-7.67057
-7.60872
-7.59892
-7.71766
-7.68986
-7.65707
-7.67034
-7.673
-7.72025
-7.6599
-7.59091
-7.60467
-7.63872
-7.55492
-7.60891
-7.60752
-7.64871
-7.56796
-7.59086
-7.53159
-7.53729
-7.57856
-7.54997
-7.54687
-7.51372
-7.49209
-7.46649
-7.40956
-7.43942
-7.40571
-7.40658
-7.48974
-7.5004
-7.42323
-7.46524
-7.35372
-7.42261
-7.43935
-7.4981
-7.50069
-7.49714
-7.51182
-7.55937
-7.62287
-7.66889
-7.61207
-7.54373
-7.4384
-7.50626
-7.58188
-7.59559
-7.58057
-7.54771
-7.56825
-7.4931
-7.53139
-7.60736
-7.59083
-7.69533
-7.6294
-7.61875
-7.69586
-7.65958
-7.63053
-7.58658
-7.64802
-7.6727
-7.62681
-7.65665
-7.5882
-7.55427
-7.55537
-7.54852
-7.55363
-7.54638
-7.53187
-7.52549
-7.49041
-7.4898
-7.51742
-7.56914
-7.60295
-7.60447
-7.55475
-7.57244
-7.54994
-7.57573
-7.54431
-7.57879
-7.55918
-7.66763
-7.60321
-7.57902
-7.58698
-7.59177
-7.57821
-7.51855
-7.59575
-7.58576
-7.5932
-7.55326
-7.48175
-7.49766
-7.50726
-7.44647
-7.49815
-7.44993
-7.48091
-7.56411
-7.61534
-7.62706
-7.597
-7.57987
-7.58367
-7.53674
-7.5388
-7.547
-7.52023
-7.56257
-7.58059
-7.61762
-7.58099
-7.55865
-7.58024
-7.48884
-7.48034
-7.50287
-7.50939
-7.47206
-7.49316
-7.53978
-7.59751
-7.57127
-7.57981
-7.59212
-7.60113
-7.56858
-7.62626
-7.67609
-7.64113
-7.65075
-7.71913
-7.67223
-7.6162
-7.62097
-7.5815
-7.59672
-7.57957
-7.58745
-7.59874
-7.58857
-7.6166
-7.59095
-7.54374
-7.53914
-7.52474
-7.57005
-7.53362
-7.51422
-7.5281
-7.58754
-7.55145
-7.57225
-7.54755
-7.6097
-7.64938
-7.58257
-7.58889
-7.59277
-7.61579
-7.56908
-7.63908
-7.64329
-7.63434
-7.69755
-7.64055
-7.68362
-7.65893
-7.66083
-7.59572
-7.59771
-7.49458
-7.46983
-7.57163
-7.56735
-7.60474
-7.56579
-7.60882
-7.65296
-7.66544
-7.67358
-7.74009
-7.63086
-7.66807
-7.63727
-7.62137
-7.55834
-7.61094
-7.55902
-7.57223
-7.64476
-7.60125
-7.6461
-7.69032
-7.67014
-7.62524
-7.56089
-7.60378
-7.60545
-7.5727
-7.56008
-7.5994
-7.51359
-7.55758
-7.60559
-7.48313
-7.41824
-7.43456
-7.48474
-7.49538
-7.5152
-7.45648
-7.48118
-7.46051
-7.53089
-7.52135
-7.51053
-7.5464
-7.49788
-7.53524
-7.49931
-7.46376
-7.43379
-7.39117
-7.4211
-7.43517
-7.42245
-7.43769
-7.46527
-7.51978
-7.50383
-7.55749
-7.58978
-7.60503
-7.618
-7.54202
-7.49608
-7.65782
-7.6407
-7.55814
-7.5022
-7.4793
-7.43133
-7.40546
-7.41888
-7.44762
-7.48618
-7.50107
-7.59038
-7.56298
-7.60355
-7.50647
-7.53791
-7.50282
-7.51702
-7.4997
-7.53246
-7.55783
-7.48151
-7.49953
-7.57718
-7.61033
-7.56384
-7.51637
-7.49959
-7.48202
-7.52753
-7.45134
-7.50766
-7.50912
-7.50228
-7.53951
-7.5171
-7.48351
-7.52817
-7.48266
-7.40443
-7.46146
-7.47525
-7.49733
-7.48195
-7.44573
-7.48898
-7.53861
-7.5619
-7.53772
-7.53113
-7.55442
-7.53781
-7.50639
-7.5216
-7.4644
-7.51985
-7.55682
-7.52306
-7.58889
-7.61838
-7.60755
-7.5861
-7.5998
-7.58661
-7.56817
-7.54794
-7.63439
-7.65929
-7.68587
-7.58089
-7.58486
-7.59814
-7.57255
-7.50575
-7.41802
-7.37859
-7.38925
-7.40756
-7.36961
-7.34931
-7.37937
-7.48172
-7.45721
-7.49513
-7.45199
-7.48376
-7.52483
-7.57271
-7.52169
-7.6183
-7.53369
-7.54834
-7.66827
-7.63107
-7.62768
-7.58488
-7.50091
-7.5854
-7.50919
-7.48518
-7.49091
-7.53179
-7.55283
-7.51253
-7.50256
-7.44196
-7.45466
-7.48405
-7.54052
-7.52497
-7.48164
-7.515
-7.62081
-7.63149
-7.59595
-7.57936
-7.58555
-7.52339
-7.58596
-7.65315
-7.61071
-7.57486
-7.57887
-7.56648
-7.56854
-7.61976
-7.49504
-7.54759
-7.48774
-7.459
-7.54688
-7.49307
-7.46576
-7.49932
-7.5879
-7.54637
-7.61465
-7.60049
-7.63696
-7.68522
-7.60538
-7.647
-7.69533
-7.58219
-7.55435
-7.51512
-7.39241
-7.36685
-7.33971
-7.2843
-7.36714
-7.29329
-7.28369
-7.31988
-7.35098
-7.45786
-7.40305
-7.47422
-7.4347
-7.493
-7.54465
-7.507
-7.46289
-7.49626
-7.43492
-7.42432
-7.33083
-7.38783
-7.36339
-7.42664
-7.39918
-7.43622
-7.40381
-7.39824
-7.44142
-7.43308
-7.49991
-7.43271
-7.40399
-7.48713
-7.54416
-7.54479
-7.51235
-7.553
-7.6348
-7.67843
-7.625
-7.61759
-7.56975
-7.49814
-7.54776
-7.56334
-7.62142
-7.61134
-7.60156
-7.61215
-7.61076
-7.5174
-7.53166
-7.56806
-7.54769
-7.58751
-7.58
-7.72901
-7.73119
-7.67277
-7.64513
-7.57719
-7.53161
-7.509
-7.49508
-7.52282
-7.46484
-7.48773
-7.55185
-7.6312
-7.67382
-7.64496
-7.57739
-7.57909
-7.57742
-7.65001
-7.69392
-7.72999
-7.58814
-7.57557
-7.61828
-7.60834
-7.60294
-7.55032
-7.61943
-7.57883
-7.58842
-7.58863
-7.50732
-7.47424
-7.45056
-7.48484
-7.38565
-7.31273
-7.32183
-7.32741
-7.36931
-7.43722
-7.39601
-7.41685
-7.41132
-7.50893
-7.468
-7.4988
-7.51086
-7.44529
-7.40743
-7.46975
-7.4597
-7.39314
-7.4232
-7.50963
-7.58721
-7.52767
-7.6831
-7.68561
-7.6351
-7.63802
-7.63152
-7.6157
-7.64563
-7.67639
-7.62031
-7.63521
-7.67119
-7.64618
-7.53859
-7.6161
-7.65422
-7.60398
-7.55434
-7.52899
-7.45389
-7.42917
-7.44514
-7.4395
-7.48359
-7.51351
-7.5256
-7.55537
-7.63624
-7.56579
-7.58738
-7.57073
-7.60375
-7.49087
-7.54965
-7.58168
-7.54562
-7.54787
-7.51202
-7.59398
-7.61582
-7.60166
-7.52821
-7.52372
-7.5579
-7.60442
-7.59982
-7.49643
-7.55018
-7.48278
-7.48158
-7.43268
-7.31809
-7.33469
-7.37393
-7.3892
-7.41343
-7.46445
-7.37037
-7.36363
-7.46217
-7.44842
-7.43445
-7.491
-7.53824
-7.46743
-7.40604
-7.50693
-7.45612
-7.46211
-7.47258
-7.52739
-7.44757
-7.44609
-7.45253
-7.52048
-7.48498
-7.48279
-7.48147
-7.5818
-7.63424
-7.63285
-7.63278
-7.57961
-7.56124
-7.52761
-7.52301
-7.56377
-7.61609
-7.68757
-7.62428
-7.71425
-7.66782
-7.71488
-7.65656
-7.64324
-7.72987
-7.69943
-7.65698
-7.51833
-7.50059
-7.58283
-7.54862
-7.53521
-7.56607
-7.50336
-7.54168
-7.5599
-7.52068
-7.49892
-7.57636
-7.58367
-7.52714
-7.48137
-7.50277
-7.52777
-7.54004
-7.48487
-7.55863
-7.53411
-7.60783
-7.56539
-7.59658
-7.58899
-7.53312
-7.54876
-7.45176
-7.46
-7.46206
-7.40446
-7.43183
-7.5186
-7.51863
-7.59696
-7.62222
-7.64572
-7.59031
-7.58812
-7.59987
-7.54799
-7.50054
-7.55323
-7.50406
-7.48082
-7.49905
-7.54716
-7.46529
-7.3822
-7.41491
-7.36802
-7.42599
-7.50229
-7.44426
-7.41398
-7.46141
-7.52917
-7.54297
-7.49102
-7.46378
-7.51237
-7.47564
-7.50343
-7.49347
-7.57435
-7.48443
-7.44732
-7.47415
-7.51515
-7.51674
-7.5076
-7.46708
-7.43213
-7.47366
-7.47093
-7.50511
-7.57399
-7.64492
-7.59353
-7.63121
-7.61689
-7.64308
-7.62372
-7.63125
-7.56716
-7.55211
-7.5025
-7.48314
-7.55469
-7.66617
-7.55895
-7.63377
-7.62395
-7.6574
-7.69284
-7.7119
-7.71736
-7.67365
-7.5768
-7.58363
-7.5551
-7.5675
-7.58763
-7.59722
-7.57028
-7.5709
-7.64833
-7.63634
-7.6801
-7.69189
-7.63341
-7.64615
-7.58309
-7.55541
-7.54765
-7.52163
-7.50376
-7.57721
-7.57961
-7.64881
-7.64889
-7.5715
-7.61368
-7.61834
-7.54446
-7.56419
-7.60166
-7.49958
-7.51112
-7.52892
-7.55787
-7.60421
-7.65269
-7.64239
-7.5745
-7.5399
-7.61678
-7.65103
-7.71407
-7.69765
-7.66509
-7.69021
-7.64128
-7.61261
-7.57249
-7.56633
-7.53518
-7.50657
-7.50939
-7.51341
-7.47259
-7.45251
-7.36161
-7.39813
-7.4923
-7.55306
-7.5468
-7.55124
-7.58896
-7.43979
-7.42574
-7.49217
-7.52486
-7.60089
-7.63467
-7.566
-7.60301
-7.58272
-7.58019
-7.58184
-7.57306
-7.64111
-7.59807
-7.58021
-7.58039
-7.6426
-7.68153
-7.62782
-7.59548
-7.53113
-7.54641
-7.40269
-7.46833
-7.48622
-7.52098
-7.58032
-7.57559
-7.49229
-7.5817
-7.56572
-7.57563
-7.56842
-7.48706
-7.56404
-7.52702
-7.50132
-7.52624
-7.48241
-7.52425
-7.60934
-7.65828
-7.57622
-7.49861
-7.57236
-7.51905
-7.59313
-7.53758
-7.50944
-7.42098
-7.52596
-7.48001
-7.53068
-7.53567
-7.60614
-7.61041
-7.65934
-7.66765
-7.62227
-7.68948
-7.65303
-7.68432
-7.61804
-7.57877
-7.61976
-7.7038
-7.64793
-7.60787
-7.54504
-7.61345
-7.59561
-7.63986
-7.49991
-7.5749
-7.57934
-7.59482
-7.62819
-7.63868
-7.58338
-7.57222
-7.58489
-7.58454
-7.51942
-7.50676
-7.50056
-7.53786
-7.60935
-7.68106
-7.59215
-7.69084
-7.66814
-7.64292
-7.59798
-7.58955
-7.61832
-7.60507
-7.54884
-7.55091
-7.54615
-7.57875
-7.5799
-7.627
-7.6113
-7.64361
-7.62766
-7.62775
-7.59867
-7.63087
-7.5567
-7.48219
-7.55129
-7.52159
-7.63757
-7.63816
-7.64145
-7.61377
-7.5433
-7.47157
-7.49706
-7.49492
-7.54754
-7.57566
-7.54748
-7.63547
-7.67538
-7.64726
-7.52322
-7.5116
-7.51151
-7.42149
-7.49451
-7.53781
-7.48048
-7.39912
-7.47221
-7.52174
-7.52844
-7.38735
-7.36192
-7.38533
-7.38467
-7.37766
-7.29365
-7.31924
-7.39705
-7.4445
-7.43255
-7.46877
-7.43509
-7.38392
-7.38402
-7.34841
-7.34928
-7.40834
-7.5194
-7.58162
-7.58615
-7.5429
-7.53723
-7.5752
-7.63668
-7.64231
-7.65246
-7.59277
-7.59363
-7.59869
-7.57171
-7.58163
-7.67494
-7.62249
-7.61588
-7.63534
-7.62988
-7.63172
-7.55366
-7.5598
-7.55534
-7.56431
-7.58556
-7.64162
-7.64287
-7.65761
-7.63472
-7.62654
-7.70965
-7.69301
-7.64931
-7.62957
-7.63091
-7.64163
-7.67066
-7.69809
-7.6842
-7.76448
-7.77154
-7.7334
-7.64357
-7.73821
-7.73751
-7.64723
-7.59143
-7.54401
-7.58897
-7.54439
-7.54419
-7.63258
-7.55017
-7.59037
-7.5934
-7.63773
-7.64085
-7.67311
-7.68562
-7.72046
-7.65378
-7.62561
-7.53538
-7.57488
-7.61013
-7.61158
-7.61583
-7.67017
-7.59524
-7.52773
-7.46309
-7.42188
-7.41076
-7.43758
-7.43964
-7.47777
-7.45372
-7.44611
-7.44514
-7.46119
-7.50424
-7.52092
-7.44182
-7.50259
-7.62865
-7.65195
-7.58635
-7.59717
-7.57144
-7.48045
-7.566
-7.63139
-7.67518
-7.66937
-7.58297
-7.5991
-7.59967
-7.56702
-7.5044
-7.53132
-7.48655
-7.51842
-7.52574
-7.42559
-7.53025
-7.53499
-7.65616
-7.6323
-7.62527
-7.67732
-7.61149
-7.62637
-7.61842
-7.6717
-7.62957
-7.63588
-7.60031
-7.48081
-7.53113
-7.50487
-7.57945
-7.38801
-7.39209
-7.32289
-7.41483
-7.38046
-7.42934
-7.38946
-7.3611
-7.34717
-7.36806
-7.41507
-7.47295
-7.3408
-7.33488
-7.27019
-7.3375
-7.33618
-7.51956
-7.40363
-7.41196
-7.39699
-7.38318
-7.3841
-7.44627
-7.49335
-7.5173
-7.51896
-7.57449
-7.48555
-7.48094
-7.48963
-7.56387
-7.50928
-7.41885
-7.32672
-7.34918
-7.34088
-7.43293
-7.42326
-7.47267
-7.41752
-7.46979
-7.43942
-7.42781
-7.46722
-7.46039
-7.47214
-7.4349
-7.50896
-7.52691
-7.488
-7.47727
-7.44562
-7.47381
-7.48536
-7.42782
-7.47771
-7.45578
-7.49946
-7.52172
-7.49139
-7.49674
-7.54794
-7.53705
-7.56598
-7.50979
-7.53303
-7.62924
-7.63459
-7.60719
-7.57967
-7.58702
-7.61696
-7.67115
-7.71734
-7.74073
-7.6751
-7.62033
-7.61224
-7.60702
-7.54225
-7.4889
-7.58063
-7.52955
-7.46353
-7.41135
-7.42803
-7.45071
-7.52294
-7.52399
-7.6138
-7.55561
-7.54996
-7.53318
-7.59392
-7.64151
-7.58279
-7.62067
-7.5636
-7.54268
-7.57141
-7.55776
-7.5262
-7.47018
-7.47103
-7.56778
-7.55816
-7.56466
-7.53692
-7.5594
-7.58561
-7.65371
-7.61675
-7.61881
-7.58159
-7.64442
-7.6077
-7.57549
-7.51178
-7.49188
-7.55562
-7.57848
-7.52328
-7.51793
-7.49615
-7.48874
-7.41572
-7.43379
-7.40138
-7.45091
-7.44391
-7.46487
-7.41008
-7.39112
-7.3609
-7.34633
-7.34557
-7.37335
-7.40626
-7.38185
-7.43563
-7.43939
-7.47262
-7.49489
-7.46845
-7.42554
-7.41579
-7.35311
-7.40057
-7.45035
-7.43026
-7.53969
-7.51792
-7.46361
-7.42348
-7.41876
-7.55592
-7.57281
-7.59087
-7.50154
-7.59337
-7.51693
-7.62859
-7.52261
-7.56568
-7.52191
-7.51435
-7.45168
-7.50214
-7.53314
-7.57183
-7.48948
-7.52722
-7.54115
-7.55086
-7.47891
-7.48761
-7.4794
-7.51116
-7.61058
-7.67734
-7.62218
-7.6559
-7.59722
-7.6063
-7.56482
-7.48132
-7.4739
-7.46291
-7.4675
-7.45517
-7.44555
-7.47278
-7.45833
-7.58022
-7.57732
-7.64891
-7.672
-7.67382
-7.59628
-7.58978
-7.61721
-7.64317
-7.64967
-7.54628
-7.58599
-7.43913
-7.40487
-7.37895
-7.29822
-7.33205
-7.42059
-7.44322
-7.42774
-7.48781
-7.47182
-7.42888
-7.47172
-7.44748
-7.47713
-7.51015
-7.45958
-7.37769
-7.39492
-7.42452
-7.50604
-7.50903
-7.46856
-7.43429
-7.48657
-7.40406
-7.42909
-7.49198
-7.51266
-7.55015
-7.59441
-7.61144
-7.57733
-7.5502
-7.5416
-7.54707
-7.55963
-7.5425
-7.56837
-7.58912
-7.55408
-7.53826
-7.63091
-7.56357
-7.59061
-7.65411
-7.55968
-7.59006
-7.60405
-7.67031
-7.6262
-7.65168
-7.65715
-7.71086
-7.70008
-7.76697
-7.68343
-7.72672
-7.70276
-7.71185
-7.72887
-7.73208
-7.73301
-7.69905
-7.69597
-7.68188
-7.56443
-7.58974
-7.60863
-7.60331
-7.64543
-7.6109
-7.62586
-7.60232
-7.60828
-7.65645
-7.62843
-7.53392
-7.61054
-7.73191
-7.68607
-7.71136
-7.66857
-7.6814
-7.60778
-7.56015
-7.48142
-7.57323
-7.58312
-7.55021
-7.61605
-7.57877
-7.58951
-7.6118
-7.58885
-7.58282
-7.56069
-7.55158
-7.6425
-7.68256
-7.6878
-7.71276
-7.73237
-7.74771
-7.79568
-7.76529
-7.70868
-7.61386
-7.57181
-7.61252
-7.62923
-7.62634
-7.64457
-7.63588
-7.6367
-7.53935
-7.60584
-7.59448
-7.54066
-7.51147
-7.54274
-7.54737
-7.56739
-7.48507
-7.43346
-7.43772
-7.43022
-7.4781
-7.45768
-7.43913
-7.43582
-7.52299
-7.50283
-7.49418
-7.49097
-7.5568
-7.57346
-7.62326
-7.57831
-7.58156
-7.61124
-7.64018
-7.5861
-7.60691
-7.57829
-7.54398
-7.52916
-7.5028
-7.45063
-7.45878
-7.48532
-7.35802
-7.51609
-7.55969
-7.51799
-7.48301
-7.51477
-7.43399
-7.47121
-7.4786
-7.48883
-7.5359
-7.56177
-7.52044
-7.55599
-7.45739
-7.51947
-7.61033
-7.63973
-7.59989
-7.61539
-7.47539
-7.49905
-7.48427
-7.47586
-7.45077
-7.52749
-7.4918
-7.48261
-7.48025
-7.43832
-7.4601
-7.42953
-7.45547
-7.50644
-7.49491
-7.5862
-7.58905
-7.66789
-7.70575
-7.75885
-7.67565
-7.64213
-7.64923
-7.63564
-7.63904
-7.60414
-7.56297
-7.62607
-7.59316
-7.56195
-7.59003
-7.58151
-7.61379
-7.51782
-7.44389
-7.45605
-7.48999
-7.57017
-7.58081
-7.60808
-7.59969
-7.63158
-7.56862
-7.62029
-7.69189
-7.70345
-7.64121
-7.75015
-7.70505
-7.62168
-7.54759
-7.56259
-7.58907
-7.55006
-7.62405
-7.65305
-7.62375
-7.6554
-7.6556
-7.62237
-7.59624
-7.59633
-7.65639
-7.59522
-7.61167
-7.59576
-7.6427
-7.63586
-7.61087
-7.52755
-7.50096
-7.42755
-7.51774
-7.62861
-7.6645
-7.66798
-7.60145
-7.62375
-7.58218
-7.55918
-7.52842
-7.56455
-7.55686
-7.5126
-7.44888
-7.52251
-7.54517
-7.58373
-7.60977
-7.52852
-7.57553
-7.56477
-7.51444
-7.49911
-7.52055
-7.52989
-7.58251
-7.57488
-7.61659
-7.63384
-7.57617
-7.54344
-7.57184
-7.63892
-7.70806
-7.64837
-7.60843
-7.65263
-7.68014
-7.66049
-7.62112
-7.63398
-7.61865
-7.62273
-7.61104
-7.63474
-7.66391
-7.69072
-7.71481
-7.69728
-7.62301
-7.59006
-7.63868
-7.63866
-7.61413
-7.54929
-7.54669
-7.66883
-7.67553
-7.67973
-7.68106
-7.67213
-7.68953
-7.71203
-7.64245
-7.60291
-7.61666
-7.61921
-7.57347
-7.61256
-7.52213
-7.56263
-7.49776
-7.5602
-7.5446
-7.58898
-7.56349
-7.55107
-7.5075
-7.46781
-7.48912
-7.53432
-7.55624
-7.53271
-7.51146
-7.51948
-7.44262
-7.53641
-7.52495
-7.55101
-7.61369
-7.59935
-7.59752
-7.56317
-7.53161
-7.54409
-7.52015
-7.56868
-7.60632
-7.64643
-7.61472
-7.61451
-7.57652
-7.58303
-7.56198
-7.61806
-7.67148
-7.63522
-7.61251
-7.59146
-7.57302
-7.54382
-7.51165
-7.51939
-7.4683
-7.41916
-7.33899
-7.38591
-7.3995
-7.47231
-7.50616
-7.51342
-7.51207
-7.63652
-7.59215
-7.56676
-7.55588
-7.61064
-7.53969
-7.47792
-7.55127
-7.54311
-7.57974
-7.56368
-7.52476
-7.45771
-7.54982
-7.66071
-7.65855
-7.57852
-7.49889
-7.50127
-7.4791
-7.5084
-7.53158
-7.44245
-7.48396
-7.47006
-7.54129
-7.60877
-7.63591
-7.53439
-7.47645
-7.45908
-7.51248
-7.44646
-7.50177
-7.50505
-7.58858
-7.5514
-7.50252
-7.5148
-7.46858
-7.45429
-7.42846
-7.37032
-7.42321
-7.46346
-7.43701
-7.46902
-7.51266
-7.59109
-7.72435
-7.72503
-7.67288
-7.58205
-7.57002
-7.57112
-7.54277
-7.41211
-7.4342
-7.4384
-7.44518
-7.40181
-7.39258
-7.3644
-7.38318
-7.40115
-7.48157
-7.49353
-7.40668
-7.39043
-7.39435
-7.45274
-7.49208
-7.43158
-7.42761
-7.45005
-7.42043
-7.4052
-7.48006
-7.439
-7.43729
-7.46834
-7.46949
-7.4266
-7.42253
-7.34432
-7.40578
-7.46353
-7.52672
-7.55866
-7.62034
-7.64563
-7.58349
-7.60946
-7.62768
-7.62716
-7.61913
-7.67228
-7.60963
-7.54645
-7.53976
-7.58493
-7.60553
-7.57245
-7.50189
-7.46844
-7.58638
-7.58599
-7.49665
-7.47191
-7.45552
-7.31774
-7.37176
-7.41533
-7.3816
-7.43642
-7.31389
-7.2267
-7.32129
-7.27139
-7.22972
-7.29597
-7.26704
-7.3065
-7.34531
-7.33944
-7.35018
-7.41969
-7.46635
-7.50157
-7.51514
-7.49039
-7.53061
-7.55166
-7.50926
-7.50128
-7.49378
-7.49521
-7.5224
-7.5166
-7.52668
-7.47454
-7.55214
-7.54586
-7.53048
-7.54159
-7.57694
-7.48178
-7.53057
-7.64896
-7.66867
-7.57141
-7.61167
-7.55109
-7.52472
-7.57746
-7.55006
-7.52519
-7.52911
-7.56839
-7.52207
-7.46809
-7.42565
-7.42148
-7.47864
-7.52897
-7.54864
-7.56953
-7.4455
-7.43622
-7.40519
-7.38655
-7.43484
-7.46386
-7.48021
-7.44836
-7.42722
-7.48775
-7.46414
-7.48491
-7.45475
-7.49259
-7.50626
-7.51702
-7.49228
-7.57994
-7.57305
-7.55263
-7.49356
-7.5887
-7.63933
-7.59859
-7.47883
-7.58262
-7.57679
-7.54638
-7.54252
-7.65569
-7.57966
-7.58117
-7.53522
-7.47833
-7.49593
-7.48098
-7.44609
-7.50479
-7.50738
-7.5432
-7.60198
-7.57209
-7.55478
-7.58789
-7.49108
-7.63138
-7.72671
-7.66181
-7.64418
-7.64353
-7.64985
-7.61772
-7.63361
-7.60123
-7.58667
-7.53406
-7.57141
-7.52026
-7.50209
-7.57778
-7.55787
-7.60258
-7.58792
-7.63713
-7.46149
-7.45774
-7.47786
-7.47469
-7.49655
-7.50596
-7.54764
-7.55722
-7.57647
-7.65964
-7.64657
-7.57651
-7.46587
-7.48794
-7.41085
-7.45778
-7.35435
-7.34838
-7.48445
-7.58637
-7.54026
-7.53149
-7.54461
-7.53631
-7.55938
-7.5491
-7.56976
-7.56227
-7.5219
-7.56689
-7.56643
-7.608
-7.61849
-7.54983
-7.54256
-7.63106
-7.62349
-7.62821
-7.61224
-7.57884
-7.55872
-7.51806
-7.654
-7.58497
-7.57767
-7.56466
-7.53435
-7.4363
-7.40566
-7.43313
-7.45259
-7.4628
-7.53665
-7.54269
-7.50831
-7.50561
-7.55927
-7.59946
-7.5667
-7.62862
-7.59665
-7.58953
-7.67261
-7.65725
-7.62169
-7.53955
-7.49283
-7.56821
-7.59553
-7.54202
-7.57604
-7.56906
-7.53661
-7.5631
-7.55356
-7.53915
-7.48096
-7.50003
-7.47562
-7.42859
-7.43035
-7.51748
-7.40209
-7.39389
-7.4075
-7.39094
-7.43875
-7.47583
-7.53604
-7.44094
-7.31403
-7.37651
-7.45694
-7.48712
-7.53701
-7.50909
-7.49107
-7.50263
-7.54291
-7.52532
-7.55856
-7.58444
-7.569
-7.58916
-7.54791
-7.57647
-7.58358
-7.63785
-7.62893
-7.56704
-7.57755
-7.56488
-7.54744
-7.55161
-7.4836
-7.46883
-7.50944
-7.50392
-7.58628
-7.70622
-7.67845
-7.57407
-7.46369
-7.47485
-7.44883
-7.40837
-7.43485
-7.44298
-7.51168
-7.45601
-7.45375
-7.60174
-7.58771
-7.60001
-7.58146
-7.59659
-7.60131
-7.57264
-7.59267
-7.53992
-7.53375
-7.50357
-7.57054
-7.61654
-7.57948
-7.60742
-7.5977
-7.61678
-7.55898
-7.58011
-7.65462
-7.66564
-7.73742
-7.71378
-7.69472
-7.69445
-7.75384
-7.68758
-7.66728
-7.64039
-7.67051
-7.58594
-7.5337
-7.55091
-7.60005
-7.60212
-7.66141
-7.61645
-7.64876
-7.60186
-7.63849
-7.63278
-7.66355
-7.62601
-7.75322
-7.79656
-7.77521
-7.69044
-7.73905
-7.70875
-7.67331
-7.6072
-7.60016
-7.60488
-7.54111
-7.64101
-7.6418
-7.65258
-7.67745
-7.66145
-7.62491
-7.63622
-7.54635
-7.54326
-7.57315
-7.52772
-7.64673
-7.62422
-7.57546
-7.54891
-7.53134
-7.56997
-7.57665
-7.55208
-7.49902
-7.50477
-7.50694
-7.60445
-7.5622
-7.4977
-7.48467
-7.47638
-7.42398
-7.45035
-7.40851
-7.4072
-7.36784
-7.40493
-7.41154
-7.47404
-7.46314
-7.47604
-7.46669
-7.41424
-7.41825
-7.46558
-7.42621
-7.46282
-7.46191
-7.49759
-7.54524
-7.54374
-7.59397
-7.6241
-7.6125
-7.65707
-7.73489
-7.68795
-7.64718
-7.57254
-7.58587
-7.55854
-7.59551
-7.54027
-7.56169
-7.57976
-7.55578
-7.55754
-7.56884
-7.63806
-7.61997
-7.65029
-7.59785
-7.6725
-7.60594
-7.60201
-7.58755
-7.56716
-7.63032
-7.61572
-7.6167
-7.51776
-7.58597
-7.5791
-7.58318
-7.5921
-7.53071
-7.51432
-7.55706
-7.54027
-7.49667
-7.37036
-7.41214
-7.46985
-7.47924
-7.39126
-7.40071
-7.40077
-7.45157
-7.47835
-7.5759
-7.52446
-7.4545
-7.4609
-7.55039
-7.59106
-7.69255
-7.698
-7.7155
-7.70433
-7.70487
-7.64993
-7.67815
-7.74231
-7.72399
-7.69296
-7.74509
-7.76859
-7.71844
-7.7272
-7.76258
-7.80426
-7.72667
-7.66475
-7.61466
-7.65385
-7.66392
-7.61813
-7.64281
-7.63805
-7.61079
-7.58383
-7.59172
-7.59161
-7.62371
-7.63433
-7.70918
-7.63809
-7.56408
-7.55142
-7.4518
-7.53811
-7.61401
-7.59524
-7.57085
-7.53469
-7.58483
-7.61258
-7.55679
-7.61426
-7.59232
-7.67656
-7.69947
-7.674
-7.66972
-7.63177
-7.58066
-7.61079
-7.67207
-7.65644
-7.62845
-7.62444
-7.59934
-7.66286
-7.64866
-7.55131
-7.54803
-7.59779
-7.60847
-7.57328
-7.63412
-7.6269
-7.64075
-7.61304
-7.62978
-7.57665
-7.57249
-7.56428
-7.5728
-7.51832
-7.48926
-7.52936
-7.5473
-7.52136
-7.55579
-7.56088
-7.52452
-7.65808
-7.69362
-7.70813
-7.66634
-7.6418
-7.57345
-7.61771
-7.66227
-7.68411
-7.67118
-7.61115
-7.62214
-7.64187
-7.58322
-7.55579
-7.61749
-7.59157
-7.57177
-7.48939
-7.49725
-7.59471
-7.59139
-7.5833
-7.56194
-7.5615
-7.54203
-7.61847
-7.61216
-7.61292
-7.56561
-7.52361
-7.49275
-7.43628
-7.48886
-7.51118
-7.62583
-7.52937
-7.55885
-7.47042
-7.44677
-7.43833
-7.44935
-7.44285
-7.5007
-7.46194
-7.49415
-7.49853
-7.43628
-7.50765
-7.49807
-7.54369
-7.52338
-7.57093
-7.5847
-7.64301
-7.59383
-7.45401
-7.44588
-7.44756
-7.55765
-7.55394
-7.53836
-7.46163
-7.51518
-7.48031
-7.51089
-7.47654
-7.49444
-7.43054
-7.50414
-7.52225
-7.54163
-7.52726
-7.51016
-7.47666
-7.48595
-7.52769
-7.53123
-7.5618
-7.59328
-7.65297
-7.72662
-7.64574
-7.6998
-7.61667
-7.59335
-7.53728
-7.48893
-7.45232
-7.503
-7.49213
-7.46825
-7.41876
-7.45263
-7.42779
-7.39597
-7.43709
-7.51697
-7.57163
-7.49991
-7.55446
-7.56937
-7.58672
-7.62393
-7.57641
-7.6137
-7.66792
-7.6026
-7.51904
-7.51221
-7.4289
-7.52186
-7.50338
-7.49269
-7.52455
-7.53343
-7.5233
-7.54473
-7.46261
-7.40042
-7.45791
-7.4567
-7.37741
-7.36891
-7.36917
-7.38846
-7.41813
-7.41319
-7.49135
-7.55663
-7.5891
-7.60682
-7.58708
-7.5765
-7.56008
-7.55224
-7.63206
-7.62445
-7.60712
-7.63527
-7.66588
-7.6217
-7.65705
-7.62082
-7.61375
-7.57713
-7.49036
-7.56862
-7.62936
-7.60144
-7.56404
-7.5514
-7.57203
-7.47286
-7.46975
-7.41066
-7.45218
-7.47587
-7.4818
-7.47112
-7.44857
-7.37923
-7.41055
-7.43945
-7.45424
-7.51585
-7.57345
-7.43114
-7.44542
-7.50748
-7.51077
-7.65868
-7.67121
-7.61726
-7.54669
-7.59814
-7.52507
-7.59773
-7.51676
-7.52981
-7.52827
-7.55376
-7.57228
-7.5749
-7.52627
-7.64169
-7.62228
-7.65458
-7.5448
-7.46231
-7.54317
-7.55531
-7.48227
-7.51791
-7.5189
-7.58107
-7.53536
-7.47495
-7.42585
-7.47621
-7.49079
-7.45456
-7.54247
-7.60624
-7.58471
-7.62884
-7.606
-7.70456
-7.69137
-7.682
-7.64268
-7.62858
-7.64993
-7.62204
-7.61597
-7.69047
-7.63329
-7.6238
-7.61309
-7.60815
-7.66471
-7.67563
-7.6642
-7.67342
-7.53888
-7.5483
-7.51646
-7.56997
-7.47778
-7.52222
-7.54122
-7.52056
-7.58676
-7.64503
-7.66598
-7.60969
-7.6169
-7.59071
-7.57787
-7.61875
-7.59485
-7.57343
-7.56597
-7.60327
-7.59936
-7.67115
-7.64431
-7.64452
-7.62061
-7.62313
-7.61243
-7.62893
-7.67552
-7.60996
-7.64714
-7.58763
-7.55823
-7.57386
-7.57673
-7.59846
-7.66604
-7.66106
-7.61853
-7.69525
-7.6948
-7.7393
-7.71806
-7.66375
-7.67703
-7.6325
-7.60931
-7.61785
-7.65095
-7.694
-7.69487
-7.77276
-7.76613
-7.75092
-7.81215
-7.7414
-7.67305
-7.56134
-7.57989
-7.67
-7.70885
-7.70168
-7.65793
-7.69789
-7.65561
-7.59692
-7.58957
-7.63333
-7.54235
-7.59529
-7.54482
-7.52428
-7.51892
-7.60335
-7.58465
-7.51643
-7.49341
-7.50833
-7.4736
-7.47209
-7.49438
-7.48555
-7.60322
-7.68956
-7.58996
-7.58743
-7.51723
-7.50673
-7.55156
-7.60635
-7.59696
-7.59188
-7.58153
-7.62213
-7.6087
-7.64939
-7.64686
-7.71371
-7.63104
-7.53486
-7.56498
-7.57862
-7.60586
-7.531
-7.46593
-7.48203
-7.47528
-7.4793
-7.44902
-7.53043
-7.56448
-7.56917
-7.62357
-7.59066
-7.59982
-7.4907
-7.5888
-7.62218
-7.57585
-7.53899
-7.61179
-7.64223
-7.59308
-7.56528
-7.55935
-7.51706
-7.56255
-7.62429
-7.62046
-7.61066
-7.61088
-7.55351
-7.54492
-7.57082
-7.60468
-7.59788
-7.58891
-7.54437
-7.50528
-7.48865
-7.47305
-7.52562
-7.56074
-7.54738
-7.63671
-7.6048
-7.65534
-7.65687
-7.62345
-7.65491
-7.66958
-7.68976
-7.69508
-7.74297
-7.70641
-7.62071
-7.67489
-7.64093
-7.61996
-7.51064
-7.54981
-7.51163
-7.52769
-7.59668
-7.57226
-7.56526
-7.5826
-7.51902
-7.56059
-7.55409
-7.53158
-7.54602
-7.65341
-7.64095
-7.68203
-7.65312
-7.68582
-7.637
-7.70618
-7.71478
-7.71989
-7.72327
-7.76727
-7.70331
-7.69316
-7.63332
-7.55012
-7.50255
-7.53105
-7.52796
-7.54356
-7.51533
-7.54109
-7.61156
-7.57247
-7.51746
-7.47146
-7.50192
-7.50881
-7.52999
-7.45283
-7.51048
-7.57219
-7.6014
-7.61658
-7.58189
-7.57263
-7.4914
-7.51302
-7.54008
-7.5438
-7.53281
-7.47202
-7.52389
-7.58487
-7.57687
-7.53132
-7.59654
-7.66246
-7.6258
-7.59436
-7.49978
-7.47166
-7.53124
-7.59883
-7.56399
-7.57699
-7.63863
-7.66048
-7.59987
-7.60046
-7.60912
-7.64684
-7.58576
-7.52063
-7.48531
-7.56546
-7.51792
-7.59762
-7.55193
-7.54416
-7.55706
-7.57518
-7.54557
-7.56496
-7.52551
-7.62924
-7.62466
-7.63835
-7.61656
-7.65725
-7.63231
-7.59988
-7.61256
-7.63482
-7.68865
-7.70373
-7.72109
-7.63999
-7.73506
-7.69123
-7.74258
-7.75048
-7.70089
-7.73998
-7.73349
-7.76676
-7.81809
-7.86343
-7.74715
-7.79884
-7.79766
-7.76091
-7.70136
-7.62638
-7.69643
-7.73889
-7.70679
-7.6786
-7.63179
-7.64581
-7.67356
-7.55671
-7.54916
-7.64342
-7.60572
-7.63483
-7.60521
-7.58433
-7.58562
-7.60171
-7.64828
-7.61961
-7.6366
-7.5739
-7.6063
-7.5768
-7.62261
-7.67329
-7.69303
-7.65679
-7.55882
-7.56982
-7.60916
-7.66328
-7.62254
-7.6003
-7.66787
-7.61798
-7.59109
-7.56457
-7.60623
-7.55488
-7.55618
-7.60396
-7.62767
-7.60566
-7.55941
-7.50551
-7.53672
-7.46872
-7.51406
-7.5247
-7.52461
-7.59906
-7.56493
-7.52239
-7.55683
-7.57199
-7.63091
-7.64653
-7.61974
-7.62434
-7.58444
-7.57647
-7.55922
-7.53986
-7.53725
-7.5367
-7.55462
-7.55041
-7.50856
-7.56047
-7.51529
-7.52898
-7.61486
-7.62374
-7.59328
-7.63524
-7.67346
-7.62818
-7.72312
-7.64281
-7.61845
-7.61136
-7.60133
-7.552
-7.53115
-7.53624
-7.53325
-7.59167
-7.55828
-7.53289
-7.59021
-7.55707
-7.56729
-7.49275
-7.43415
-7.44798
-7.48873
-7.50968
-7.43714
-7.4797
-7.50854
-7.48175
-7.44318
-7.34986
-7.39048
-7.28937
-7.33673
-7.3346
-7.37573
-7.44042
-7.39132
-7.36403
-7.43787
-7.45697
-7.45516
-7.51786
-7.54771
-7.5606
-7.49132
-7.44729
-7.49756
-7.54182
-7.5533
-7.4609
-7.49234
-7.5258
-7.58023
-7.58171
-7.64628
-7.72832
-7.65353
-7.67892
-7.6382
-7.57079
-7.5519
-7.5489
-7.63856
-7.65809
-7.63094
-7.70976
-7.73251
-7.61436
-7.58049
-7.52774
-7.53333
-7.61989
-7.57818
-7.69504
-7.6375
-7.61728
-7.56911
-7.61149
-7.66199
-7.60959
-7.54269
-7.55954
-7.55847
-7.54836
-7.55245
-7.56487
-7.48721
-7.61903
-7.61941
-7.72488
-7.67585
-7.68
-7.64114
-7.70991
-7.79164
-7.72623
-7.66931
-7.6832
-7.64874
-7.62615
-7.64092
-7.5864
-7.58367
-7.58489
-7.54271
-7.60723
-7.61541
-7.61604
-7.56636
-7.54676
-7.57416
-7.63164
-7.63665
-7.59956
-7.55172
-7.57283
-7.62241
-7.5808
-7.56531
-7.60853
-7.632
-7.6208
-7.60318
-7.60862
-7.56962
-7.59934
-7.56144
-7.58044
-7.58802
-7.59746
-7.58261
-7.55942
-7.56802
-7.53482
-7.52589
-7.53265
-7.54212
-7.47357
-7.50462
-7.48032
-7.51784
-7.50155
-7.53907
-7.52784
-7.52326
-7.44128
-7.5436
-7.54937
-7.59144
-7.61676
-7.64523
-7.63496
-7.61639
-7.64257
-7.66664
-7.66368
-7.58847
-7.5771
-7.67256
-7.63678
-7.63695
-7.57708
-7.60332
-7.56571
-7.51964
-7.57413
-7.5637
-7.5445
-7.51774
-7.45688
-7.4119
-7.46522
-7.4901
-7.48133
-7.43796
-7.50287
-7.50405
-7.53162
-7.50763
-7.54617
-7.5514
-7.55204
-7.56929
-7.60161
-7.60304
-7.61848
-7.52731
-7.46566
-7.48419
-7.51887
-7.52249
-7.53802
-7.46304
-7.4754
-7.50461
-7.49117
-7.51753
-7.46472
-7.47351
-7.47666
-7.5009
-7.54061
-7.50665
-7.39412
-7.40265
-7.53224
-7.54034
-7.58191
-7.54331
-7.56294
-7.54113
-7.54106
-7.55088
-7.50793
-7.486
-7.43778
-7.40471
-7.47537
-7.46886
-7.50144
-7.46706
-7.45304
-7.43911
-7.52104
-7.47914
-7.40585
-7.30077
-7.35723
-7.50989
-7.46553
-7.46671
-7.51154
-7.52952
-7.52242
-7.54632
-7.62275
-7.61175
-7.61595
-7.53384
-7.54454
-7.49395
-7.51712
-7.42783
-7.38863
-7.37482
-7.38713
-7.49503
-7.58334
-7.49761
-7.47191
-7.39869
-7.41274
-7.41347
-7.43315
-7.42414
-7.41186
-7.44976
-7.5601
-7.49814
-7.51542
-7.58743
-7.56511
-7.67778
-7.67458
-7.67828
-7.74915
-7.7807
-7.70162
-7.69915
-7.72664
-7.67363
-7.66218
-7.64289
-7.67732
-7.69026
-7.67114
-7.616
-7.55737
-7.51939
-7.5933
-7.52371
-7.5257
-7.50569
-7.41992
-7.44473
-7.48145
-7.535
-7.54834
-7.52937
-7.5583
-7.49949
-7.50911
-7.52705
-7.61354
-7.65192
-7.60229
-7.61069
-7.65714
-7.62036
-7.65684
-7.63932
-7.60643
-7.63216
-7.62833
-7.60837
-7.61071
-7.65373
-7.70276
-7.69916
-7.64516
-7.59941
-7.66513
-7.64402
-7.59325
-7.60331
-7.58563
-7.5628
-7.46751
-7.59845
-7.59099
-7.66586
-7.62711
-7.53172
-7.5548
-7.53084
-7.5213
-7.52512
-7.45881
-7.51429
-7.51674
-7.48513
-7.49437
-7.58765
-7.54938
-7.56062
-7.48369
-7.49842
-7.48471
-7.52912
-7.54581
-7.52781
-7.58359
-7.66011
-7.64471
-7.57619
-7.55327
-7.63665
-7.65426
-7.6689
-7.63372
-7.59921
-7.56114
-7.59009
-7.59282
-7.63704
-7.56819
-7.48133
-7.47932
-7.53706
-7.46537
-7.51514
-7.52254
-7.58223
-7.5539
-7.57226
-7.60361
-7.60571
-7.59555
-7.59929
-7.59846
-7.6119
-7.58257
-7.52254
-7.48129
-7.5722
-7.58876
-7.4726
-7.52191
-7.53953
-7.5849
-7.55276
-7.57023
-7.68126
-7.68116
-7.68327
-7.73258
-7.74584
-7.7186
-7.69974
-7.58388
-7.56205
-7.61582
-7.61728
-7.62435
-7.62716
-7.63725
-7.60794
-7.63431
-7.60554
-7.61242
-7.67092
-7.63689
-7.70922
-7.74489
-7.72689
-7.65474
-7.67621
-7.63993
-7.68485
-7.63796
-7.66373
-7.65905
-7.62607
-7.68921
-7.64797
-7.64525
-7.69838
-7.66987
-7.7159
-7.73429
-7.70658
-7.72673
-7.7421
-7.72929
-7.67893
-7.65293
-7.60517
-7.57208
-7.55186
-7.63453
-7.64163
-7.67983
-7.65323
-7.65148
-7.73645
-7.70233
-7.68526
-7.59488
-7.58489
-7.49569
-7.59791
-7.60868
-7.54046
-7.5924
-7.59888
-7.58557
-7.58607
-7.6018
-7.57043
-7.58662
-7.5554
-7.58507
-7.6604
-7.67873
-7.64354
-7.53131
-7.52432
-7.5734
-7.53434
-7.49029
-7.54079
-7.54374
-7.54713
-7.57938
-7.51027
-7.6241
-7.61384
-7.6373
-7.56284
-7.57137
-7.52354
-7.48807
-7.46814
-7.42784
-7.41897
-7.44923
-7.46459
-7.47401
-7.51368
-7.49
-7.49506
-7.51187
-7.52677
-7.51309
-7.47302
-7.53341
-7.54238
-7.58036
-7.53684
-7.43026
-7.46888
-7.43937
-7.47488
-7.47671
-7.55882
-7.48811
-7.45709
-7.44208
-7.44228
-7.4692
-7.53968
-7.52174
-7.56132
-7.5493
-7.56291
-7.57083
-7.57156
-7.61197
-7.6206
-7.58122
-7.58127
-7.6086
-7.5101
-7.50845
-7.52783
-7.51715
-7.54865
-7.48828
-7.53617
-7.60628
-7.61569
-7.56642
-7.55511
-7.55808
-7.56258
-7.52654
-7.64459
-7.62103
-7.65908
-7.66253
-7.66256
-7.68484
-7.64036
-7.57584
-7.48713
-7.51081
-7.52945
-7.4529
-7.44581
-7.44755
-7.49577
-7.49317
-7.52628
-7.59599
-7.5975
-7.68221
-7.66106
-7.58361
-7.56261
-7.55033
-7.56569
-7.56032
-7.56044
-7.53624
-7.53744
-7.54551
-7.5844
-7.53493
-7.48169
-7.50098
-7.60401
-7.53927
-7.61644
-7.60287
-7.65215
-7.66865
-7.6539
-7.62059
-7.65012
-7.5957
-7.65251
-7.57662
-7.61002
-7.59709
-7.6592
-7.63201
-7.59616
-7.65599
-7.65782
-7.62983
-7.57847
-7.56449
-7.57581
-7.61622
-7.6041
-7.65728
-7.63924
-7.68315
-7.67874
-7.6325
-7.59779
-7.67883
-7.73489
-7.67577
-7.6383
-7.58719
-7.60452
-7.55291
-7.47509
-7.44955
-7.38112
-7.38893
-7.40524
-7.34757
-7.46441
-7.50224
-7.48527
-7.51706
-7.45715
-7.47768
-7.57333
-7.53851
-7.53952
-7.46204
-7.47926
-7.48547
-7.48906
-7.47398
-7.44922
-7.48685
-7.46413
-7.49203
-7.47183
-7.40914
-7.40006
-7.44833
-7.42047
-7.40209
-7.46873
-7.46855
-7.45691
-7.50015
-7.46852
-7.43246
-7.47806
-7.47214
-7.44373
-7.45762
-7.46039
-7.3997
-7.41541
-7.51169
-7.6157
-7.55743
-7.64552
-7.62657
-7.64617
-7.66021
-7.62229
-7.68712
-7.6175
-7.63521
-7.65165
-7.60049
-7.64733
-7.63699
-7.60614
-7.63775
-7.5167
-7.5338
-7.54883
-7.5802
-7.58519
-7.61867
-7.63043
-7.58912
-7.57578
-7.49563
-7.46966
-7.48157
-7.49832
-7.54948
-7.63072
-7.61551
-7.57834
-7.57072
-7.50301
-7.47001
-7.50981
-7.4535
-7.42621
-7.46915
-7.51704
-7.51259
-7.50961
-7.51982
-7.55302
-7.55005
-7.56052
-7.50643
-7.50441
-7.44334
-7.50106
-7.51978
-7.51595
-7.53599
-7.45978
-7.57321
-7.54189
-7.60308
-7.66611
-7.58658
-7.56899
-7.51131
-7.57199
-7.58689
-7.54185
-7.61621
-7.5777
-7.61727
-7.59009
-7.54851
-7.56608
-7.55928
-7.58596
-7.58056
-7.61272
-7.5672
-7.4791
-7.54496
-7.58583
-7.57798
-7.45371
-7.45265
-7.56183
-7.54442
-7.47297
-7.62009
-7.59768
-7.55189
-7.44752
-7.47083
-7.48584
-7.52297
-7.60334
-7.57711
-7.45359
-7.49841
-7.52807
-7.58443
-7.57475
-7.49558
-7.52526
-7.53027
-7.5298
-7.5766
-7.62097
-7.63844
-7.60521
-7.573
-7.55975
-7.60813
-7.47341
-7.49704
-7.48403
-7.51046
-7.51657
-7.47516
-7.46962
-7.48096
-7.44098
-7.54158
-7.48626
-7.46722
-7.41313
-7.41918
-7.39767
-7.3851
-7.33451
-7.46107
-7.47374
-7.48242
-7.4234
-7.46898
-7.40995
-7.42008
-7.43864
-7.47834
-7.46165
-7.47238
-7.4221
-7.43772
-7.4249
-7.44913
-7.49391
-7.45728
-7.42418
-7.50888
-7.52392
-7.48215
-7.57102
-7.61624
-7.56977
-7.58946
-7.52451
-7.54754
-7.57276
-7.5721
-7.63221
-7.59166
-7.59724
-7.63661
-7.61547
-7.69766
-7.67406
-7.63866
-7.61668
-7.74731
-7.75559
-7.73068
-7.69394
-7.61768
-7.66686
-7.71579
-7.64656
-7.67645
-7.57896
-7.50109
-7.52495
-7.4753
-7.58189
-7.47307
-7.5104
-7.51006
-7.51449
-7.53228
-7.51502
-7.61681
-7.63883
-7.56744
-7.65205
-7.60881
-7.54727
-7.54158
-7.60185
-7.72419
-7.60386
-7.64943
-7.64568
-7.59352
-7.54573
-7.52595
-7.51747
-7.47349
-7.50831
-7.55894
-7.54423
-7.53418
-7.45847
-7.57825
-7.49971
-7.49915
-7.55961
-7.52861
-7.46315
-7.47726
-7.53738
-7.61429
-7.64726
-7.62477
-7.54668
-7.54554
-7.55972
-7.61111
-7.60085
-7.5772
-7.48893
-7.4491
-7.36874
-7.38732
-7.44273
-7.43294
-7.44241
-7.42809
-7.42571
-7.51065
-7.39735
-7.42238
-7.48935
-7.45679
-7.48488
-7.50461
-7.48917
-7.45727
-7.49556
-7.47468
-7.51502
-7.47911
-7.50988
-7.56366
-7.50468
-7.49479
-7.45018
-7.41786
-7.43514
-7.46425
-7.50547
-7.43867
-7.44813
-7.55653
-7.52114
-7.5967
-7.55016
-7.53403
-7.51778
-7.46583
-7.56541
-7.61099
-7.58029
-7.534
-7.53646
-7.48318
-7.46595
-7.47009
-7.46654
-7.47597
-7.4822
-7.52837
-7.57413
-7.64979
-7.58791
-7.61211
-7.64074
-7.63256
-7.60438
-7.60506
-7.63596
-7.67656
-7.70683
-7.75855
-7.7114
-7.66679
-7.66248
-7.71091
-7.70863
-7.7184
-7.67473
-7.59295
-7.62009
-7.71229
-7.63107
-7.67335
-7.62416
-7.60989
-7.56504
-7.54103
-7.59352
-7.59144
-7.53914
-7.5238
-7.54779
-7.48707
-7.52049
-7.52918
-7.44664
-7.42917
-7.45026
-7.48966
-7.52027
-7.59666
-7.52279
-7.5007
-7.47676
-7.37698
-7.43493
-7.374
-7.41467
-7.45695
-7.48804
-7.50473
-7.55672
-7.516
-7.66484
-7.64056
-7.6525
-7.64812
-7.63201
-7.62874
-7.6102
-7.55268
-7.56552
-7.5605
-7.59955
-7.55187
-7.52949
-7.45591
-7.5059
-7.46281
-7.47904
-7.59004
-7.5332
-7.59991
-7.52932
-7.55051
-7.59032
-7.54076
-7.51688
-7.55528
-7.54618
-7.51864
-7.55279
-7.50124
-7.57852
-7.57505
-7.62517
-7.63616
-7.65053
-7.61452
-7.59018
-7.53767
-7.52284
-7.52107
-7.46092
-7.47732
-7.52099
-7.44501
-7.45395
-7.45457
-7.38112
-7.40456
-7.34764
-7.3168
-7.37218
-7.48825
-7.50133
-7.51175
-7.5056
-7.46217
-7.52315
-7.53621
-7.53379
-7.55003
-7.46532
-7.41981
-7.46125
-7.41843
-7.45017
-7.5054
-7.58046
-7.5749
-7.59011
-7.55259
-7.62042
-7.66227
-7.62043
-7.57747
-7.5593
-7.54261
-7.50771
-7.41587
-7.43927
-7.43259
-7.4637
-7.47608
-7.40316
-7.41808
-7.43751
-7.45137
-7.47
-7.44843
-7.49521
-7.4507
-7.48201
-7.52834
-7.56718
-7.5504
-7.6112
-7.61127
-7.62948
-7.62669
-7.55983
-7.47921
-7.52982
-7.52878
-7.53442
-7.5353
-7.41781
-7.41025
-7.51051
-7.57969
-7.58383
-7.61462
-7.59662
-7.58876
-7.55349
-7.59566
-7.59796
-7.65985
-7.59801
-7.60103
-7.60087
-7.55147
-7.57503
-7.61082
-7.56722
-7.64218
-7.57547
-7.60252
-7.5992
-7.64145
-7.67319
-7.61602
-7.67398
-7.73019
-7.61827
-7.54237
-7.55044
-7.53761
-7.53803
-7.53987
-7.49996
-7.51986
-7.50366
-7.60413
-7.6538
-7.6316
-7.65528
-7.63705
-7.57444
-7.5373
-7.62935
-7.64031
-7.6992
-7.743
-7.76682
-7.7684
-7.67046
-7.67301
-7.6572
-7.68114
-7.70638
-7.61945
-7.635
-7.66888
-7.69295
-7.63188
-7.55101
-7.62158
-7.59584
-7.55118
-7.57062
-7.57789
-7.60745
-7.58756
-7.60044
-7.57409
-7.59514
-7.59918
-7.69823
-7.55244
-7.53072
-7.6136
-7.60052
-7.58948
-7.57186
-7.51864
-7.50676
-7.44773
-7.39877
-7.29932
-7.33851
-7.37452
-7.42668
-7.4537
-7.40051
-7.4076
-7.439
-7.52115
-7.55826
-7.59468
-7.63135
-7.6093
-7.65193
-7.61072
-7.60773
-7.61511
-7.5411
-7.50966
-7.56562
-7.41151
-7.44207
-7.51588
-7.4829
-7.42193
-7.52872
-7.65404
-7.63426
-7.66975
-7.619
-7.64035
-7.56899
-7.53643
-7.48485
-7.47699
-7.41482
-7.45192
-7.53694
-7.5589
-7.51007
-7.45712
-7.4729
-7.52532
-7.52663
-7.63519
-7.54831
-7.64476
-7.64797
-7.55852
-7.64812
-7.57602
-7.66439
-7.65471
-7.65756
-7.61413
-7.54512
-7.51668
-7.50388
-7.52487
-7.43979
-7.45953
-7.47306
-7.45447
-7.40389
-7.52824
-7.53396
-7.52124
-7.53176
-7.54024
-7.50633
-7.50269
-7.48718
-7.46585
-7.45161
-7.50393
-7.53164
-7.49247
-7.45267
-7.45041
-7.48511
-7.49149
-7.54163
-7.57384
-7.57336
-7.58365
-7.46643
-7.48334
-7.52135
-7.42273
-7.44417
-7.54598
-7.53735
-7.50782
-7.54453
-7.57145
-7.58809
-7.53976
-7.56992
-7.53521
-7.51071
-7.48243
-7.42524
-7.41265
-7.50399
-7.60603
-7.52251
-7.57051
-7.57156
-7.64919
-7.59135
-7.55902
-7.52131
-7.56022
-7.60065
-7.55878
-7.53977
-7.51298
-7.5693
-7.63796
-7.63207
-7.66004
-7.58751
-7.53152
-7.61184
-7.61463
-7.68967
-7.70929
-7.69887
-7.68901
-7.68675
-7.68705
-7.63016
-7.59634
-7.59751
-7.57329
-7.6825
-7.63713
-7.63555
-7.60533
-7.55759
-7.60791
-7.6762
-7.57057
-7.61404
-7.63867
-7.58912
-7.52865
-7.52185
-7.48721
-7.53813
-7.57852
-7.54587
-7.53573
-7.60726
-7.54096
-7.54135
-7.54157
-7.44285
-7.45356
-7.46557
-7.53105
-7.53394
-7.61567
-7.61715
-7.67826
-7.58941
-7.60314
-7.56854
-7.52952
-7.5513
-7.55956
-7.60236
-7.60513
-7.53462
-7.50641
-7.54619
-7.60022
-7.58643
-7.53725
-7.61394
-7.62527
-7.62814
-7.55487
-7.53025
-7.48826
-7.43687
-7.41566
-7.47275
-7.51579
-7.53477
-7.48492
-7.514
-7.51623
-7.50326
-7.44526
-7.46305
-7.53943
-7.50101
-7.42694
-7.32788
-7.37873
-7.31531
-7.35406
-7.23382
-7.31561
-7.46037
-7.46757
-7.53897
-7.53302
-7.56704
-7.49364
-7.43953
-7.42017
-7.38742
-7.41395
-7.42045
-7.44899
-7.53555
-7.53176
-7.56411
-7.56023
-7.59282
-7.6079
-7.63647
-7.63852
-7.62792
-7.51158
-7.50908
-7.4334
-7.40998
-7.51488
-7.52947
-7.45864
-7.45694
-7.44822
-7.46877
-7.45194
-7.43917
-7.44682
-7.46828
-7.47256
-7.55699
-7.54929
-7.49435
-7.45901
-7.53167
-7.46221
-7.51403
-7.56289
-7.58443
-7.45123
-7.41809
-7.38754
-7.3662
-7.40468
-7.32258
-7.42831
-7.461
-7.50219
-7.49256
-7.52405
-7.61639
-7.54692
-7.53052
-7.5805
-7.56213
-7.55551
-7.54899
-7.50445
-7.5085
-7.60117
-7.56469
-7.45528
-7.46206
-7.49255
-7.48774
-7.55668
-7.48049
-7.5224
-7.56239
-7.6116
-7.65709
-7.67796
-7.71116
-7.66788
-7.70302
-7.62924
-7.57623
-7.59593
-7.54356
-7.56685
-7.60375
-7.54885
-7.57593
-7.57198
-7.6478
-7.61236
-7.60157
-7.5547
-7.47041
-7.4785
-7.5766
-7.59149
-7.55081
-7.45752
-7.50367
-7.54162
-7.56835
-7.5477
-7.49133
-7.43818
-7.43241
-7.47086
-7.42867
-7.51702
-7.51423
-7.56849
-7.52884
-7.51678
-7.48961
-7.46935
-7.47182
-7.3492
-7.37476
-7.42663
-7.45872
-7.51468
-7.56534
-7.53831
-7.52196
-7.58728
-7.58759
-7.59854
-7.58273
-7.58655
-7.57627
-7.61768
-7.54375
-7.55888
-7.56733
-7.52623
-7.52958
-7.56089
-7.39608
-7.32851
-7.37712
-7.38567
-7.41969
-7.4155
-7.48397
-7.52207
-7.50587
-7.40588
-7.43159
-7.47524
-7.45474
-7.47138
-7.48984
-7.39192
-7.37353
-7.44066
-7.45608
-7.41921
-7.44042
-7.40736
-7.39644
-7.49793
-7.38774
-7.44566
-7.43956
-7.37529
-7.36871
-7.32938
-7.3752
-7.41377
-7.36486
-7.3284
-7.33599
-7.29935
-7.30777
-7.32593
-7.36098
-7.26472
-7.23609
-7.25932
-7.34281
-7.41775
-7.48531
-7.4842
-7.46912
-7.37954
-7.51422
-7.55268
-7.51714
-7.50427
-7.45213
-7.53572
-7.56624
-7.45688
-7.51906
-7.39397
-7.49555
-7.43615
-7.427
-7.36896
-7.45867
-7.48711
-7.50548
-7.55242
-7.49481
-7.51377
-7.49822
-7.49175
-7.46101
-7.51247
-7.57821
-7.62782
-7.57437
-7.56627
-7.58368
-7.61233
-7.54809
-7.5674
-7.52482
-7.47977
-7.5418
-7.54556
-7.54957
-7.53579
-7.48959
-7.45326
-7.50653
-7.51046
-7.50312
-7.54466
-7.48915
-7.51593
-7.48746
-7.44435
-7.39702
-7.36909
-7.4618
-7.42547
-7.41446
-7.45159
-7.44728
-7.49474
-7.49373
-7.53988
-7.51116
-7.5318
-7.47503
-7.35293
-7.45054
-7.49646
-7.47432
-7.5001
-7.56387
-7.59129
-7.49811
-7.44537
-7.42524
-7.4218
-7.43959
-7.45206
-7.49255
-7.45797
-7.45062
-7.47014
-7.4675
-7.49963
-7.53586
-7.49898
-7.48187
-7.49472
-7.46578
-7.53209
-7.52283
-7.53988
-7.58432
-7.60169
-7.61059
-7.56364
-7.63684
-7.61459
-7.57621
-7.66309
-7.68348
-7.6199
-7.5772
-7.59072
-7.61589
-7.63087
-7.59689
-7.61761
-7.58543
-7.58009
-7.6648
-7.59058
-7.61278
-7.50573
-7.54449
-7.54571
-7.60078
-7.72049
-7.69911
-7.62342
-7.63721
-7.5795
-7.59293
-7.55398
-7.55334
-7.51894
-7.66272
-7.63865
-7.66579
-7.73107
-7.73351
-7.78544
-7.63328
-7.61189
-7.60343
-7.56256
-7.50068
-7.52902
-7.58457
-7.66369
-7.58572
-7.60737
-7.61073
-7.63313
-7.49307
-7.44621
-7.40136
-7.51101
-7.4366
-7.48689
-7.47867
-7.4944
-7.48828
-7.54694
-7.53097
-7.51916
-7.50844
-7.45049
-7.49187
-7.48593
-7.50325
-7.5581
-7.519
-7.51469
-7.48927
-7.53938
-7.54413
-7.548
-7.58993
-7.61373
-7.60422
-7.6489
-7.65784
-7.65169
-7.68768
-7.60192
-7.53465
-7.4745
-7.51609
-7.5247
-7.49415
-7.55197
-7.48583
-7.45584
-7.46767
-7.53774
-7.50921
-7.48938
-7.56502
-7.56222
-7.56706
-7.56126
-7.53021
-7.54035
-7.55092
-7.58498
-7.47825
-7.45718
-7.51306
-7.49868
-7.56511
-7.52069
-7.43805
-7.49874
-7.53559
-7.56711
-7.54633
-7.6009
-7.67682
-7.65409
-7.6668
-7.69782
-7.57012
-7.4916
-7.51702
-7.55888
-7.47155
-7.53507
-7.5482
-7.60449
-7.54674
-7.61913
-7.56504
-7.54693
-7.59937
-7.58145
-7.59121
-7.54843
-7.62192
-7.58528
-7.6651
-7.66574
-7.67645
-7.62701
-7.6427
-7.61426
-7.54828
-7.55237
-7.52126
-7.5258
-7.46343
-7.44456
-7.45226
-7.45538
-7.45866
-7.429
-7.43849
-7.42755
-7.4354
-7.39412
-7.41093
-7.45139
-7.43129
-7.4738
-7.51735
-7.52681
-7.48666
-7.50702
-7.50905
-7.56096
-7.4378
-7.52277
-7.54122
-7.55781
-7.61033
-7.55714
-7.63673
-7.58519
-7.58625
-7.59765
-7.58874
-7.62322
-7.53762
-7.4976
-7.44678
-7.53961
-7.54524
-7.52483
-7.51414
-7.44032
-7.42447
-7.32007
-7.39679
-7.42562
-7.55597
-7.54692
-7.50972
-7.50389
-7.48794
-7.54993
-7.53438
-7.57535
-7.52442
-7.48508
-7.49496
-7.55251
-7.57106
-7.59507
-7.64621
-7.70694
-7.69512
-7.64183
-7.62689
-7.6244
-7.58454
-7.63215
-7.53387
-7.56309
-7.64211
-7.64583
-7.63475
-7.60715
-7.60889
-7.60599
-7.55891
-7.64905
-7.57358
-7.59387
-7.67095
-7.67097
-7.62675
-7.65858
-7.64766
-7.61596
-7.54571
-7.56545
-7.68649
-7.71683
-7.69373
-7.76767
-7.69306
-7.5966
-7.68089
-7.68391
-7.68012
-7.67804
-7.66998
-7.69891
-7.7006
-7.61915
-7.58528
-7.55957
-7.58611
-7.58792
-7.53469
-7.52864
-7.49052
-7.58291
-7.61399
-7.58401
-7.64319
-7.55287
-7.58626
-7.52825
-7.5993
-7.5465
-7.54002
-7.58335
-7.52538
-7.46261
-7.38436
-7.43308
-7.53279
-7.53626
-7.50352
-7.3945
-7.43247
-7.50655
-7.47076
-7.48658
-7.44809
-7.46962
-7.47743
-7.57595
-7.54914
-7.54697
-7.56223
-7.49595
-7.51845
-7.60842
-7.59991
-7.57904
-7.68358
-7.6221
-7.56011
-7.60666
-7.44987
-7.58849
-7.54991
-7.49947
-7.47058
-7.50122
-7.5103
-7.57285
-7.56758
-7.56902
-7.46582
-7.40881
-7.44699
-7.51307
-7.57447
-7.54274
-7.65069
-7.56109
-7.63051
-7.62033
-7.52833
-7.53111
-7.58435
-7.57112
-7.53437
-7.52889
-7.56013
-7.46908
-7.53425
-7.48034
-7.46772
-7.53049
-7.5417
-7.48737
-7.52395
-7.53647
-7.60157
-7.57496
-7.52661
-7.48229
-7.47455
-7.47283
-7.42602
-7.50737
-7.50649
-7.51289
-7.48465
-7.50002
-7.52502
-7.49787
-7.45568
-7.43789
-7.46601
-7.45048
-7.47398
-7.52947
-7.59145
-7.60376
-7.57549
-7.59877
-7.59585
-7.51425
-7.49453
-7.44761
-7.5607
-7.61793
-7.64387
-7.62364
-7.53203
-7.64021
-7.59738
-7.63359
-7.60081
-7.62546
-7.64621
-7.65651
-7.63936
-7.62618
-7.66208
-7.65257
-7.62365
-7.64111
-7.56572
-7.58342
-7.62977
-7.64349
-7.63955
-7.57242
-7.60894
-7.65995
-7.661
-7.58488
-7.53834
-7.48197
-7.54101
-7.54584
-7.51398
-7.51688
-7.48684
-7.54057
-7.49363
-7.5255
-7.5291
-7.53754
-7.52365
-7.5087
-7.60834
-7.61341
-7.67637
-7.71558
-7.6974
-7.6299
-7.61153
-7.65659
-7.62835
-7.61421
-7.57227
-7.61685
-7.61585
-7.6018
-7.5683
-7.64905
-7.6027
-7.58273
-7.51035
-7.60565
-7.57507
-7.61856
-7.63748
-7.59134
-7.58436
-7.60446
-7.58922
-7.53453
-7.51472
-7.59261
-7.53782
-7.6339
-7.6171
-7.53383
-7.56587
-7.58846
-7.58489
-7.64072
-7.62234
-7.58567
-7.55708
-7.59288
-7.60286
-7.57319
-7.65709
-7.67762
-7.75783
