-0.0351882
-0.213574
-0.257493
-0.329408
-0.393347
-0.380528
-0.361003
-0.373442
-0.349948
-0.349978
-0.368298
-0.392993
-0.40015
-0.401235
-0.355061
-0.348769
-0.364049
-0.361114
-0.347235
-0.358405
-0.348854
-0.371966
-0.448353
-0.424125
-0.327429
-0.377218
-0.433127
-0.407584
-0.320006
-0.330124
-0.319326
-0.373769
-0.369251
-0.386001
-0.467951
-0.381251
-0.287311
-0.340762
-0.377195
-0.414991
-0.450172
-0.456916
-0.399807
-0.4026
-0.445507
-0.4772
-0.453768
-0.457824
-0.468886
-0.471729
-0.454408
-0.402722
-0.435148
-0.391707
-0.3843
-0.360743
-0.409441
-0.387259
-0.437302
-0.44928
-0.469999
-0.437513
-0.446796
-0.497797
-0.491227
-0.421126
-0.461095
-0.453572
-0.465197
-0.393407
-0.381353
-0.427624
-0.360401
-0.370964
-0.405358
-0.460534
-0.451178
-0.420608
-0.439848
-0.436569
-0.415399
-0.387192
-0.342357
-0.453334
-0.483709
-0.453191
-0.450999
-0.43178
-0.411809
-0.41694
-0.393016
-0.387756
-0.426125
-0.440715
-0.455003
-0.469915
-0.456507
-0.454462
-0.387809
-0.369937
-0.362812
-0.311188
-0.388531
-0.400239
-0.329333
-0.340086
-0.365417
-0.387345
-0.373056
-0.424726
-0.402247
-0.447407
-0.447793
-0.419287
-0.444984
-0.499435
-0.467787
-0.453147
-0.465503
-0.485096
-0.468754
-0.499012
-0.488347
-0.47261
-0.404535
-0.396262
-0.412993
-0.384952
-0.423428
-0.415072
-0.359369
-0.359892
-0.410725
-0.409599
-0.387819
-0.394435
-0.367779
-0.322051
-0.388182
-0.421481
-0.342109
-0.296807
-0.359719
-0.41642
-0.420655
-0.389434
-0.401319
-0.398955
-0.355921
-0.330276
-0.364558
-0.33555
-0.347284
-0.373382
-0.340533
-0.371349
-0.439275
-0.449711
-0.469987
-0.466895
-0.459551
-0.463137
-0.482328
-0.481679
-0.498188
-0.402248
-0.397871
-0.390183
-0.338936
-0.37643
-0.356572
-0.404756
-0.410306
-0.38948
-0.317237
-0.362679
-0.345902
-0.360964
-0.368103
-0.361899
-0.314824
-0.341295
-0.336336
-0.338606
-0.329663
-0.365961
-0.361723
-0.38594
-0.368363
-0.370086
-0.395896
-0.363793
-0.376159
-0.344228
-0.367029
-0.345252
-0.369235
-0.345385
-0.390682
-0.425379
-0.453675
-0.52818
-0.433336
-0.53003
-0.456529
-0.414184
-0.381766
-0.365449
-0.390643
-0.394349
-0.404066
-0.359553
-0.316295
-0.442209
-0.387149
-0.362966
-0.418334
-0.352118
-0.375239
-0.387003
-0.343574
-0.438572
-0.406265
-0.454528
-0.445404
-0.443355
-0.454369
-0.457801
-0.472953
-0.393071
-0.46662
-0.432563
-0.453323
-0.516942
-0.463437
-0.527848
-0.443352
-0.36972
-0.405539
-0.423539
-0.415356
-0.428777
-0.367195
-0.475372
-0.443769
-0.416035
-0.432818
-0.419185
-0.375768
-0.385574
-0.433639
-0.417611
-0.410461
-0.371078
-0.43496
-0.388506
-0.359469
-0.37688
-0.318851
-0.420668
-0.416482
-0.421809
-0.437838
-0.412154
-0.378054
-0.402108
-0.422341
-0.357171
-0.382184
-0.408665
-0.407096
-0.384395
-0.373064
-0.425312
-0.427837
-0.400908
-0.42612
-0.445268
-0.401766
-0.307359
-0.359115
-0.408708
-0.420722
-0.371065
-0.394433
-0.331148
-0.382781
-0.444228
-0.424234
-0.438401
-0.46032
-0.441195
-0.498369
-0.434772
-0.401627
-0.458754
-0.469551
-0.519233
-0.457246
-0.458539
-0.451811
-0.46195
-0.438071
-0.381034
-0.448626
-0.438352
-0.496971
-0.490738
-0.491431
-0.500441
-0.451015
-0.424983
-0.414881
-0.404837
-0.416727
-0.383674
-0.370743
-0.356011
-0.400511
-0.429014
-0.393707
-0.389528
-0.415782
-0.399888
-0.408367
-0.438109
-0.44863
-0.366761
-0.396986
-0.494527
-0.461111
-0.496744
-0.470193
-0.465442
-0.431213
-0.412032
-0.437391
-0.430118
-0.456493
-0.480027
-0.504399
-0.402851
-0.403956
-0.421424
-0.448274
-0.399262
-0.434928
-0.439892
-0.422607
-0.438075
-0.412528
-0.465017
-0.469665
-0.491547
-0.484145
-0.395101
-0.438243
-0.445072
-0.440198
-0.466414
-0.382475
-0.376374
-0.406426
-0.367962
-0.451381
-0.394254
-0.41206
-0.308217
-0.37673
-0.449115
-0.449915
-0.445229
-0.392413
-0.370065
-0.35601
-0.378153
-0.38708
-0.401895
-0.313882
-0.36836
-0.365453
-0.374353
-0.427012
-0.448705
-0.495797
-0.462258
-0.36158
-0.443575
-0.472023
-0.463743
-0.419516
-0.380842
-0.371042
-0.39617
-0.332285
-0.44113
-0.446094
-0.500314
-0.495262
-0.485243
-0.489891
-0.497081
-0.424894
-0.510908
-0.47397
-0.474746
-0.411262
-0.416242
-0.428217
-0.433048
-0.426788
-0.414527
-0.479309
-0.401621
-0.37656
-0.373737
-0.432564
-0.373689
-0.351341
-0.356574
-0.415625
-0.37513
-0.415638
-0.409885
-0.392241
-0.466663
-0.493658
-0.430834
-0.424938
-0.416502
-0.451405
-0.465762
-0.468573
-0.472423
-0.556794
-0.549035
-0.507612
-0.481081
-0.434135
-0.408283
-0.392751
-0.443727
-0.430007
-0.4406
-0.4689
-0.375341
-0.421247
-0.429687
-0.471732
-0.488508
-0.430666
-0.421496
-0.441299
-0.452615
-0.428317
-0.417314
-0.452945
-0.465539
-0.424544
-0.469685
-0.456608
-0.463611
-0.47947
-0.447336
-0.444855
-0.450768
-0.456989
-0.355714
-0.337773
-0.325133
-0.330964
-0.370109
-0.382912
-0.426458
-0.417565
-0.351617
-0.404026
-0.443331
-0.410641
-0.38107
-0.404244
-0.445883
-0.410616
-0.394497
-0.390485
-0.40717
-0.428057
-0.412575
-0.468313
-0.506738
-0.460186
-0.423225
-0.373821
-0.333069
-0.386953
-0.445535
-0.431
-0.418639
-0.384197
-0.387346
-0.416559
-0.427502
-0.374389
-0.391244
-0.391497
-0.393892
-0.457663
-0.450916
-0.390279
-0.382866
-0.359874
-0.417391
-0.407487
-0.386655
-0.34263
-0.381684
-0.443825
-0.433398
-0.391402
-0.455909
-0.467598
-0.374999
-0.3426
-0.349324
-0.36026
-0.42087
-0.383268
-0.427474
-0.381357
-0.34366
-0.384099
-0.357545
-0.374557
-0.418189
-0.429534
-0.435463
-0.437352
-0.46564
-0.467977
-0.495222
-0.454798
-0.511677
-0.535546
-0.507386
-0.446252
-0.390388
-0.474628
-0.4734
-0.431018
-0.467616
-0.466929
-0.429252
-0.436997
-0.546962
-0.43086
-0.357376
-0.31351
-0.288992
-0.327307
-0.344707
-0.398133
-0.375194
-0.455468
-0.417203
-0.364201
-0.360758
-0.372495
-0.308339
-0.363267
-0.322272
-0.354762
-0.360245
-0.353805
-0.40497
-0.446616
-0.421605
-0.476389
-0.38636
-0.396042
-0.474084
-0.392557
-0.375976
-0.379554
-0.431559
-0.418498
-0.377786
-0.399447
-0.356989
-0.381556
-0.402259
-0.387752
-0.393653
-0.332463
-0.37298
-0.386886
-0.38196
-0.400716
-0.423751
-0.397662
-0.407714
-0.365845
-0.381787
-0.357185
-0.341812
-0.297792
-0.371771
-0.387456
-0.334972
-0.352324
-0.377542
-0.354186
-0.348509
-0.326709
-0.433837
-0.408638
-0.400182
-0.404257
-0.372556
-0.426801
-0.45421
-0.436999
-0.424941
-0.383941
-0.350211
-0.406549
-0.391967
-0.388594
-0.391919
-0.423323
-0.377415
-0.431994
-0.375311
-0.37403
-0.425774
-0.418649
-0.467518
-0.441069
-0.389247
-0.37684
-0.397319
-0.398019
-0.36314
-0.390015
-0.400561
-0.406255
-0.371948
-0.357666
-0.343064
-0.353075
-0.34693
-0.324245
-0.338641
-0.316113
-0.352834
-0.341825
-0.382978
-0.398684
-0.363084
-0.410121
-0.431005
-0.44023
-0.451717
-0.461996
-0.396352
-0.405783
-0.381946
-0.380006
-0.34526
-0.308135
-0.356468
-0.428788
-0.41235
-0.410249
-0.404865
-0.422763
-0.390647
-0.420214
-0.413869
-0.434905
-0.410438
-0.445338
-0.459156
-0.45005
-0.465767
-0.464645
-0.479418
-0.449448
-0.427608
-0.462159
-0.420359
-0.405939
-0.431165
-0.400079
-0.407345
-0.422901
-0.481528
-0.414407
-0.40896
-0.432389
-0.420301
-0.416139
-0.406569
-0.386928
-0.342319
-0.336089
-0.382294
-0.358114
-0.372061
-0.352611
-0.372904
-0.34856
-0.40892
-0.394902
-0.388904
-0.412965
-0.345152
-0.317164
-0.32907
-0.362264
-0.384593
-0.35212
-0.390498
-0.414232
-0.385835
-0.39956
-0.326494
-0.341066
-0.364639
-0.381476
-0.423093
-0.42957
-0.382567
-0.366243
-0.374366
-0.35735
-0.38443
-0.370902
-0.317123
-0.38165
-0.406006
-0.43135
-0.478111
-0.535307
-0.552742
-0.531015
-0.531605
-0.494545
-0.484035
-0.450536
-0.382703
-0.372306
-0.396733
-0.412911
-0.414056
-0.410764
-0.440924
-0.319814
-0.343115
-0.431812
-0.398395
-0.391428
-0.402699
-0.411823
-0.386918
-0.390417
-0.416529
-0.392481
-0.371185
-0.346649
-0.32311
-0.407007
-0.427803
-0.364641
-0.387673
-0.40994
-0.423482
-0.405119
-0.347742
-0.371925
-0.36211
-0.378987
-0.377474
-0.416326
-0.384307
-0.451023
-0.391314
-0.432555
-0.387612
-0.430976
-0.457018
-0.482405
-0.421881
-0.391293
-0.413882
-0.404025
-0.357481
-0.362471
-0.335948
-0.439211
-0.405684
-0.380762
-0.357217
-0.326381
-0.395662
-0.341
-0.3448
-0.413239
-0.406993
-0.47316
-0.449981
-0.386836
-0.427923
-0.377776
-0.361744
-0.372444
-0.35127
-0.370133
-0.324834
-0.384089
-0.394072
-0.373626
-0.360466
-0.343149
-0.388773
-0.349109
-0.366006
-0.355841
-0.384501
-0.436905
-0.448188
-0.432767
-0.377355
-0.379067
-0.427977
-0.453679
-0.410039
-0.431299
-0.394648
-0.366617
-0.395252
-0.42312
-0.34959
-0.340182
-0.412675
-0.341825
-0.36625
-0.415818
-0.428789
-0.431696
-0.431716
-0.445047
-0.374898
-0.393305
-0.359279
-0.418666
-0.411295
-0.343379
-0.387434
-0.411742
-0.413571
-0.334447
-0.417972
-0.43607
-0.414507
-0.434167
-0.402172
-0.342195
-0.381084
-0.426011
-0.450317
-0.411784
-0.501635
-0.415052
-0.386634
-0.396852
-0.378906
-0.411739
-0.371682
-0.36098
-0.438154
-0.489646
-0.430743
-0.394092
-0.351833
-0.299222
-0.355954
-0.40076
-0.41443
-0.445554
-0.421571
-0.367307
-0.315459
-0.329509
-0.392552
-0.380876
-0.357921
-0.375079
-0.336973
-0.306238
-0.334963
-0.351674
-0.360105
-0.378807
-0.398677
-0.43119
-0.418032
-0.455582
-0.402675
-0.325414
-0.375751
-0.450426
-0.466284
-0.375489
-0.289263
-0.329133
-0.371646
-0.429501
-0.354448
-0.331663
-0.336547
-0.422677
-0.366887
-0.392732
-0.399036
-0.439168
-0.399444
-0.427261
-0.377053
-0.379546
-0.438397
-0.490209
-0.474906
-0.415186
-0.431169
-0.493523
-0.530402
-0.552699
-0.563719
-0.586905
-0.50095
-0.495196
-0.474513
-0.410326
-0.356247
-0.361225
-0.381611
-0.363958
-0.371384
-0.437996
-0.410631
-0.499112
-0.469974
-0.505846
-0.495746
-0.504767
-0.516384
-0.482221
-0.509733
-0.506291
-0.516699
-0.5151
-0.580278
-0.529396
-0.494514
-0.484273
-0.525761
-0.555999
-0.537879
-0.477259
-0.477031
-0.486146
-0.464755
-0.429636
-0.411258
-0.409303
-0.410039
-0.351256
-0.346493
-0.38623
-0.347588
-0.404061
-0.437823
-0.406127
-0.381607
-0.431547
-0.396418
-0.403332
-0.396734
-0.405284
-0.384759
-0.401686
-0.379239
-0.379483
-0.374799
-0.372163
-0.409276
-0.381897
-0.364587
-0.359613
-0.388169
-0.44799
-0.422252
-0.382613
-0.402353
-0.455626
-0.410478
-0.337691
-0.340498
-0.344329
-0.405569
-0.386496
-0.383078
-0.34203
-0.361996
-0.365228
-0.328155
-0.386824
-0.409979
-0.421963
-0.42685
-0.383187
-0.405926
-0.452306
-0.428189
-0.440536
-0.440035
-0.416974
-0.343119
-0.343367
-0.343276
-0.342391
-0.291534
-0.342331
-0.334427
-0.364356
-0.335825
-0.352785
-0.268004
-0.319611
-0.352038
-0.451303
-0.438164
-0.382264
-0.40291
-0.382094
-0.3232
-0.320018
-0.250009
-0.339104
-0.339326
-0.377729
-0.382377
-0.361123
-0.313377
-0.347544
-0.396102
-0.339707
-0.40375
-0.401204
-0.364066
-0.364133
-0.380426
-0.382215
-0.399127
-0.375224
-0.421174
-0.349684
-0.327189
-0.300243
-0.335152
-0.406249
-0.393133
-0.394581
-0.359852
-0.420299
-0.397776
-0.39418
-0.37883
-0.353975
-0.328782
-0.343594
-0.368943
-0.464092
-0.43009
-0.405249
-0.399998
-0.341463
-0.371735
-0.422032
-0.465293
-0.367694
-0.381494
-0.389917
-0.398013
-0.368386
-0.373336
-0.329486
-0.338346
-0.429958
-0.4065
-0.338573
-0.342771
-0.393008
-0.46146
-0.440558
-0.436122
-0.444174
-0.401642
-0.451538
-0.497093
-0.466748
-0.460209
-0.451008
-0.452272
-0.418886
-0.422099
-0.354873
-0.326445
-0.375764
-0.35651
-0.353657
-0.381451
-0.355971
-0.365121
-0.335201
-0.354381
-0.40036
-0.3679
-0.447205
-0.524904
-0.491253
-0.459062
-0.46223
-0.454344
-0.418026
-0.450731
-0.478599
-0.434846
-0.428975
-0.434683
-0.395083
-0.355734
-0.317447
-0.350662
-0.332875
-0.374827
-0.376218
-0.326956
-0.353426
-0.354099
-0.360355
-0.303937
-0.360708
-0.348648
-0.377351
-0.358581
-0.35666
-0.428461
-0.340313
-0.299092
-0.335386
-0.351842
-0.343906
-0.367989
-0.3241
-0.374561
-0.377475
-0.378965
-0.436428
-0.372361
-0.375702
-0.404601
-0.442335
-0.439292
-0.433971
-0.401175
-0.388407
-0.369562
-0.370071
-0.366455
-0.354624
-0.413417
-0.438317
-0.455201
-0.439018
-0.451003
-0.432038
-0.431618
-0.385565
-0.409167
-0.447592
-0.497676
-0.492159
-0.41048
-0.386705
-0.461381
-0.522597
-0.449489
-0.45225
-0.441026
-0.46917
-0.464095
-0.454942
-0.36679
-0.431305
-0.462006
-0.407838
-0.427455
-0.430843
-0.405119
-0.440502
-0.405209
-0.353628
-0.391153
-0.390149
-0.347816
-0.394761
-0.383041
-0.373146
-0.431206
-0.40347
-0.473678
-0.483142
-0.446548
-0.464204
-0.451795
-0.407546
-0.401048
-0.337694
-0.384269
-0.402637
-0.433041
-0.419153
-0.364263
-0.392953
-0.367943
-0.41045
-0.405581
-0.343139
-0.425702
-0.457638
-0.360696
-0.306175
-0.343406
-0.337236
-0.369781
-0.387844
-0.395759
-0.402385
-0.343405
-0.287235
-0.357904
-0.428395
-0.376193
-0.406722
-0.348381
-0.365167
-0.405384
-0.337833
-0.317543
-0.387407
-0.397746
-0.412554
-0.394483
-0.466477
-0.491535
-0.489997
-0.443876
-0.421408
-0.418604
-0.466137
-0.407902
-0.402977
-0.436664
-0.4058
-0.443987
-0.413276
-0.419376
-0.412284
-0.373926
-0.321922
-0.308499
-0.443538
-0.452568
-0.478978
-0.396878
-0.376751
-0.345943
-0.339267
-0.392734
-0.33621
-0.402142
-0.437527
-0.423486
-0.452089
-0.460888
-0.437178
-0.459802
-0.421737
-0.37392
-0.398669
-0.415614
-0.394201
-0.335113
-0.350917
-0.293152
-0.35145
-0.414595
-0.415368
-0.450025
-0.461251
-0.409675
-0.40572
-0.399316
-0.422155
-0.395734
-0.371738
-0.351978
-0.338929
-0.352773
-0.390318
-0.488636
-0.407585
-0.433894
-0.397542
-0.3748
-0.423455
-0.388186
-0.450939
-0.44459
-0.415694
-0.39
-0.436852
-0.488819
-0.474137
-0.407509
-0.410882
-0.413338
-0.438596
-0.475212
-0.418334
-0.406099
-0.378512
-0.364958
-0.406443
-0.47784
-0.474136
-0.487012
-0.49371
-0.519261
-0.504707
-0.490358
-0.522846
-0.518525
-0.455464
-0.482293
-0.448471
-0.418889
-0.536395
-0.498679
-0.469301
-0.465586
-0.501991
-0.501766
-0.512436
-0.43258
-0.438865
-0.445206
-0.524454
-0.482971
-0.428121
-0.375858
-0.367846
-0.388155
-0.418137
-0.423549
-0.357634
-0.334411
-0.431436
-0.375789
-0.43239
-0.418631
-0.432861
-0.505425
-0.459372
-0.445092
-0.395491
-0.391155
-0.450155
-0.344196
-0.27943
-0.361349
-0.423762
-0.352271
-0.361327
-0.363405
-0.323202
-0.363601
-0.355509
-0.374866
-0.371263
-0.437815
-0.417016
-0.372701
-0.423255
-0.432495
-0.378763
-0.450583
-0.452391
-0.444969
-0.428692
-0.42573
-0.450993
-0.425372
-0.421601
-0.33134
-0.337114
-0.340895
-0.399732
-0.353376
-0.355467
-0.302576
-0.252734
-0.307647
-0.31578
-0.394848
-0.376564
-0.429183
-0.393659
-0.374337
-0.411742
-0.387882
-0.384227
-0.379629
-0.471986
-0.423702
-0.379116
-0.46148
-0.430516
-0.397454
-0.45298
-0.441682
-0.396825
-0.421077
-0.415903
-0.477598
-0.478501
-0.440102
-0.487892
-0.477911
-0.443107
-0.418554
-0.399873
-0.487547
-0.517292
-0.453259
-0.441264
-0.362447
-0.370421
-0.382903
-0.438532
-0.40043
-0.382899
-0.380736
-0.400059
-0.384325
-0.363015
-0.424758
-0.436997
-0.396537
-0.388082
-0.44085
-0.460794
-0.461106
-0.449914
-0.376096
-0.366444
-0.375178
-0.381708
-0.441596
-0.483586
-0.459034
-0.430318
-0.462848
-0.464237
-0.394345
-0.41753
-0.412413
-0.411237
-0.418965
-0.420178
-0.381132
-0.342846
-0.372736
-0.351564
-0.345517
-0.284785
-0.348452
-0.345708
-0.391292
-0.37236
-0.413778
-0.418777
-0.411349
-0.394634
-0.418885
-0.36813
-0.389818
-0.40955
-0.372688
-0.351766
-0.300292
-0.381945
-0.32943
-0.357329
-0.43692
-0.424739
-0.463877
-0.443627
-0.410269
-0.482073
-0.410063
-0.388978
-0.383409
-0.402573
-0.40023
-0.41039
-0.412292
-0.416812
-0.413396
-0.346477
-0.346368
-0.368529
-0.378334
-0.427776
-0.342427
-0.379508
-0.389412
-0.298733
-0.372203
-0.347441
-0.368824
-0.385365
-0.32536
-0.39227
-0.30408
-0.325273
-0.378861
-0.401444
-0.433854
-0.461187
-0.426829
-0.382
-0.386898
-0.417165
-0.36612
-0.464794
-0.462436
-0.424323
-0.382501
-0.323846
-0.401559
-0.384113
-0.392038
-0.415876
-0.407577
-0.375395
-0.382101
-0.404752
-0.409641
-0.448031
-0.477276
-0.429249
-0.41934
-0.448025
-0.448593
-0.427492
-0.368668
-0.395155
-0.35157
-0.389341
-0.421876
-0.43059
-0.437905
-0.475583
-0.446955
-0.466705
-0.390405
-0.338577
-0.39087
-0.305707
-0.37052
-0.440229
-0.421794
-0.424203
-0.430742
-0.476972
-0.406521
-0.379857
-0.348261
-0.369531
-0.350822
-0.349863
-0.35824
-0.375529
-0.357859
-0.360274
-0.414773
-0.417591
-0.37427
-0.439642
-0.408408
-0.363318
-0.322101
-0.335987
-0.357416
-0.400695
-0.373216
-0.470076
-0.341801
-0.331317
-0.34389
-0.392685
-0.430594
-0.472458
-0.471689
-0.503198
-0.489377
-0.408622
-0.468466
-0.53843
-0.521495
-0.551987
-0.454489
-0.441806
-0.487655
-0.454056
-0.446443
-0.448583
-0.526936
-0.432
-0.379532
-0.418372
-0.440854
-0.421601
-0.485625
-0.499599
-0.408111
-0.453288
-0.460452
-0.424871
-0.51457
-0.395881
-0.436137
-0.470331
-0.433543
-0.441072
-0.403266
-0.409047
-0.488673
-0.465516
-0.531949
-0.532768
-0.477786
-0.459104
-0.486147
-0.462613
-0.438825
-0.464701
-0.442969
-0.449791
-0.448285
-0.416719
-0.404217
-0.465362
-0.453058
-0.397481
-0.387797
-0.398045
-0.381256
-0.372622
-0.389173
-0.427351
-0.400213
-0.363128
-0.396525
-0.410128
-0.472296
-0.452893
-0.443237
-0.44002
-0.439016
-0.500532
-0.470634
-0.426982
-0.435542
-0.444372
-0.405831
-0.49293
-0.521879
-0.571921
-0.527137
-0.444757
-0.438707
-0.426584
-0.457957
-0.455268
-0.430606
-0.396318
-0.381485
-0.398601
-0.410789
-0.423567
-0.430492
-0.391494
-0.384972
-0.419538
-0.385797
-0.404553
-0.463391
-0.486794
-0.41631
-0.456358
-0.482586
-0.435705
-0.397181
-0.329837
-0.353429
-0.385727
-0.409941
-0.390531
-0.377671
-0.367739
-0.410865
-0.450603
-0.38126
-0.491603
-0.517481
-0.445094
-0.458508
-0.446995
-0.445927
-0.501065
-0.51844
-0.485435
-0.485468
-0.55424
-0.540231
-0.462647
-0.467049
-0.437535
-0.483838
-0.399188
-0.387936
-0.360909
-0.326882
-0.404135
-0.451369
-0.467871
-0.401138
-0.45175
-0.444926
-0.437605
-0.398941
-0.35223
-0.365021
-0.316817
-0.311771
-0.34133
-0.323095
-0.38233
-0.40588
-0.377566
-0.373234
-0.378679
-0.380942
-0.362923
-0.397207
-0.348433
-0.341189
-0.355043
-0.383628
-0.327242
-0.323191
-0.378838
-0.388427
-0.376763
-0.386365
-0.348908
-0.441208
-0.45127
-0.418784
-0.418057
-0.440947
-0.335896
-0.395977
-0.397766
-0.433147
-0.445173
-0.431113
-0.44844
-0.4599
-0.471622
-0.513896
-0.52105
-0.498514
-0.39208
-0.367586
-0.393298
-0.430906
-0.403342
-0.335276
-0.407959
-0.355016
-0.41645
-0.337967
-0.358437
-0.360717
-0.328199
-0.325798
-0.43384
-0.431658
-0.399063
-0.361596
-0.398894
-0.355767
-0.396472
-0.347556
-0.413474
-0.383176
-0.318794
-0.396329
-0.43516
-0.437799
-0.406346
-0.437142
-0.430502
-0.498015
-0.391015
-0.419506
-0.417223
-0.318693
-0.374461
-0.362529
-0.364207
-0.417469
-0.413656
-0.423362
-0.339181
-0.302441
-0.357581
-0.302754
-0.336426
-0.346373
-0.398883
-0.388698
-0.381616
-0.364429
-0.44675
-0.382325
-0.369192
-0.420547
-0.439047
-0.436156
-0.406989
-0.428924
-0.379676
-0.357137
-0.317644
-0.41644
-0.432797
-0.432532
-0.423014
-0.434091
-0.405063
-0.437172
-0.40782
-0.479681
-0.444764
-0.513089
-0.534232
-0.468365
-0.410344
-0.475385
-0.401973
-0.400304
-0.434805
-0.463465
-0.506549
-0.426241
-0.4193
-0.433287
-0.426137
-0.479427
-0.4472
-0.445682
-0.440364
-0.408244
-0.372623
-0.342322
-0.404227
-0.364183
-0.371951
-0.355003
-0.384007
-0.377972
-0.408362
-0.456377
-0.373409
-0.405172
-0.496298
-0.452485
-0.527582
-0.479151
-0.441192
-0.419033
-0.452447
-0.489403
-0.419659
-0.448848
-0.40718
-0.460948
-0.457065
-0.498027
-0.466198
-0.486459
-0.519154
-0.467482
-0.393464
-0.406643
-0.418937
-0.378523
-0.362073
-0.358676
-0.40283
-0.389203
-0.398454
-0.3841
-0.364343
-0.393665
-0.409905
-0.346705
-0.396864
-0.409579
-0.427243
-0.46155
-0.404822
-0.366599
-0.379238
-0.424024
-0.388793
-0.369453
-0.438659
-0.428852
-0.451341
-0.454114
-0.446691
-0.440839
-0.393972
-0.383302
-0.449651
-0.422368
-0.42053
-0.426877
-0.42643
-0.405915
-0.466048
-0.425055
-0.470605
-0.514295
-0.517077
-0.477411
-0.447929
-0.421067
-0.440384
-0.43398
-0.403825
-0.476958
-0.42107
-0.396848
-0.37656
-0.381244
-0.351203
-0.384598
-0.452362
-0.488609
-0.472531
-0.440378
-0.412919
-0.471828
-0.417197
-0.384732
-0.388513
-0.394595
-0.389812
-0.431157
-0.409637
-0.422558
-0.391349
-0.42453
-0.326195
-0.369032
-0.364062
-0.398579
-0.35068
-0.401058
-0.383354
-0.396343
-0.377331
-0.375168
-0.396175
-0.381965
-0.403919
-0.380057
-0.37399
-0.326994
-0.326792
-0.361696
-0.32219
-0.356465
-0.357148
-0.354847
-0.416237
-0.367367
-0.387159
-0.425993
-0.37454
-0.441016
-0.398282
-0.415835
-0.372237
-0.371707
-0.378587
-0.356167
-0.391812
-0.33263
-0.366001
-0.321149
-0.319237
-0.319495
-0.323854
-0.319387
-0.407461
-0.446463
-0.416426
-0.407736
-0.388044
-0.417842
-0.448738
-0.436631
-0.404958
-0.363487
-0.36964
-0.419088
-0.403997
-0.442345
-0.499469
-0.409925
-0.429697
-0.460323
-0.460488
-0.396588
-0.411334
-0.336086
-0.424195
-0.398046
-0.42842
-0.365298
-0.31202
-0.334063
-0.338866
-0.280281
-0.379142
-0.454805
-0.466151
-0.440028
-0.4133
-0.496132
-0.44615
-0.38612
-0.494307
-0.47242
-0.466045
-0.441622
-0.420438
-0.421348
-0.376849
-0.358613
-0.359605
-0.452564
-0.412028
-0.392796
-0.361387
-0.339823
-0.395009
-0.392323
-0.348992
-0.390091
-0.429057
-0.518852
-0.472283
-0.472572
-0.455849
-0.386577
-0.416921
-0.357976
-0.310178
-0.327019
-0.406985
-0.373726
-0.39932
-0.44019
-0.381295
-0.387732
-0.43564
-0.401093
-0.408558
-0.40725
-0.379884
-0.324436
-0.416277
-0.367242
-0.404172
-0.396749
-0.402261
-0.443642
-0.447838
-0.434618
-0.380563
-0.34016
-0.38527
-0.349599
-0.403118
-0.329526
-0.407841
-0.414922
-0.376154
-0.407126
-0.400085
-0.406403
-0.39971
-0.366571
-0.43461
-0.475232
-0.474254
-0.487599
-0.469575
-0.415295
-0.414344
-0.387618
-0.399881
-0.420815
-0.415548
-0.355042
-0.371118
-0.358384
-0.422136
-0.416107
-0.498894
-0.58104
-0.506187
-0.46843
-0.51461
-0.506521
-0.468181
-0.461555
-0.404905
-0.409373
-0.440701
-0.40136
-0.377661
-0.42294
-0.436915
-0.478966
-0.462388
-0.425899
-0.431443
-0.423679
-0.448561
-0.44697
-0.43272
-0.474242
-0.414013
-0.434667
-0.334264
-0.4056
-0.411771
-0.363245
-0.462941
-0.36142
-0.34524
-0.416475
-0.353382
-0.388427
-0.449354
-0.42654
-0.446798
-0.44671
-0.439999
-0.404471
-0.461516
-0.458899
-0.482168
-0.448575
-0.420115
-0.38473
-0.315779
-0.320971
-0.382857
-0.368831
-0.356081
-0.388354
-0.435612
-0.36316
-0.350394
-0.34286
-0.327422
-0.326721
-0.360678
-0.342921
-0.351599
-0.383636
-0.335303
-0.313638
-0.342862
-0.344551
-0.389315
-0.407308
-0.417286
-0.433862
-0.420815
-0.416482
-0.451112
-0.378332
-0.406676
-0.31091
-0.351921
-0.399777
-0.394428
-0.423835
-0.390396
-0.36151
-0.383037
-0.398738
-0.380178
-0.387142
-0.308288
-0.453121
-0.486884
-0.398152
-0.385198
-0.451182
-0.426362
-0.391143
-0.44481
-0.478894
-0.561279
-0.506049
-0.446707
-0.42586
-0.422951
-0.444315
-0.467409
-0.457972
-0.464203
-0.443496
-0.363049
-0.348716
-0.316312
-0.331751
-0.394288
-0.338206
-0.394214
-0.429929
-0.413576
-0.466739
-0.463094
-0.417125
-0.47995
-0.475304
-0.450842
-0.402782
-0.453091
-0.498454
-0.51226
-0.485926
-0.39999
-0.360661
-0.333492
-0.36055
-0.362632
-0.36411
-0.429115
-0.450013
-0.445262
-0.421351
-0.389682
-0.394109
-0.406834
-0.411656
-0.443384
-0.39867
-0.410804
-0.434086
-0.393754
-0.391708
-0.390713
-0.379036
-0.408908
-0.432537
-0.381247
-0.367634
-0.402635
-0.412213
-0.397776
-0.44701
-0.409673
-0.430346
-0.39
-0.428587
-0.472051
-0.451372
-0.476116
-0.447869
-0.512832
-0.474976
-0.453906
-0.341608
-0.440144
-0.422351
-0.468729
-0.45718
-0.513044
-0.503584
-0.443446
-0.400996
-0.431465
-0.539215
-0.508911
-0.471917
-0.451585
-0.43409
-0.423899
-0.391463
-0.356105
-0.297572
-0.328397
-0.308087
-0.395555
-0.393648
-0.37723
-0.411045
-0.394192
-0.383393
-0.395205
-0.405671
-0.389027
-0.394173
-0.383732
-0.301644
-0.33192
-0.358075
-0.443842
-0.449163
-0.4487
-0.425661
-0.440887
-0.44309
-0.369627
-0.32523
-0.423821
-0.42518
-0.372834
-0.327477
-0.392093
-0.425709
-0.452283
-0.38649
-0.422452
-0.462452
-0.486465
-0.49213
-0.429145
-0.365665
-0.32703
-0.377374
-0.407812
-0.427878
-0.441874
-0.444527
-0.388688
-0.373755
-0.365921
-0.378057
-0.389936
-0.393533
-0.336113
-0.487829
-0.437656
-0.421932
-0.382867
-0.36857
-0.37505
-0.444672
-0.439121
-0.437365
-0.39169
-0.404152
-0.393703
-0.383183
-0.397705
-0.433841
-0.439985
-0.392047
-0.436767
-0.341453
-0.302081
-0.324007
-0.342079
-0.378236
-0.385491
-0.348053
-0.330372
-0.311281
-0.343282
-0.380285
-0.354132
-0.392082
-0.334812
-0.37157
-0.422215
-0.435291
-0.338601
-0.388614
-0.409062
-0.433103
-0.392979
-0.412048
-0.396117
-0.413693
-0.494948
-0.456573
-0.392716
-0.402512
-0.351622
-0.382124
-0.3792
-0.375462
-0.362154
-0.399074
-0.396275
-0.407396
-0.406254
-0.424478
-0.426744
-0.419038
-0.317007
-0.351981
-0.384592
-0.299921
-0.250285
-0.325535
-0.372588
-0.363668
-0.429846
-0.392602
-0.415399
-0.434261
-0.515662
-0.514412
-0.484949
-0.469446
-0.486443
-0.513927
-0.537358
-0.527791
-0.429864
-0.468673
-0.429768
-0.418215
-0.420873
-0.392436
-0.500737
-0.432279
-0.405863
-0.453197
-0.446382
-0.406199
-0.383944
-0.397733
-0.353242
-0.397777
-0.362363
-0.3372
-0.358526
-0.364983
-0.397565
-0.36648
-0.41679
-0.419315
-0.416489
-0.403267
-0.445189
-0.351317
-0.321077
-0.346745
-0.365614
-0.403014
-0.421659
-0.404883
-0.415353
-0.458877
-0.429431
-0.466296
-0.459646
-0.456931
-0.415996
-0.468617
-0.442998
-0.422169
-0.396929
-0.482743
-0.485097
-0.473327
-0.495944
-0.426251
-0.399061
-0.401416
-0.488996
-0.475336
-0.373961
-0.300528
-0.404047
-0.419771
-0.443017
-0.432707
-0.400901
-0.494616
-0.56406
-0.515201
-0.495894
-0.477746
-0.479315
-0.503458
-0.462314
-0.41056
-0.428946
-0.465414
-0.374017
-0.316674
-0.38396
-0.365547
-0.430988
-0.453957
-0.447049
-0.385459
-0.482702
-0.437531
-0.475841
-0.459565
-0.433132
-0.492742
-0.529584
-0.541559
-0.415692
-0.377973
-0.444054
-0.401515
-0.371354
-0.335994
-0.398092
-0.387045
-0.324763
-0.361985
-0.42651
-0.430634
-0.414464
-0.392091
-0.434004
-0.440816
-0.400939
-0.430586
-0.417134
-0.440375
-0.48172
-0.439366
-0.42103
-0.423067
-0.392607
-0.411148
-0.436783
-0.35069
-0.356486
-0.310206
-0.378267
-0.36845
-0.344126
-0.348775
-0.397204
-0.374358
-0.425464
-0.466006
-0.471021
-0.517623
-0.479153
-0.49707
-0.40711
-0.418916
-0.412592
-0.385124
-0.384057
-0.364349
-0.421352
-0.395819
-0.481695
-0.526158
-0.53486
-0.467115
-0.524087
-0.459804
-0.474434
-0.379939
-0.437146
-0.424254
-0.415955
-0.405684
-0.440014
-0.42753
-0.446814
-0.453494
-0.418872
-0.377776
-0.328564
-0.32757
-0.336148
-0.349337
-0.438301
-0.412348
-0.392343
-0.318891
-0.309876
-0.357035
-0.386089
-0.367778
-0.349305
-0.362547
-0.305904
-0.385883
-0.421462
-0.391287
-0.377594
-0.392249
-0.352455
-0.35365
-0.319785
-0.32269
-0.280747
-0.355786
-0.390482
-0.43549
-0.407414
-0.361284
-0.366108
-0.393029
-0.410689
-0.408579
-0.422545
-0.38307
-0.386094
-0.388
-0.356766
-0.389238
-0.390508
-0.37265
-0.430115
-0.376634
-0.376967
-0.401473
-0.430679
-0.418844
-0.374076
-0.40466
-0.385718
-0.406035
-0.403039
-0.373257
-0.413086
-0.368559
-0.355393
-0.348474
-0.404076
-0.367255
-0.329676
-0.395704
-0.431062
-0.416392
-0.404388
-0.379007
-0.395386
-0.387287
-0.3832
-0.41931
-0.463304
-0.44546
-0.382452
-0.431571
-0.482677
-0.474168
-0.497021
-0.477461
-0.492467
-0.405295
-0.428353
-0.464469
-0.443566
-0.424949
-0.399533
-0.396339
-0.351335
-0.343327
-0.37887
-0.406646
-0.411598
-0.344792
-0.333638
-0.399434
-0.445974
-0.461134
-0.443168
-0.470035
-0.522647
-0.435182
-0.409874
-0.437532
-0.379047
-0.393849
-0.356075
-0.419162
-0.456357
-0.42625
-0.420607
-0.433598
-0.403812
-0.415043
-0.38849
-0.41735
-0.402524
-0.326974
-0.314262
-0.359281
-0.414282
-0.388844
-0.394772
-0.423412
-0.403193
-0.465673
-0.438016
-0.489428
-0.456229
-0.481913
-0.413295
-0.461474
-0.443665
-0.393409
-0.380728
-0.333887
-0.349697
-0.397483
-0.346302
-0.400129
-0.359709
-0.374308
-0.354848
-0.363054
-0.388608
-0.389877
-0.461015
-0.456986
-0.453264
-0.415619
-0.36742
-0.444084
-0.354623
-0.362041
-0.298122
-0.329343
-0.339105
-0.380226
-0.333884
-0.401605
-0.436345
-0.480178
-0.39163
-0.460822
-0.504399
-0.436607
-0.465888
-0.458613
-0.494464
-0.407823
-0.396677
-0.384001
-0.395144
-0.485344
-0.342394
-0.35907
-0.476341
-0.419253
-0.410174
-0.362092
-0.354838
-0.350668
-0.334509
-0.361437
-0.391414
-0.414591
-0.427492
-0.387187
-0.380545
-0.386071
-0.370379
-0.365283
-0.382772
-0.347462
-0.399068
-0.489358
-0.402019
-0.456065
-0.433609
-0.43737
-0.47259
-0.420801
-0.375451
-0.382153
-0.409156
-0.386077
-0.309807
-0.356038
-0.421234
-0.422784
-0.440215
-0.382376
-0.379662
-0.402901
-0.411703
-0.411471
-0.451675
-0.334331
-0.33563
-0.374271
-0.345001
-0.399191
-0.46843
-0.433385
-0.412644
-0.397811
-0.453128
-0.411021
-0.39141
-0.401439
-0.266708
-0.379244
-0.32293
-0.340198
-0.32102
-0.356907
-0.342654
-0.36918
-0.381164
-0.373688
-0.344487
-0.342511
-0.373673
-0.358116
-0.35291
-0.361255
-0.335995
-0.36321
-0.415912
-0.391368
-0.389772
-0.333712
-0.357475
-0.406255
-0.434899
-0.442075
-0.43095
-0.450629
-0.434029
-0.406627
-0.428798
-0.408958
-0.38828
-0.379464
-0.433563
-0.529299
-0.450662
-0.492441
-0.449281
-0.444872
-0.468676
-0.467044
-0.478297
-0.440749
-0.437902
-0.417952
-0.433822
-0.470779
-0.486909
-0.468532
-0.412983
-0.405408
-0.406825
-0.385232
-0.422106
-0.434428
-0.385041
-0.394221
-0.355767
-0.370941
-0.354476
-0.388439
-0.377346
-0.370422
-0.440782
-0.445276
-0.3749
-0.457316
-0.421386
-0.36216
-0.370803
-0.449327
-0.443573
-0.421113
-0.338407
-0.350793
-0.386566
-0.369956
-0.381707
-0.35663
-0.35227
-0.399982
-0.374553
-0.299425
-0.300997
-0.414822
-0.379762
-0.371096
-0.379551
-0.308842
-0.343378
-0.359365
-0.408117
-0.393184
-0.475021
-0.395674
-0.400816
-0.374679
-0.430705
-0.433068
-0.3833
-0.448117
-0.450232
-0.472815
-0.441551
-0.336904
-0.375416
-0.323247
-0.392967
-0.359119
-0.412198
-0.420571
-0.444554
-0.497234
-0.498602
-0.503706
-0.459251
-0.405335
-0.459299
-0.434408
-0.558307
-0.539909
-0.460056
-0.444613
-0.341853
-0.389422
-0.410977
-0.408919
-0.414679
-0.324851
-0.410211
-0.423164
-0.382816
-0.374383
-0.430553
-0.364782
-0.390221
-0.322567
-0.353319
-0.357734
-0.402274
-0.399434
-0.464124
-0.467094
-0.52537
-0.545537
-0.510791
-0.530965
-0.48956
-0.425035
-0.389061
-0.45311
-0.384079
-0.403851
-0.414341
-0.358118
-0.409833
-0.319093
-0.341389
-0.39539
-0.409617
-0.473052
-0.541954
-0.470001
-0.474722
-0.50968
-0.510633
-0.492965
-0.504894
-0.44024
-0.500735
-0.464289
-0.502307
-0.475019
-0.431978
-0.431924
-0.431541
-0.406564
-0.446114
-0.415701
-0.406487
-0.442225
-0.497819
-0.46861
-0.45445
-0.44973
-0.462138
-0.399931
-0.471931
-0.36547
-0.384245
-0.395123
-0.410872
-0.379521
-0.364271
-0.410627
-0.426683
-0.449592
-0.459976
-0.375902
-0.375125
-0.436209
-0.401894
-0.395782
-0.377096
-0.395316
-0.416012
-0.444892
-0.4255
-0.416341
-0.43955
-0.441338
-0.451901
-0.448736
-0.437258
-0.441331
-0.397818
-0.393736
-0.429881
-0.424831
-0.400314
-0.310563
-0.3615
-0.387369
-0.368617
-0.390431
-0.345763
-0.435301
-0.433813
-0.364632
-0.403929
-0.442348
-0.374805
-0.413369
-0.399211
-0.453965
-0.414222
-0.380117
-0.40693
-0.342005
-0.408516
-0.371702
-0.338908
-0.336918
-0.31691
-0.321327
-0.32668
-0.393643
-0.334408
-0.328656
-0.296632
-0.269285
-0.368607
-0.33406
-0.360774
-0.363707
-0.348526
-0.328993
-0.355497
-0.355008
-0.350834
-0.439602
-0.503117
-0.485486
-0.458104
-0.492375
-0.475428
-0.429142
-0.422152
-0.437621
-0.461684
-0.400578
-0.308723
-0.3273
-0.31875
-0.294925
-0.365049
-0.396138
-0.414023
-0.394242
-0.455149
-0.438264
-0.335886
-0.327221
-0.388339
-0.424389
-0.391621
-0.472971
-0.419261
-0.415124
-0.422761
-0.411647
-0.396106
-0.348308
-0.392371
-0.40526
-0.401591
-0.402576
-0.351042
-0.363181
-0.377501
-0.38218
-0.381496
-0.373115
-0.387466
-0.366672
-0.419598
-0.411846
-0.441717
-0.438509
-0.41559
-0.406436
-0.381718
-0.475194
-0.496403
-0.42238
-0.45033
-0.494146
-0.448506
-0.475918
-0.44272
-0.46278
-0.463987
-0.487229
-0.448164
-0.437335
-0.396308
-0.447102
-0.438638
-0.453607
-0.363958
-0.40641
-0.384082
-0.449423
-0.457575
-0.420745
-0.467116
-0.45948
-0.519871
-0.414525
-0.414401
-0.397866
-0.404774
-0.405394
-0.357075
-0.339477
-0.424894
-0.49482
-0.451984
-0.447716
-0.44954
-0.430313
-0.417287
-0.417427
-0.438008
-0.459889
-0.499724
-0.447693
-0.439661
-0.422436
-0.432897
-0.414711
-0.436926
-0.434073
-0.404348
-0.435621
-0.376301
-0.371331
-0.357669
-0.384221
-0.407011
-0.428448
-0.354999
-0.34151
-0.34072
-0.435744
-0.383456
-0.341075
-0.404826
-0.385246
-0.401695
-0.424449
-0.421359
-0.384339
-0.315081
-0.342929
-0.396883
-0.408192
-0.411479
-0.376198
-0.410144
-0.389631
-0.370383
-0.387563
-0.357589
-0.392044
-0.447825
-0.459435
-0.460515
-0.44722
-0.418816
-0.426104
-0.329488
-0.372
-0.311429
-0.359809
-0.403036
-0.37679
-0.376139
-0.415572
-0.40187
-0.375425
-0.443082
-0.472219
-0.434217
-0.430842
-0.373598
-0.468576
-0.494974
-0.424039
-0.390043
-0.410575
-0.417741
-0.440596
-0.386605
-0.402086
-0.429557
-0.414663
-0.403369
-0.429394
-0.415681
-0.392971
-0.388958
-0.394122
-0.325613
-0.347974
-0.336349
-0.29388
-0.309705
-0.315897
-0.313377
-0.322854
-0.331928
-0.381257
-0.43174
-0.440309
-0.385326
-0.440449
-0.443651
-0.400372
-0.398043
-0.416435
-0.36557
-0.357549
-0.379721
-0.358589
-0.357912
-0.343215
-0.429078
-0.400787
-0.372849
-0.395693
-0.34729
-0.422875
-0.421308
-0.399573
-0.420101
-0.424936
-0.366056
-0.367611
-0.36073
-0.442712
-0.395956
-0.460569
-0.466172
-0.472566
-0.435212
-0.430498
-0.422681
-0.42896
-0.434278
-0.475392
-0.452696
-0.416408
-0.478386
-0.447452
-0.488313
-0.475764
-0.474859
-0.454399
-0.449352
-0.415673
-0.397993
-0.367046
-0.370184
-0.353932
-0.356614
-0.403327
-0.410379
-0.372351
-0.420609
-0.456762
-0.365147
-0.358128
-0.396171
-0.448284
-0.488621
-0.496697
-0.478072
-0.440481
-0.442165
-0.417169
-0.385801
-0.406464
-0.476081
-0.478898
-0.432508
-0.415125
-0.398161
-0.44651
-0.381563
-0.423637
-0.37309
-0.318106
-0.330925
-0.467277
-0.4954
-0.452416
-0.480695
-0.495571
-0.461821
-0.446272
-0.470274
-0.448133
-0.382061
-0.374056
-0.37621
-0.384502
-0.348959
-0.32144
-0.372394
-0.354647
-0.425622
-0.46305
-0.41029
-0.417498
-0.335819
-0.354207
-0.400452
-0.388643
-0.390212
-0.332606
-0.398165
-0.383647
-0.353542
-0.404653
-0.405767
-0.391855
-0.437487
-0.419921
-0.383689
-0.344762
-0.344224
-0.322378
-0.342184
-0.334438
-0.39903
-0.360701
-0.368584
-0.37299
-0.391068
-0.358335
-0.369072
-0.395449
-0.39061
-0.407309
-0.400991
-0.381025
-0.402471
-0.376927
-0.356835
-0.351687
-0.358179
-0.389892
-0.335599
-0.400997
-0.420832
-0.366368
-0.353701
-0.393059
-0.372015
-0.38382
-0.332738
-0.367882
-0.330963
-0.380583
-0.363284
-0.386294
-0.341249
-0.382511
-0.368578
-0.349687
-0.374896
-0.412466
-0.426671
-0.36007
-0.371295
-0.370339
-0.374875
-0.42818
-0.442578
-0.463726
-0.43112
-0.455199
-0.411466
-0.351298
-0.337847
-0.355614
-0.387677
-0.392466
-0.411714
-0.353131
-0.391268
-0.359799
-0.414575
-0.388403
-0.337337
-0.35022
-0.345019
-0.358789
-0.358159
-0.342456
-0.39396
-0.430193
-0.42551
-0.434497
-0.455004
-0.372329
-0.340999
-0.38381
-0.39686
-0.383352
-0.40673
-0.426956
-0.506888
-0.451212
-0.511045
-0.454164
-0.431482
-0.435555
-0.397178
-0.392408
-0.420141
-0.381975
-0.313833
-0.370102
-0.344271
-0.42017
-0.353871
-0.382255
-0.382777
-0.340199
-0.334926
-0.336612
-0.301364
-0.348441
-0.340813
-0.337633
-0.360124
-0.370752
-0.375383
-0.392521
-0.387629
-0.352522
-0.381415
-0.334398
-0.38019
-0.358446
-0.39349
-0.450227
-0.419598
-0.437389
-0.461265
-0.42198
-0.444954
-0.45227
-0.421423
-0.442726
-0.415165
-0.442061
-0.405902
-0.4229
-0.386443
-0.396309
-0.383634
-0.373909
-0.313769
-0.374957
-0.427929
-0.446877
-0.424667
-0.422768
-0.390263
-0.411127
-0.437398
-0.512621
-0.463939
-0.517571
-0.504315
-0.477225
-0.432536
-0.466687
-0.456681
-0.473268
-0.483162
-0.500272
-0.410326
-0.463081
-0.473598
-0.464022
-0.387107
-0.463767
-0.461871
-0.470336
-0.444268
-0.438151
-0.393916
-0.451374
-0.398839
-0.405351
-0.464031
-0.464583
-0.430141
-0.491549
-0.419959
-0.450494
-0.439238
-0.439358
-0.452745
-0.453
-0.46677
-0.39045
-0.384895
-0.491106
-0.448784
-0.3695
-0.400799
-0.395551
-0.404492
-0.40129
-0.3968
-0.50658
-0.530618
-0.41071
-0.451516
-0.410523
-0.433663
-0.40571
-0.324056
-0.381864
-0.382521
-0.462125
-0.480362
-0.493754
-0.436207
-0.439042
-0.384458
-0.351992
-0.38334
-0.385523
-0.432249
-0.443023
-0.415432
-0.439719
-0.411858
-0.427021
-0.414007
-0.402311
-0.353173
-0.401772
-0.429145
-0.405937
-0.399061
-0.387373
-0.381044
-0.418354
-0.475399
-0.444987
-0.410383
-0.498545
-0.515113
-0.560654
-0.509204
-0.47212
-0.450756
-0.447476
-0.479737
-0.4492
-0.430846
-0.408845
-0.354982
-0.42521
-0.408011
-0.448251
-0.4265
-0.379635
-0.327517
-0.371659
-0.374781
-0.348294
-0.423521
-0.418613
-0.373615
-0.379568
-0.338359
-0.398151
-0.415125
-0.43129
-0.475045
-0.479861
-0.515325
-0.488011
-0.376281
-0.409846
-0.393473
-0.463227
-0.466602
-0.486652
-0.431721
-0.386051
-0.430745
-0.398851
-0.393311
-0.379385
-0.415128
-0.490262
-0.390846
-0.437339
-0.441751
-0.418451
-0.357751
-0.426148
-0.389595
-0.352378
-0.34488
-0.407875
-0.362782
-0.318984
-0.307758
-0.346202
-0.41394
-0.430955
-0.415551
-0.451863
-0.468444
-0.452231
-0.418801
-0.468351
-0.430754
-0.443478
-0.47355
-0.496861
-0.491318
-0.450732
-0.471208
-0.4591
-0.475799
-0.439534
-0.48471
-0.417211
-0.442499
-0.409832
-0.392221
-0.447394
-0.457683
-0.408422
-0.339686
-0.29827
-0.421376
-0.474354
-0.421368
-0.463729
-0.434347
-0.426903
-0.351775
-0.353916
-0.316067
-0.298783
-0.357996
-0.394796
-0.42923
-0.405547
-0.391513
-0.439311
-0.469033
-0.49726
-0.546684
-0.509109
-0.464414
-0.470872
-0.475996
-0.489512
-0.511146
-0.51251
-0.431087
-0.450074
-0.392237
-0.451775
-0.439116
-0.436771
-0.373892
-0.395472
-0.387307
-0.357493
-0.386685
-0.403925
-0.383222
-0.377788
-0.36178
-0.324418
-0.301828
-0.346527
-0.467858
-0.483176
-0.399694
-0.378621
-0.357329
-0.352346
-0.384835
-0.377626
-0.398787
-0.413349
-0.443997
-0.3698
-0.386248
-0.410913
-0.393908
-0.350468
-0.384774
-0.399271
-0.438439
-0.393715
-0.338622
-0.39849
-0.337846
-0.362608
-0.368451
-0.366323
-0.380251
-0.409209
-0.414795
-0.484786
-0.460521
-0.405629
-0.407002
-0.408283
-0.402886
-0.400488
-0.433927
-0.460489
-0.459783
-0.408763
-0.339723
-0.404148
-0.411049
-0.429951
-0.405158
-0.391237
-0.40825
-0.436737
-0.482887
-0.446637
-0.38576
-0.355038
-0.367769
-0.38367
-0.354953
-0.411401
-0.365878
-0.376441
-0.37647
-0.403124
-0.401933
-0.452991
-0.438436
-0.386437
-0.403374
-0.378126
-0.439588
-0.418935
-0.376348
-0.361981
-0.373073
-0.39649
-0.357324
-0.411388
-0.377623
-0.351786
-0.353559
-0.316792
-0.354722
-0.382184
-0.377934
-0.38524
-0.281971
-0.332055
-0.380503
-0.325134
-0.268174
-0.288636
-0.268881
-0.286982
-0.372331
-0.343116
-0.371748
-0.329282
-0.369874
-0.304672
-0.379558
-0.400937
-0.373749
-0.412223
-0.343246
-0.37831
-0.394872
-0.386106
-0.412056
-0.423994
-0.395705
-0.425593
-0.367869
-0.418447
-0.416715
-0.376695
-0.445429
-0.41469
-0.441875
-0.465503
-0.458971
-0.480102
-0.398816
-0.397289
-0.400414
-0.412729
-0.341167
-0.388931
-0.385068
-0.359262
-0.34608
-0.382286
-0.389872
-0.381453
-0.388022
-0.412943
-0.439055
-0.388386
-0.508868
-0.459329
-0.457312
-0.47335
-0.457135
-0.404488
-0.463836
-0.461818
-0.4366
-0.426672
-0.490816
-0.512573
-0.519471
-0.512083
-0.514367
-0.596395
-0.605775
-0.451973
-0.557233
-0.474295
-0.535854
-0.50122
-0.509478
-0.519171
-0.458761
-0.492807
-0.481408
-0.375033
-0.403597
-0.410176
-0.375744
-0.4145
-0.384254
-0.364569
-0.361173
-0.329366
-0.360985
-0.370419
-0.372966
-0.378536
-0.402639
-0.410665
-0.435451
-0.435737
-0.441309
-0.392008
-0.412265
-0.439816
-0.43847
-0.472536
-0.477799
-0.481828
-0.418139
-0.41477
-0.429476
-0.460939
-0.383761
-0.331384
-0.34227
-0.428111
-0.477157
-0.419806
-0.443146
-0.457321
-0.463418
-0.447292
-0.426285
-0.504532
-0.385948
-0.398662
-0.402768
-0.350447
-0.349704
-0.403374
-0.482817
-0.353858
-0.412463
-0.386636
-0.356002
-0.394691
-0.416985
-0.411448
-0.450182
-0.451
-0.418295
-0.400115
-0.356042
-0.356353
-0.31952
-0.353888
-0.38519
-0.402831
-0.406525
-0.427744
-0.453205
-0.461455
-0.473587
-0.44401
-0.463506
-0.466307
-0.403941
-0.431083
-0.379081
-0.531691
-0.477177
-0.464347
-0.420501
-0.457851
-0.413824
-0.393918
-0.360598
-0.39357
-0.389055
-0.440648
-0.438388
-0.390916
-0.427346
-0.473872
-0.515423
-0.523437
-0.563602
-0.526574
-0.495681
-0.435054
-0.443055
-0.413413
-0.45583
-0.316102
-0.345945
-0.393161
-0.358462
-0.367625
-0.465917
-0.414974
-0.420276
-0.391334
-0.448586
-0.418604
-0.346862
-0.300183
-0.399099
-0.417415
-0.352085
-0.368131
-0.3571
-0.315231
-0.371688
-0.361477
-0.466948
-0.445669
-0.450407
-0.473484
-0.494774
-0.44062
-0.385632
-0.349436
-0.329278
-0.326832
-0.352982
-0.34786
-0.389235
-0.311662
-0.365227
-0.331559
-0.308974
-0.331818
-0.331115
-0.324999
-0.306031
-0.328332
-0.322239
-0.323601
-0.342078
-0.365456
-0.443374
-0.403119
-0.406617
-0.468736
-0.459292
-0.411593
-0.420843
-0.436254
-0.377353
-0.368276
-0.37156
-0.366709
-0.32343
-0.37039
-0.354117
-0.345504
-0.352795
-0.432937
-0.457432
-0.464567
-0.400226
-0.391872
-0.445732
-0.422837
-0.403298
-0.409982
-0.355706
-0.345198
-0.392547
-0.431756
-0.452999
-0.412638
-0.453486
-0.34731
-0.365283
-0.354992
-0.461755
-0.381687
-0.429382
-0.396919
-0.418351
-0.444236
-0.461589
-0.44365
-0.457614
-0.383587
-0.42244
-0.362121
-0.425853
-0.381263
-0.409363
-0.426619
-0.402134
-0.396074
-0.329492
-0.283157
-0.285774
-0.371823
-0.342818
-0.309989
-0.349404
-0.383694
-0.303625
-0.35596
-0.369656
-0.461618
-0.518044
-0.479984
-0.470805
-0.470212
-0.459301
-0.38775
-0.333885
-0.400875
-0.390434
-0.445967
-0.485693
-0.471949
-0.425036
-0.435652
-0.482018
-0.46044
-0.414854
-0.464513
-0.358313
-0.40113
-0.400688
-0.383106
-0.346603
-0.296372
-0.344019
-0.293274
-0.356317
-0.316843
-0.415559
-0.384353
-0.437884
-0.447872
-0.363548
-0.499878
-0.439397
-0.416161
-0.45061
-0.359623
-0.405014
-0.482244
-0.422615
-0.404271
-0.431563
-0.360174
-0.376514
-0.371181
-0.342243
-0.357469
-0.407504
-0.301375
-0.323058
-0.281283
-0.379549
-0.387954
-0.425812
-0.412334
-0.383238
-0.342242
-0.397995
-0.405875
-0.400427
-0.419367
-0.397172
-0.35178
-0.32482
-0.365704
-0.325883
-0.306251
-0.356355
-0.34199
-0.408885
-0.364589
-0.387518
-0.41551
-0.41743
-0.463388
-0.466612
-0.464088
-0.407813
-0.49527
-0.45441
-0.413385
-0.439151
-0.342642
-0.353944
-0.366061
-0.33095
-0.335397
-0.383147
-0.379049
-0.394927
-0.315295
-0.335941
-0.36955
-0.347805
-0.344616
-0.361001
-0.375806
-0.388503
-0.409935
-0.404463
-0.392587
-0.385147
-0.363829
-0.282364
-0.325522
-0.405648
-0.389079
-0.397151
-0.386475
-0.355931
-0.388809
-0.398895
-0.5242
-0.477036
-0.396301
-0.415324
-0.393747
-0.414113
-0.439674
-0.434171
-0.395884
-0.366951
-0.411152
-0.401234
-0.368742
-0.386987
-0.381859
-0.33762
-0.363258
-0.418473
-0.439714
-0.386306
-0.375836
-0.389338
-0.441542
-0.379771
-0.453858
-0.438526
-0.449851
-0.463099
-0.432861
-0.416263
-0.40161
-0.396776
-0.351865
-0.388496
-0.349255
-0.35076
-0.312421
-0.344634
-0.364937
-0.389893
-0.41411
-0.337094
-0.37954
-0.379417
-0.397848
-0.410386
-0.403872
-0.373617
-0.389499
-0.364967
-0.31326
-0.373656
-0.377716
-0.413364
-0.36295
-0.347023
-0.344708
-0.361697
-0.351823
-0.344152
-0.368193
-0.325054
-0.33715
-0.382101
-0.403043
-0.461443
-0.359929
-0.36477
-0.358621
-0.374856
-0.333666
-0.362343
-0.377587
-0.412345
-0.407314
-0.438023
-0.376394
-0.422608
-0.363819
-0.415395
-0.43958
-0.450139
-0.421977
-0.467436
-0.419074
-0.404329
-0.397877
-0.380615
-0.42054
-0.384238
-0.384462
-0.406786
-0.422025
-0.419338
-0.400812
-0.439229
-0.359283
-0.392592
-0.354272
-0.448908
-0.427551
-0.470748
-0.461676
-0.429297
-0.426843
-0.428601
-0.321385
-0.400583
-0.480588
-0.43676
-0.333799
-0.409968
-0.390174
-0.399391
-0.39552
-0.354334
-0.357383
-0.434917
-0.406148
-0.488775
-0.416409
-0.337097
-0.348964
-0.395085
-0.424137
-0.440889
-0.360192
-0.326542
-0.42945
-0.429211
-0.423298
-0.40941
-0.401336
-0.372268
-0.452035
-0.480975
-0.436604
-0.469292
-0.471354
-0.523176
-0.483699
-0.465261
-0.480711
-0.499076
-0.471539
-0.462245
-0.480413
-0.463543
-0.403
-0.464657
-0.420683
-0.454451
-0.45974
-0.449178
-0.498746
-0.456958
-0.467167
-0.468175
-0.449218
-0.435287
-0.40993
-0.372264
-0.417132
-0.407473
-0.41602
-0.382432
-0.405291
-0.504242
-0.440397
-0.381769
-0.373498
-0.376854
-0.422614
-0.444293
-0.431136
-0.433345
-0.369833
-0.398787
-0.375117
-0.428774
-0.47596
-0.500341
-0.501031
-0.506148
-0.475004
-0.454111
-0.4876
-0.448696
-0.43948
-0.452178
-0.419694
-0.435385
-0.390329
-0.381514
-0.429924
-0.375039
-0.424571
-0.366855
-0.409195
-0.374835
-0.392265
-0.422778
-0.487061
-0.406952
-0.458455
-0.513909
-0.444755
-0.408347
-0.440775
-0.411503
-0.427012
-0.422437
-0.429473
-0.405915
-0.406828
-0.319904
-0.315547
-0.386959
-0.396543
-0.44401
-0.427395
-0.432067
-0.415056
-0.417984
-0.461793
-0.378893
-0.375794
-0.387031
-0.346224
-0.302642
-0.334612
-0.41829
-0.399672
-0.414992
-0.418113
-0.379999
-0.327589
-0.389902
-0.345635
-0.396054
-0.392356
-0.421694
-0.476965
-0.472424
-0.460459
-0.406341
-0.469764
-0.393389
-0.369281
-0.377616
-0.343492
-0.422517
-0.399603
-0.429252
-0.41527
-0.444981
-0.453539
-0.453112
-0.475291
-0.488568
-0.377962
-0.364359
-0.31086
-0.405454
-0.445491
-0.471676
-0.422596
-0.480617
-0.455607
-0.4203
-0.434103
-0.394194
-0.445246
-0.349419
-0.395916
-0.336274
-0.368699
-0.442773
-0.389643
-0.389784
-0.397297
-0.449174
-0.377711
-0.420402
-0.408847
-0.376646
-0.386493
-0.40861
-0.323303
-0.405912
-0.423771
-0.484593
-0.43532
-0.418896
-0.37718
-0.394748
-0.44018
-0.408834
-0.459003
-0.371814
-0.347762
-0.317877
-0.31877
-0.421278
-0.335046
-0.39363
-0.399658
-0.489899
-0.480812
-0.493408
-0.480059
-0.491996
-0.513789
-0.542322
-0.450175
-0.431584
-0.46524
-0.513543
-0.480099
-0.516549
-0.461945
-0.464154
-0.408388
-0.443009
-0.39209
-0.380598
-0.383335
-0.393409
-0.36022
-0.392175
-0.520491
-0.468425
-0.429061
-0.449212
-0.387699
-0.376667
-0.350278
-0.404882
-0.387064
-0.370084
-0.409341
-0.410879
-0.402105
-0.415327
-0.422139
-0.371774
-0.322967
-0.325133
-0.355785
-0.394069
-0.387162
-0.391307
-0.299489
-0.347654
-0.328858
-0.362755
-0.378856
-0.347074
-0.394795
-0.421542
-0.446865
-0.395389
-0.401542
-0.378769
-0.394308
-0.450778
-0.339598
-0.406167
-0.457666
-0.476619
-0.425078
-0.385513
-0.36293
-0.441881
-0.400728
-0.405292
-0.395847
-0.376946
-0.329644
-0.404707
-0.394936
-0.372934
-0.37348
-0.435997
-0.448243
-0.454988
-0.470129
-0.436442
-0.420096
-0.426161
-0.383155
-0.290239
-0.36382
-0.363371
-0.430516
-0.417674
-0.428614
-0.458254
-0.467319
-0.388322
-0.395512
-0.369985
-0.315771
-0.376361
-0.469727
-0.491477
-0.428248
-0.498929
-0.447653
-0.416014
-0.396307
-0.445833
-0.450259
-0.475095
-0.467437
-0.466851
-0.420386
-0.463123
-0.452735
-0.418116
-0.453056
-0.424401
-0.445627
-0.432221
-0.453937
-0.491097
-0.409153
-0.432933
-0.394269
-0.339661
-0.335259
-0.411765
-0.505458
-0.491592
-0.454058
-0.478855
-0.494956
-0.512423
-0.490164
-0.488884
-0.385685
-0.322238
-0.374593
-0.356743
-0.383263
-0.386972
-0.454759
-0.419023
-0.44478
-0.411748
-0.409927
-0.384714
-0.386448
-0.393746
-0.370824
-0.353029
-0.367016
-0.440562
-0.393273
-0.424694
-0.367845
-0.355684
-0.406532
-0.360024
-0.413986
-0.387282
-0.39943
-0.434585
-0.461655
-0.477563
-0.454319
-0.458743
-0.444005
-0.408862
-0.467913
-0.402941
-0.431399
-0.401551
-0.320113
-0.340101
-0.350392
-0.356965
-0.417149
-0.364393
-0.391625
-0.412655
-0.44658
-0.42041
-0.439348
-0.508149
-0.426884
-0.484911
-0.478391
-0.391594
-0.368611
-0.406909
-0.363306
-0.309458
-0.2662
-0.337417
-0.393728
-0.456108
-0.479985
-0.48416
-0.497695
-0.530722
-0.458709
-0.484377
-0.43668
-0.401624
-0.406969
-0.384498
-0.435263
-0.465668
-0.437884
-0.453616
-0.482871
-0.496621
-0.489634
-0.455053
-0.457241
-0.477356
-0.466841
-0.435981
-0.416254
-0.458051
-0.392026
-0.364459
-0.367065
-0.432794
-0.388298
-0.380555
-0.36653
-0.406231
-0.40455
-0.350025
-0.344486
-0.400092
-0.439694
-0.44387
-0.461276
-0.436886
-0.418342
-0.42007
-0.472211
-0.478598
-0.469577
-0.494068
-0.470547
-0.470363
-0.399592
-0.404007
-0.479266
-0.497886
-0.470177
-0.433362
-0.493866
-0.498878
-0.42468
-0.434667
-0.411999
-0.488354
-0.450361
-0.451136
-0.434211
-0.447275
-0.378297
-0.388694
-0.405258
-0.445097
-0.417305
-0.464903
-0.423446
-0.360356
-0.394388
-0.418541
-0.38814
-0.434381
-0.415937
-0.430938
-0.37889
-0.361378
-0.403418
-0.38039
-0.380241
-0.395367
-0.411285
-0.436711
-0.443116
-0.454121
-0.37443
-0.412769
-0.370617
-0.445616
-0.380797
-0.355979
-0.373816
-0.456298
-0.446136
-0.421568
-0.368785
-0.478612
-0.46683
-0.436666
-0.391061
-0.418228
-0.382594
-0.3644
-0.39672
-0.402803
-0.388987
-0.344089
-0.392144
-0.320317
-0.390378
-0.397065
-0.356479
-0.384284
-0.40013
-0.416276
-0.37944
-0.430347
-0.476709
-0.439106
-0.375574
-0.366707
-0.36412
-0.404409
-0.410017
-0.460253
-0.478264
-0.465954
-0.449908
-0.429104
-0.450281
-0.408448
-0.392041
-0.397131
-0.410766
-0.451659
-0.379734
-0.433499
-0.373144
-0.349626
-0.374024
-0.43162
-0.366095
-0.342996
-0.354464
-0.300571
-0.413026
-0.406175
-0.460231
-0.443353
-0.442241
-0.393392
-0.384857
-0.400327
-0.385813
-0.403058
-0.488569
-0.49603
-0.550757
-0.552542
-0.580983
-0.562392
-0.479292
-0.476918
-0.408264
-0.464579
-0.407424
-0.413868
-0.376965
-0.377119
-0.490369
-0.561569
-0.557991
-0.469907
-0.508831
-0.448949
-0.458815
-0.494531
-0.486314
-0.49707
-0.399694
-0.456811
-0.422349
-0.413843
-0.515168
-0.461505
-0.508493
-0.527486
-0.441145
-0.523784
-0.45166
-0.489693
-0.420121
-0.442712
-0.481292
-0.513704
-0.50392
-0.469745
-0.414775
-0.410002
-0.43841
-0.420354
-0.360091
-0.362167
-0.37922
-0.348484
-0.372558
-0.455307
-0.414703
-0.46053
-0.36631
-0.413332
-0.440937
-0.33209
-0.346038
-0.381131
-0.364236
-0.397512
-0.382388
-0.420018
-0.448971
-0.407733
-0.407553
-0.376884
-0.358863
-0.355373
-0.406003
-0.439179
-0.401027
-0.420151
-0.371475
-0.34234
-0.34703
-0.401754
-0.38427
-0.400511
-0.397566
-0.386482
-0.449827
-0.44599
-0.400401
-0.401689
-0.47134
-0.43019
-0.415043
-0.467709
-0.400125
-0.443149
-0.487944
-0.402182
-0.384283
-0.437991
-0.418398
-0.461676
-0.493488
-0.445255
-0.408232
-0.411229
-0.502419
-0.427753
-0.389382
-0.464253
-0.480195
-0.422281
-0.491046
-0.416285
-0.453305
-0.448784
-0.405316
-0.411823
-0.36544
-0.38939
-0.37266
-0.369489
-0.320876
-0.331984
-0.371238
-0.302263
-0.286088
-0.336
-0.393425
-0.34621
-0.361136
-0.379065
-0.378988
-0.341626
-0.401664
-0.391335
-0.418628
-0.380868
-0.351555
-0.396486
-0.28433
-0.351442
-0.356349
-0.369999
-0.38942
-0.381308
-0.327031
-0.370875
-0.397695
-0.398628
-0.396229
-0.383289
-0.389513
-0.399934
-0.382616
-0.337217
-0.438593
-0.438337
-0.440765
-0.457802
-0.41351
-0.370352
-0.415822
-0.34655
-0.390745
-0.412211
-0.420871
-0.457819
-0.33253
-0.343831
-0.371031
-0.323018
-0.424266
-0.40126
-0.348055
-0.332553
-0.3744
-0.338782
-0.355456
-0.376758
-0.372801
-0.408689
-0.407002
-0.424157
-0.434957
-0.424277
-0.387119
-0.412274
-0.450034
-0.425068
-0.422913
-0.424953
-0.34071
-0.36006
-0.362067
-0.356052
-0.379178
-0.381938
-0.406178
-0.385718
-0.393128
-0.368779
-0.410244
-0.346617
-0.409457
-0.372187
-0.398137
-0.36819
-0.412608
-0.465456
-0.468423
-0.434348
-0.431171
-0.399056
-0.402701
-0.447165
-0.400599
-0.380843
-0.366194
-0.366092
-0.350871
-0.338028
-0.378608
-0.411655
-0.358749
-0.325546
-0.298852
-0.399638
-0.344751
-0.31499
-0.34414
-0.38533
-0.390148
-0.364954
-0.298118
-0.359703
-0.3568
-0.395817
-0.412608
-0.397945
-0.372767
-0.42447
-0.380667
-0.402946
-0.413147
-0.430418
-0.389202
-0.417478
-0.447999
-0.425143
-0.381108
-0.378097
-0.331322
-0.408471
-0.43108
-0.388344
-0.361154
-0.404308
-0.357151
-0.404833
-0.358956
-0.379962
-0.477098
-0.414244
-0.311763
-0.354832
-0.370903
-0.326654
-0.377946
-0.435711
-0.427607
-0.406116
-0.433904
-0.424293
-0.392573
-0.390673
-0.36572
-0.365679
-0.346581
-0.340359
-0.393716
-0.413144
-0.373258
-0.365863
-0.393987
-0.323936
-0.380241
-0.441448
-0.323498
-0.343874
-0.325884
-0.321499
-0.366476
-0.370036
-0.385812
-0.437267
-0.383598
-0.318066
-0.366964
-0.377679
-0.346043
-0.388686
-0.449236
-0.446037
-0.396662
-0.438226
-0.46338
-0.48151
-0.466782
-0.439636
-0.393556
-0.412644
-0.4134
-0.489586
-0.450391
-0.449668
-0.414468
-0.403193
-0.46934
-0.401922
-0.375015
-0.355493
-0.395615
-0.407292
-0.363869
-0.428727
-0.418722
-0.397625
-0.367032
-0.451395
-0.483025
-0.441696
-0.436061
-0.42422
-0.436113
-0.494928
-0.515271
-0.465495
-0.508049
-0.499972
-0.482735
-0.449512
-0.454193
-0.467717
-0.456397
-0.496775
-0.457281
-0.511132
-0.508738
-0.480979
-0.416033
-0.442014
-0.393215
-0.454129
-0.427408
-0.442103
-0.511009
-0.454819
-0.371644
-0.442738
-0.470448
-0.474184
-0.483281
-0.38603
-0.363115
-0.373425
-0.453776
-0.389672
-0.421557
-0.455955
-0.42439
-0.393646
-0.431373
-0.464805
-0.456339
-0.434871
-0.432273
-0.408185
-0.396724
-0.430963
-0.393664
-0.377655
-0.361482
-0.385328
-0.404348
-0.454987
-0.366891
-0.379945
-0.37724
-0.384602
-0.37827
-0.362433
-0.435619
-0.378326
-0.40105
-0.388697
-0.357514
-0.428936
-0.373915
-0.40567
-0.417039
-0.425621
-0.40103
-0.407984
-0.419421
-0.428567
-0.398778
-0.416585
-0.390708
-0.372564
-0.378273
-0.356488
-0.320167
-0.278427
-0.362518
-0.323889
-0.363324
-0.363661
-0.405917
-0.343652
-0.3665
-0.363335
-0.379308
-0.356596
-0.379506
-0.342407
-0.308423
-0.353248
-0.357676
-0.320483
-0.310904
-0.358266
-0.350258
-0.445357
-0.433108
-0.41674
-0.378752
-0.389668
-0.478524
-0.497742
-0.430886
-0.406417
-0.427301
-0.476269
-0.445584
-0.472813
-0.399818
-0.391787
-0.405887
-0.392483
-0.448727
-0.501216
-0.447035
-0.390858
-0.309566
-0.325428
-0.366879
-0.426056
-0.472993
-0.481275
-0.469119
-0.43695
-0.475864
-0.489083
-0.475672
-0.498949
-0.498733
-0.457277
-0.400974
-0.459149
-0.40063
-0.394816
-0.444308
-0.382101
-0.384588
-0.45295
-0.421874
-0.3899
-0.362622
-0.356238
-0.35217
-0.38676
-0.42086
-0.407626
-0.497271
-0.460155
-0.490838
-0.480617
-0.41901
-0.446488
-0.470485
-0.429025
-0.434375
-0.394462
-0.36579
-0.382828
-0.397457
-0.374942
-0.411087
-0.392472
-0.391854
-0.464952
-0.364792
-0.395041
-0.425204
-0.381897
-0.376369
-0.39586
-0.386176
-0.361613
-0.447598
-0.451804
-0.424802
-0.418222
-0.434137
-0.398479
-0.419935
-0.392809
-0.449859
-0.503051
-0.508309
-0.502928
-0.444983
-0.488018
-0.497973
-0.584302
-0.544953
-0.497927
-0.465412
-0.465999
-0.492958
-0.527201
-0.465213
-0.475417
-0.471392
-0.500906
-0.457483
-0.382959
-0.407588
-0.475627
-0.455273
-0.392801
-0.39151
-0.41349
-0.468291
-0.504211
-0.443947
-0.461334
-0.509861
-0.472555
-0.401299
-0.358019
-0.338925
-0.377509
-0.418826
-0.427165
-0.438512
-0.41315
-0.431185
-0.449869
-0.440318
-0.387033
-0.393482
-0.447776
-0.430976
-0.454233
-0.337136
-0.320428
-0.318312
-0.37204
-0.436131
-0.497436
-0.562654
-0.513247
-0.521768
-0.561285
-0.588931
-0.547673
-0.542539
-0.520881
-0.492352
-0.474945
-0.490552
-0.469517
-0.454288
-0.492376
-0.472333
-0.470635
-0.417166
-0.386787
-0.369321
-0.420705
-0.442406
-0.465006
-0.419261
-0.405016
-0.434024
-0.428491
-0.454974
-0.374945
-0.349171
-0.395256
-0.393922
-0.486188
-0.49362
-0.494179
-0.464511
-0.479457
-0.42592
-0.364935
-0.444811
-0.415072
-0.462062
-0.369348
-0.324628
-0.340402
-0.384074
-0.406473
-0.393398
-0.329389
-0.36479
-0.37152
-0.353018
-0.358691
-0.381002
-0.359355
-0.421026
-0.418568
-0.331139
-0.380465
-0.352661
-0.386909
-0.374232
-0.363084
-0.36161
-0.371663
-0.39233
-0.434921
-0.523524
-0.455342
-0.457506
-0.440778
-0.417524
-0.35014
-0.331999
-0.304122
-0.428818
-0.388122
-0.425681
-0.432864
-0.422243
-0.434035
-0.499066
-0.461575
-0.451245
-0.446499
-0.410177
-0.348912
-0.323184
-0.373654
-0.394134
-0.353147
-0.360321
-0.428388
-0.412848
-0.423543
-0.423
-0.444838
-0.424093
-0.398398
-0.425051
-0.40219
-0.416728
-0.408042
-0.420382
-0.324352
-0.306865
-0.381197
-0.344251
-0.348116
-0.376701
-0.365686
-0.334208
-0.403208
-0.314502
-0.419566
-0.433051
-0.505332
-0.47258
-0.393696
-0.396455
-0.471025
-0.50106
-0.552867
-0.523819
-0.401114
-0.38504
-0.398756
-0.444065
-0.444262
-0.397149
-0.423999
-0.417183
-0.448877
-0.460706
-0.455212
-0.456336
-0.395945
-0.443212
-0.440151
-0.390871
-0.383534
-0.404767
-0.380262
-0.342952
-0.377923
-0.36357
-0.329302
-0.378283
-0.307146
-0.330725
-0.383511
-0.349095
-0.377462
-0.355599
-0.414912
-0.428707
-0.373097
-0.402493
-0.420542
-0.33279
-0.38318
-0.384304
-0.387108
-0.368719
-0.400474
-0.386809
-0.352838
-0.360619
-0.401519
-0.311651
-0.40773
-0.321261
-0.310265
-0.382361
-0.416658
-0.40362
-0.405574
-0.400933
-0.321729
-0.31246
-0.292015
-0.375384
-0.405796
-0.374335
-0.425456
-0.410164
-0.502133
-0.499872
-0.515095
-0.456836
-0.465786
-0.488557
-0.521293
-0.456604
-0.449919
-0.460037
-0.453197
-0.40636
-0.370206
-0.377441
-0.427897
-0.428758
-0.461023
-0.5023
-0.528809
-0.432989
-0.435019
-0.440482
-0.444987
-0.480802
-0.445734
-0.400779
-0.320006
-0.387966
-0.35483
-0.382929
-0.432503
-0.366547
-0.40278
-0.455277
-0.470689
-0.502445
-0.50675
-0.488307
-0.514515
-0.457951
-0.486229
-0.43624
-0.46053
-0.453172
-0.401753
-0.399285
-0.37135
-0.41847
-0.429799
-0.416767
-0.460126
-0.397386
-0.380549
-0.341815
-0.294163
-0.34584
-0.405719
-0.347318
-0.384034
-0.389616
-0.389639
-0.426379
-0.457514
-0.473437
-0.509455
-0.475381
-0.406767
-0.409419
-0.40033
-0.38052
-0.465436
-0.428225
-0.37233
-0.384172
-0.394283
-0.410346
-0.342656
-0.378996
-0.304471
-0.310665
-0.333952
-0.362444
-0.356217
-0.392709
-0.397871
-0.443147
-0.401912
-0.333804
-0.332319
-0.335582
-0.316804
-0.37217
-0.319613
-0.340801
-0.339792
-0.431605
-0.438475
-0.466508
-0.470465
-0.441983
-0.498394
-0.433694
-0.415801
-0.349252
-0.392693
-0.348713
-0.338876
-0.326293
-0.347875
-0.300249
-0.311078
-0.352888
-0.344061
-0.381762
-0.314302
-0.357213
-0.367536
-0.40861
-0.431691
-0.387887
-0.371979
-0.286511
-0.303586
-0.364653
-0.382733
-0.35123
-0.373502
-0.418575
-0.390675
-0.378041
-0.454321
-0.483893
-0.476236
-0.441301
-0.40644
-0.39406
-0.409532
-0.373632
-0.344039
-0.373432
-0.386104
-0.37915
-0.382812
-0.417567
-0.401087
-0.404743
-0.413962
-0.40152
-0.434838
-0.411381
-0.44054
-0.480751
-0.563297
-0.540518
-0.575529
-0.558701
-0.548683
-0.587479
-0.542322
-0.552909
-0.542271
-0.48455
-0.420837
-0.412937
-0.34856
-0.303836
-0.301744
-0.3681
-0.35431
-0.363662
-0.340449
-0.348425
-0.416878
-0.374993
-0.377636
-0.384734
-0.397664
-0.360813
-0.404367
-0.385018
-0.352038
-0.379539
-0.359634
-0.413812
-0.361902
-0.37288
-0.424419
-0.394847
-0.388264
-0.380779
-0.40565
-0.334896
-0.421463
-0.433735
-0.483253
-0.400698
-0.426446
-0.498775
-0.444989
-0.444445
-0.373542
-0.39142
-0.421761
-0.420907
-0.384359
-0.407712
-0.385224
-0.424659
-0.414325
-0.451491
-0.362774
-0.414862
-0.36027
-0.448819
-0.429905
-0.434401
-0.444672
-0.399637
-0.392438
-0.423659
-0.443643
-0.442252
-0.473846
-0.469361
-0.473912
-0.44013
-0.460092
-0.447629
-0.413378
-0.390064
-0.324906
-0.346907
-0.405044
-0.38727
-0.387449
-0.399476
-0.37874
-0.360561
-0.398659
-0.399962
-0.409659
-0.4611
-0.414715
-0.399494
-0.43963
-0.433876
-0.439478
-0.462413
-0.421316
-0.467763
-0.465619
-0.421458
-0.55381
-0.441411
-0.409431
-0.353515
-0.418546
-0.487477
-0.460853
-0.462599
-0.473829
-0.474001
-0.446044
-0.445102
-0.403549
-0.387548
-0.381478
-0.371758
-0.374525
-0.303418
-0.354734
-0.362813
-0.352723
-0.357602
-0.43566
-0.406332
-0.366824
-0.40144
-0.434364
-0.440561
-0.376469
-0.344696
-0.398237
-0.41922
-0.418678
-0.386759
-0.453137
-0.480989
-0.458581
-0.428107
-0.520085
-0.485189
-0.467869
-0.462362
-0.423104
-0.411773
-0.365113
-0.379172
-0.352967
-0.332424
-0.369109
-0.363405
-0.328953
-0.30522
-0.352534
-0.358174
-0.418293
-0.402836
-0.468295
-0.375059
-0.383352
-0.337215
-0.378725
-0.348153
-0.349216
-0.469597
-0.458717
-0.500555
-0.520732
-0.430104
-0.42986
-0.417596
-0.420318
-0.478317
-0.494415
-0.542691
-0.504237
-0.525412
-0.486092
-0.564076
-0.520539
-0.542134
-0.539639
-0.536739
-0.478697
-0.380858
-0.378482
-0.430341
-0.474856
-0.481672
-0.448681
-0.449196
-0.523254
-0.496934
-0.488383
-0.388821
-0.397003
-0.421199
-0.415845
-0.414641
-0.388879
-0.414109
-0.401883
-0.409086
-0.390145
-0.353274
-0.404463
-0.39395
-0.405638
-0.405491
-0.395706
-0.354629
-0.40573
-0.445326
-0.411696
-0.352127
-0.417511
-0.369699
-0.384206
-0.382173
-0.358499
-0.309434
-0.338839
-0.377658
-0.35857
-0.320238
-0.30518
-0.341062
-0.419337
-0.410203
-0.404207
-0.419075
-0.331438
-0.385031
-0.376369
-0.344068
-0.407458
-0.336186
-0.336011
-0.3889
-0.403413
-0.386797
-0.388785
-0.363641
-0.401307
-0.364227
-0.324387
-0.349191
-0.389511
-0.395946
-0.421115
-0.399152
-0.454653
-0.387639
-0.366769
-0.376242
-0.401746
-0.368705
-0.442226
-0.386316
-0.364649
-0.4084
-0.387215
-0.396864
-0.400061
-0.424534
-0.460095
-0.442399
-0.469454
-0.461141
-0.442512
-0.453559
-0.415172
-0.459898
-0.533196
-0.436643
-0.421605
-0.387137
-0.363256
-0.334227
-0.377884
-0.383632
-0.395572
-0.414419
-0.402832
-0.407207
-0.436218
-0.405343
-0.425341
-0.391712
-0.392118
-0.416605
-0.423683
-0.378154
-0.349979
-0.340084
-0.310102
-0.359323
-0.358167
-0.370688
-0.366748
-0.343471
-0.326097
-0.364712
-0.360165
-0.365788
-0.343496
-0.362646
-0.370732
-0.448834
-0.434763
-0.458579
-0.446046
-0.389719
-0.430154
-0.379474
-0.465215
-0.447618
-0.44849
-0.425343
-0.443071
-0.458113
-0.355577
-0.37187
-0.330197
-0.252532
-0.327732
-0.357804
-0.39691
-0.452734
-0.455341
-0.443816
-0.472419
-0.436492
-0.467715
-0.456612
-0.421949
-0.403745
-0.415287
-0.333117
-0.438965
-0.441726
-0.439258
-0.452993
-0.395947
-0.349246
-0.355511
-0.414457
-0.378827
-0.368223
-0.36235
-0.409354
-0.353348
-0.385771
-0.321125
-0.370358
-0.411091
-0.403127
-0.340623
-0.32406
-0.348362
-0.417814
-0.443442
-0.47081
-0.474382
-0.457599
-0.45432
-0.511138
-0.514705
-0.46772
-0.523868
-0.476197
-0.446766
-0.428126
-0.410001
-0.451047
-0.459567
-0.443261
-0.385508
-0.406877
-0.37658
-0.331306
-0.293747
-0.325942
-0.380818
-0.364779
-0.366654
-0.393852
-0.434621
-0.451854
-0.368835
-0.415862
-0.358742
-0.417366
-0.425529
-0.409995
-0.396241
-0.436082
-0.427406
-0.433367
-0.400096
-0.441409
-0.402705
-0.408788
-0.413539
-0.36179
-0.391191
-0.391637
-0.3704
-0.38937
-0.387667
-0.342471
-0.441982
-0.410218
-0.459077
-0.411791
-0.451275
-0.466618
-0.399376
-0.412104
-0.422523
-0.344883
-0.346092
-0.371212
-0.428776
-0.449704
-0.494162
-0.49788
-0.492794
-0.396779
-0.390273
-0.31972
-0.355909
-0.360648
-0.381737
-0.395465
-0.425964
-0.369695
-0.38618
-0.395943
-0.388309
-0.407043
-0.372617
-0.371848
-0.407679
-0.387816
-0.422054
-0.479498
-0.444337
-0.404578
-0.420962
-0.497055
-0.477768
-0.463367
-0.411356
-0.441231
-0.441735
-0.424324
-0.455191
-0.46867
-0.448936
-0.435767
-0.457054
-0.444019
-0.469386
-0.507385
-0.476316
-0.421639
-0.421497
-0.457205
-0.465413
-0.530472
-0.505934
-0.56227
-0.481572
-0.442937
-0.488186
-0.472115
-0.423851
-0.458803
-0.414041
-0.417352
-0.403741
-0.420327
-0.4658
-0.426611
-0.297076
-0.384066
-0.426149
-0.40776
-0.472774
-0.457815
-0.467622
-0.480023
-0.419321
-0.38431
-0.384792
-0.372078
-0.361698
-0.347959
-0.378688
-0.333246
-0.402935
-0.370503
-0.402363
-0.359494
-0.366013
-0.333303
-0.36552
-0.392552
-0.43962
-0.378609
-0.415173
-0.37369
-0.382166
-0.343433
-0.41038
-0.392977
-0.405743
-0.473284
-0.459696
-0.442303
-0.475901
-0.446416
-0.442742
-0.437937
-0.502553
-0.48167
-0.359095
-0.369604
-0.341579
-0.371657
-0.33427
-0.372011
-0.389837
-0.391048
-0.377283
-0.430024
-0.497602
-0.453124
-0.481666
-0.408343
-0.350178
-0.402555
-0.419038
-0.426654
-0.480716
-0.366884
-0.368543
-0.396623
-0.387752
-0.406974
-0.38683
-0.421386
-0.447527
-0.434073
-0.357878
-0.334951
-0.377253
-0.341303
-0.314649
-0.347642
-0.33057
-0.362301
-0.383348
-0.34506
-0.35402
-0.324457
-0.31162
-0.321633
-0.304692
-0.328075
-0.357023
-0.397297
-0.427759
-0.425585
-0.416613
-0.425052
-0.40108
-0.38661
-0.3542
-0.403942
-0.391019
-0.405383
-0.437792
-0.463418
-0.4957
-0.596087
-0.604699
-0.582682
-0.493416
-0.502325
-0.4798
-0.453302
-0.435372
-0.450284
-0.529481
-0.45285
-0.397712
-0.43057
-0.38925
-0.456972
-0.407796
-0.358072
-0.387025
-0.406208
-0.440497
-0.378703
-0.436429
-0.379759
-0.325968
-0.459753
-0.435523
-0.360067
-0.416374
-0.413816
-0.470419
-0.373383
-0.406999
-0.428075
-0.392864
-0.350398
-0.390519
-0.519743
-0.450072
-0.425154
-0.435283
-0.379461
-0.318345
-0.374928
-0.364545
-0.374103
-0.359301
-0.392925
-0.408305
-0.379716
-0.419516
-0.397723
-0.438909
-0.436964
-0.415073
-0.330278
-0.381749
-0.357659
-0.380938
-0.403002
-0.359316
-0.391695
-0.385391
-0.395395
-0.426214
-0.433757
-0.449849
-0.516721
-0.484649
-0.493906
-0.468713
-0.398658
-0.376834
-0.350911
-0.408257
-0.485929
-0.449765
-0.487252
-0.468778
-0.403004
-0.46715
-0.438573
-0.395173
-0.340647
-0.357954
-0.382857
-0.368542
-0.318217
-0.347436
-0.343948
-0.342681
-0.384734
-0.372975
-0.383166
-0.358409
-0.454364
-0.443276
-0.436452
-0.477685
-0.43996
-0.389083
-0.41536
-0.372279
-0.459769
-0.429691
-0.396688
-0.37538
-0.362419
-0.388785
-0.478735
-0.481696
-0.504752
-0.506597
-0.552119
-0.523369
-0.487368
-0.466571
-0.436926
-0.453851
-0.483823
-0.471741
-0.47139
-0.439534
-0.485664
-0.430882
-0.398047
-0.429654
-0.497175
-0.497299
-0.453895
-0.456125
-0.417189
-0.421689
-0.383149
-0.391919
-0.446557
-0.358546
-0.369194
-0.310855
-0.313742
-0.30609
-0.350839
-0.331034
-0.379675
-0.318201
-0.348904
-0.385889
-0.444753
-0.434158
-0.426018
-0.429302
-0.451195
-0.436999
-0.440614
-0.468959
-0.41534
-0.37849
-0.34539
-0.354302
-0.394459
-0.387078
-0.300034
-0.305409
-0.389589
-0.387861
-0.383687
-0.349615
-0.358478
-0.414139
-0.34488
-0.329246
-0.377916
-0.36828
-0.444465
-0.436148
-0.433082
-0.390384
-0.323145
-0.359457
-0.329084
-0.383074
-0.396689
-0.402598
-0.429168
-0.417197
-0.38748
-0.329581
-0.36988
-0.354112
-0.372851
-0.361969
-0.425565
-0.39405
-0.361816
-0.405947
-0.442375
-0.399387
-0.385049
-0.327037
-0.343653
-0.353907
-0.354745
-0.456045
-0.372309
-0.380738
-0.36907
-0.346515
-0.361977
-0.368505
-0.377909
-0.361185
-0.411112
-0.399615
-0.413599
-0.412778
-0.403837
-0.380522
-0.410102
-0.402357
-0.404964
-0.400088
-0.443037
-0.436636
-0.420106
-0.478647
-0.439795
-0.380981
-0.421146
-0.431081
-0.372666
-0.440851
-0.388945
-0.428555
-0.436525
-0.428021
-0.407148
-0.351539
-0.393754
-0.447007
-0.474801
-0.422984
-0.429955
-0.457151
-0.46367
-0.414007
-0.384523
-0.485057
-0.457129
-0.458285
-0.39627
-0.433188
-0.461016
-0.476601
-0.462506
-0.475524
-0.471257
-0.352191
-0.386999
-0.417819
-0.347902
-0.348483
-0.423949
-0.408613
-0.450348
-0.419865
-0.463927
-0.478378
-0.387904
-0.411408
-0.45579
-0.474324
-0.489164
-0.489645
-0.519531
-0.470517
-0.415215
-0.365533
-0.410461
-0.440403
-0.423495
-0.39901
-0.418455
-0.442075
-0.447491
-0.455164
-0.420793
-0.322819
-0.470343
-0.539088
-0.463492
-0.421917
-0.414125
-0.400427
-0.396583
-0.419823
-0.443047
-0.451645
-0.500475
-0.455493
-0.491173
-0.456048
-0.503358
-0.499079
-0.537469
-0.449393
-0.404708
-0.372217
-0.404021
-0.432718
-0.415887
-0.432373
-0.428292
-0.448907
-0.441434
-0.429624
-0.40375
-0.465677
-0.421653
-0.376248
-0.404541
-0.363231
-0.439992
-0.372818
-0.378161
-0.372829
-0.403493
-0.344813
-0.327755
-0.410826
-0.455332
-0.430145
-0.354696
-0.380995
-0.400435
-0.410684
-0.412701
-0.441015
-0.424522
-0.419191
-0.440803
-0.43325
-0.435376
-0.40121
-0.419515
-0.502844
-0.485971
-0.407567
-0.385333
-0.450997
-0.476576
-0.464329
-0.470982
-0.485372
-0.470426
-0.43774
-0.449202
-0.41553
-0.410674
-0.359014
-0.374968
-0.392692
-0.371796
-0.352445
-0.477042
-0.336602
-0.406178
-0.42963
-0.413353
-0.399264
-0.373465
-0.388406
-0.378093
-0.415819
-0.426504
-0.390424
-0.316376
-0.400275
-0.416898
-0.366354
-0.385842
-0.40366
-0.326511
-0.369259
-0.382268
-0.358266
-0.359495
-0.407838
-0.433164
-0.406838
-0.422697
-0.397147
-0.426179
-0.438582
-0.403855
-0.435271
-0.43722
-0.424829
-0.479357
-0.446642
-0.438681
-0.373352
-0.401376
-0.399791
-0.417202
-0.415738
-0.378359
-0.293602
-0.332857
-0.384707
-0.372791
-0.402429
-0.416494
-0.344691
-0.331649
-0.388617
-0.365797
-0.371157
-0.318581
-0.317317
-0.37663
-0.31866
-0.381801
-0.462235
-0.433819
-0.455831
-0.36505
-0.399852
-0.390612
-0.432502
-0.392296
-0.445017
-0.422929
-0.434255
-0.407308
-0.357327
-0.320576
-0.380867
-0.419862
-0.444416
-0.425018
-0.433021
-0.488099
-0.463193
-0.468209
-0.441222
-0.367329
-0.344688
-0.366149
-0.403774
-0.42907
-0.455027
-0.422102
-0.393084
-0.435095
-0.431709
-0.42741
-0.443815
-0.410659
-0.441521
-0.446794
-0.394435
-0.428683
-0.404077
-0.4258
-0.456279
-0.523695
-0.452415
-0.472991
-0.44851
-0.418114
-0.382972
-0.376757
-0.427439
-0.41721
-0.412065
-0.382621
-0.398189
-0.400934
-0.420426
-0.411621
-0.418798
-0.366794
-0.362339
-0.445289
-0.41817
-0.362364
-0.414781
-0.443673
-0.434242
-0.379235
-0.329193
-0.373499
-0.322384
-0.358597
-0.384772
-0.340357
-0.432924
-0.42725
-0.431144
-0.424012
-0.456487
-0.445294
-0.474258
-0.430344
-0.400862
-0.372142
-0.357553
-0.398678
-0.402897
-0.438233
-0.384351
-0.409942
-0.34168
-0.411565
-0.415541
-0.429779
-0.429912
-0.431411
-0.423055
-0.414991
-0.456896
-0.391468
-0.40212
-0.426706
-0.454887
-0.507258
-0.44849
-0.393385
-0.408252
-0.387392
-0.357679
-0.398822
-0.337876
-0.350496
-0.37625
-0.370157
-0.411337
-0.370699
-0.338576
-0.335564
-0.374315
-0.323965
-0.342612
-0.412663
-0.394965
-0.398245
-0.405139
-0.394313
-0.409724
-0.369703
-0.34015
-0.373945
-0.459671
-0.404252
-0.357264
-0.394654
-0.431066
-0.426804
-0.385578
-0.396964
-0.41565
-0.486609
-0.464612
-0.450865
-0.418573
-0.409914
-0.35869
-0.391111
-0.415116
-0.374009
-0.327091
-0.332532
-0.328029
-0.334724
-0.371465
-0.323946
-0.259827
-0.299537
-0.392092
-0.381249
-0.387501
-0.425361
-0.458618
-0.393047
-0.421798
-0.438097
-0.384061
-0.396314
-0.406292
-0.42774
-0.430576
-0.475827
-0.557144
-0.50837
-0.49168
-0.534685
-0.487216
-0.406801
-0.397736
-0.439336
-0.405668
-0.416277
-0.409093
-0.35407
-0.391247
-0.405132
-0.439536
-0.426581
-0.394197
-0.454155
-0.398605
-0.344404
-0.358013
-0.353874
-0.39112
-0.458886
-0.447156
-0.400961
-0.48557
-0.429642
-0.489915
-0.443205
-0.49044
-0.502115
-0.442424
-0.406091
-0.405063
-0.399824
-0.344287
-0.37231
-0.391354
-0.38292
-0.395472
-0.375472
-0.372539
-0.375274
-0.3683
-0.34414
-0.377806
-0.38253
-0.366857
-0.34748
-0.372027
-0.348059
-0.3539
-0.322818
-0.426525
-0.341894
-0.331979
-0.378253
-0.356641
-0.411914
-0.36163
-0.41221
-0.407787
-0.400088
-0.368164
-0.365511
-0.318014
-0.364417
-0.379211
-0.354507
-0.299741
-0.36339
-0.366219
-0.36011
-0.366448
-0.361932
-0.400299
-0.313109
-0.362098
-0.434364
-0.423257
-0.404651
-0.365922
-0.387685
-0.405551
-0.394338
-0.387749
-0.408627
-0.422449
-0.373867
-0.440845
-0.397
-0.379384
-0.401874
-0.36458
-0.357837
-0.43685
-0.446778
-0.361588
-0.412639
-0.394633
-0.3525
-0.376239
-0.357147
-0.35792
-0.356066
-0.362031
-0.39694
-0.388802
-0.369625
-0.36248
-0.387604
-0.435131
-0.442179
-0.486333
-0.453913
-0.457303
-0.411211
-0.317302
-0.316994
-0.325308
-0.388057
-0.333656
-0.442949
-0.371276
-0.461487
-0.389153
-0.404018
-0.415347
-0.367864
-0.37872
-0.427375
-0.366187
-0.395916
-0.359146
-0.351438
-0.37456
-0.440726
-0.423159
-0.419941
-0.422188
-0.454468
-0.489036
-0.426878
-0.415184
-0.436749
-0.404949
-0.493279
-0.553016
-0.54019
-0.466338
-0.465604
-0.432731
-0.46086
-0.479691
-0.51901
-0.431139
-0.445332
-0.437681
-0.443429
-0.369827
-0.406142
-0.409479
-0.403823
-0.379755
-0.384868
-0.336326
-0.32193
-0.305829
-0.356786
-0.346059
-0.334596
-0.391719
-0.361655
-0.428064
-0.407188
-0.36713
-0.401749
-0.433934
-0.410576
-0.389573
-0.380823
-0.371412
-0.387026
-0.430441
-0.385764
-0.360493
-0.402786
-0.396651
-0.42464
-0.365988
-0.421724
-0.435489
-0.438458
-0.459171
-0.46139
-0.43245
-0.482761
-0.403422
-0.34846
-0.376258
-0.372082
-0.437637
-0.363342
-0.374853
-0.398798
-0.402407
-0.340006
-0.405537
-0.41798
-0.40528
-0.345262
-0.381009
-0.402389
-0.390266
-0.454945
-0.438417
-0.395627
-0.421401
-0.392026
-0.398226
-0.417813
-0.383219
-0.459384
-0.458015
-0.457086
-0.440855
-0.380072
-0.383405
-0.363409
-0.439223
-0.492156
-0.475524
-0.388932
-0.329551
-0.345843
-0.331347
-0.354567
-0.276153
-0.343581
-0.294222
-0.377886
-0.397817
-0.399805
-0.327057
-0.387753
-0.408652
-0.346691
-0.426367
-0.425404
-0.421036
-0.453985
-0.382092
-0.354703
-0.325767
-0.321668
-0.333289
-0.370404
-0.353134
-0.367664
-0.376296
-0.360028
-0.418941
-0.4597
-0.456282
-0.413351
-0.406898
-0.382544
-0.400748
-0.349373
-0.339294
-0.385313
-0.36776
-0.410586
-0.438744
-0.408034
-0.40197
-0.397332
-0.339508
-0.328348
-0.412029
-0.398217
-0.448043
-0.375505
-0.403975
-0.439283
-0.37453
-0.373713
-0.437902
-0.402936
-0.493661
-0.367716
-0.357829
-0.366974
-0.448166
-0.40204
-0.364209
-0.416619
-0.432237
-0.400484
-0.41612
-0.455912
-0.447519
-0.362612
-0.400941
-0.411177
-0.396253
-0.410045
-0.395713
-0.330423
-0.337003
-0.340607
-0.436536
-0.439231
-0.408681
-0.412319
-0.451352
-0.388268
-0.387794
-0.435669
-0.355616
-0.420173
-0.5206
-0.48148
-0.497278
-0.470943
-0.433269
-0.421026
-0.439768
-0.42747
-0.459083
-0.396959
-0.319046
-0.327531
-0.390986
-0.401271
-0.40378
-0.380381
-0.367839
-0.379876
-0.396366
-0.439323
-0.385007
-0.37693
-0.466271
-0.391351
-0.430112
-0.442511
-0.413528
-0.388387
-0.420766
-0.402404
-0.405788
-0.40853
-0.376562
-0.368732
-0.328651
-0.338932
-0.366675
-0.369383
-0.405155
-0.360899
-0.408112
-0.368809
-0.339114
-0.299994
-0.331381
-0.332428
-0.44774
-0.376958
-0.421567
-0.419502
-0.390642
-0.368581
-0.393322
-0.450818
-0.391533
-0.442571
-0.394243
-0.374483
-0.323982
-0.412302
-0.397351
-0.425578
-0.446247
-0.403095
-0.443317
-0.512731
-0.489058
-0.446819
-0.38033
-0.440034
-0.465085
-0.445299
-0.423319
-0.357606
-0.41611
-0.431221
-0.460866
-0.459059
-0.408631
-0.359511
-0.393377
-0.34158
-0.320321
-0.378985
-0.427837
-0.408866
-0.431518
-0.417207
-0.413331
-0.405454
-0.379277
-0.396853
-0.417205
-0.410221
-0.395407
-0.418032
-0.397221
-0.464272
-0.447016
-0.470482
-0.376882
-0.335862
-0.354319
-0.376927
-0.339154
-0.360889
-0.397544
-0.40488
-0.344312
-0.359545
-0.341651
-0.333737
-0.355745
-0.438152
-0.47119
-0.459722
-0.431838
-0.468409
-0.470924
-0.497426
-0.449419
-0.413024
-0.444165
-0.411734
-0.428153
-0.435308
-0.419737
-0.401567
-0.397297
-0.427194
-0.511978
-0.495017
-0.399501
-0.436889
-0.384164
-0.400763
-0.441185
-0.459365
-0.42903
-0.451978
-0.44624
-0.462043
-0.44807
-0.46875
-0.470321
-0.429456
-0.389534
-0.457598
-0.495086
-0.53512
-0.620959
-0.528898
-0.537831
-0.487755
-0.44389
-0.467569
-0.390481
-0.392502
-0.392966
-0.402743
-0.423806
-0.4133
-0.411802
-0.401407
-0.460382
-0.435101
-0.417921
-0.449696
-0.408476
-0.458699
-0.47478
-0.442716
-0.472728
-0.463839
-0.431172
-0.479684
-0.450528
-0.400162
-0.423847
-0.412572
-0.448356
-0.389577
-0.414163
-0.446462
-0.442781
-0.378066
-0.39329
-0.355955
-0.41347
-0.386391
-0.392007
-0.343232
-0.420519
-0.374321
-0.441873
-0.433619
-0.450584
-0.441867
-0.430183
-0.497655
-0.444507
-0.376343
-0.443067
-0.424482
-0.476023
-0.476515
-0.43992
-0.462611
-0.416184
-0.397681
-0.375703
-0.384995
-0.402571
-0.365476
-0.368759
-0.391218
-0.380705
-0.397729
-0.42579
-0.410659
-0.454619
-0.491838
-0.490758
-0.475505
-0.480682
-0.472204
-0.473959
-0.389812
-0.442439
-0.421479
-0.435814
-0.396576
-0.398997
-0.363426
-0.33293
-0.32974
-0.339332
-0.358921
-0.361101
-0.359685
-0.330153
-0.397785
-0.448328
-0.421512
-0.411937
-0.345802
-0.424104
-0.402242
-0.334023
-0.331352
-0.419183
-0.434484
-0.392974
-0.35817
-0.330573
-0.355214
-0.361944
-0.40659
-0.404528
-0.427384
-0.379936
-0.362581
-0.400419
-0.408442
-0.400724
-0.424425
-0.426258
-0.470329
-0.438215
-0.451528
-0.453235
-0.443488
-0.455873
-0.496508
-0.441177
-0.426603
-0.429676
-0.457549
-0.52232
-0.459394
-0.430687
-0.434555
-0.466003
-0.482745
-0.56643
-0.50992
-0.409884
-0.417483
-0.419682
-0.440922
-0.489525
-0.438663
-0.357916
-0.35938
-0.357588
-0.364185
-0.364455
-0.42809
-0.37423
-0.411327
-0.40668
-0.361289
-0.435246
-0.365022
-0.328825
-0.376273
-0.333647
-0.35356
-0.35304
-0.402762
-0.414279
-0.407009
-0.409759
-0.380966
-0.341224
-0.343275
-0.33494
-0.342944
-0.343309
-0.392222
-0.454164
-0.448696
-0.500311
-0.407983
-0.381398
-0.374835
-0.390187
-0.366239
-0.35657
-0.382277
-0.344994
-0.425636
-0.432523
-0.444992
-0.446194
-0.433011
-0.429973
-0.458207
-0.469469
-0.540812
-0.455534
-0.395636
-0.368918
-0.441216
-0.39654
-0.4168
-0.46161
-0.412121
-0.403249
-0.381387
-0.419144
-0.373105
-0.420198
-0.411333
-0.380727
-0.425192
-0.470389
-0.380827
-0.329733
-0.365337
-0.357625
-0.3336
-0.379832
-0.478305
-0.489184
-0.492768
-0.435059
-0.422367
-0.37016
-0.423584
-0.407099
-0.404334
-0.421184
-0.509345
-0.484734
-0.559477
-0.425016
-0.414725
-0.397947
-0.392954
-0.48567
-0.524607
-0.466529
-0.479984
-0.515048
-0.467706
-0.455761
-0.422021
-0.408446
-0.401939
-0.375955
-0.413998
-0.396679
-0.392813
-0.453892
-0.515851
-0.464372
-0.437644
-0.429645
-0.445499
-0.423582
-0.388967
-0.426208
-0.329946
-0.407008
-0.481806
-0.445193
-0.456302
-0.432016
-0.413925
-0.447003
-0.46534
-0.435337
-0.409732
-0.36969
-0.300645
-0.331483
-0.3735
-0.445083
-0.461845
-0.399085
-0.421298
-0.468931
-0.488041
-0.437227
-0.383587
-0.366576
-0.39433
-0.431842
-0.39994
-0.441357
-0.465929
-0.388971
-0.344216
-0.395673
-0.407777
-0.416716
-0.398638
-0.476792
-0.422523
-0.401815
-0.382675
-0.386797
-0.344191
-0.422197
-0.472895
-0.368889
-0.429866
-0.42986
-0.4302
-0.444463
-0.394797
-0.388181
-0.33431
-0.402504
-0.42289
-0.408788
-0.437266
-0.487315
-0.356499
-0.393156
-0.351325
-0.367362
-0.408568
-0.460004
-0.472943
-0.446616
-0.363391
-0.405071
-0.45132
-0.429824
-0.41233
-0.463408
-0.393017
-0.436986
-0.421111
-0.365157
-0.337781
-0.367172
-0.338544
-0.311002
-0.307735
-0.336673
-0.356356
-0.34639
-0.352035
-0.39001
-0.408524
-0.406025
-0.379096
-0.406582
-0.386792
-0.395283
-0.462976
-0.417062
-0.44377
-0.479017
-0.433531
-0.514468
-0.386492
-0.41442
-0.446136
-0.4094
-0.423112
-0.430461
-0.439151
-0.461651
-0.442302
-0.416442
-0.477467
-0.438196
-0.41195
-0.403401
-0.446904
-0.411152
-0.427044
-0.392852
-0.414495
-0.392916
-0.394351
-0.365629
-0.392176
-0.345042
-0.429859
-0.492031
-0.464291
-0.454251
-0.432918
-0.48468
-0.465779
-0.458851
-0.45913
-0.473741
-0.46554
-0.463349
-0.41512
-0.40645
-0.390682
-0.442939
-0.43376
-0.400656
-0.449961
-0.505108
-0.481481
-0.42258
-0.436282
-0.375955
-0.375978
-0.424072
-0.385319
-0.392063
-0.400151
-0.337113
-0.37709
-0.410078
-0.475136
-0.486006
-0.427197
-0.444697
-0.394802
-0.34237
-0.336848
-0.368815
-0.337272
-0.367543
-0.441948
-0.406248
-0.410669
-0.383083
-0.389742
-0.470244
-0.44149
-0.424121
-0.441895
-0.42432
-0.418636
-0.414837
-0.394779
-0.385003
-0.422481
-0.408934
-0.385808
-0.406031
-0.449116
-0.465341
-0.496137
-0.443125
-0.469957
-0.430522
-0.422489
-0.406462
-0.387418
-0.406184
-0.35659
-0.371714
-0.41433
-0.397206
-0.407572
-0.405536
-0.350484
-0.345605
-0.403123
-0.435601
-0.400196
-0.367153
-0.343191
-0.387024
-0.44165
-0.433948
-0.419125
-0.420519
-0.348517
-0.405132
-0.435687
-0.47574
-0.524907
-0.461012
-0.413903
-0.468328
-0.457572
-0.469837
-0.432215
-0.503775
-0.487572
-0.521749
-0.557733
-0.528103
-0.557176
-0.599938
-0.630944
-0.578067
-0.559967
-0.572298
-0.589575
-0.660989
-0.553628
-0.518083
-0.509068
-0.479488
-0.45174
-0.426644
-0.450628
-0.483517
-0.399395
-0.410781
-0.425386
-0.383746
-0.455638
-0.376335
-0.410291
-0.358227
-0.412127
-0.50297
-0.463244
-0.516386
-0.499292
-0.425956
-0.435998
-0.41219
-0.405744
-0.392686
-0.436529
-0.390911
-0.388704
-0.485948
-0.480203
-0.393879
-0.473638
-0.482385
-0.450688
-0.435048
-0.412523
-0.374801
-0.376058
-0.37542
-0.391475
-0.366676
-0.437838
-0.436594
-0.428134
-0.409856
-0.437486
-0.462234
-0.442003
-0.399332
-0.422443
-0.405493
-0.355883
-0.458724
-0.461258
-0.38527
-0.382131
-0.367904
-0.351509
-0.418287
-0.456069
-0.503268
-0.473351
-0.516682
-0.520425
-0.551152
-0.524034
-0.559577
-0.491804
-0.47397
-0.43507
-0.510691
-0.512733
-0.475425
-0.508506
-0.525727
-0.548526
-0.525738
-0.470545
-0.536602
-0.457504
-0.421875
-0.385952
-0.391195
-0.375149
-0.355446
-0.310968
-0.41072
-0.37163
-0.423092
-0.314637
-0.385751
-0.419436
-0.375074
-0.378006
-0.4479
-0.351438
-0.37439
-0.409329
-0.440452
-0.518
-0.442898
-0.494705
-0.445704
-0.471533
-0.385728
-0.422641
-0.436426
-0.447649
-0.392459
-0.366636
-0.445545
-0.417337
-0.394513
-0.393552
-0.35351
-0.430998
-0.400453
-0.396558
-0.381612
-0.482175
-0.481277
-0.515677
-0.423895
-0.486332
-0.422813
-0.445756
-0.456083
-0.436327
-0.41643
-0.45271
-0.433826
-0.423605
-0.395402
-0.398962
-0.361178
-0.357711
-0.373246
-0.37596
-0.431032
-0.454406
-0.455409
-0.386735
-0.447162
-0.403923
-0.399439
-0.450931
-0.458346
-0.450947
-0.477405
-0.501389
-0.528127
-0.40391
-0.361499
-0.410434
-0.409147
-0.380111
-0.413763
-0.359433
-0.352383
-0.395196
-0.367392
-0.386086
-0.342104
-0.345846
-0.357313
-0.418647
-0.417965
-0.317673
-0.369721
-0.401426
-0.367829
-0.394332
-0.288753
-0.371718
-0.393007
-0.426541
-0.358674
-0.31693
-0.320237
-0.370251
-0.441345
-0.376577
-0.359726
-0.401281
-0.442292
-0.495908
-0.436642
-0.388844
-0.320178
-0.369458
-0.358615
-0.383907
-0.433456
-0.37325
-0.34736
-0.35724
-0.38455
-0.458988
-0.408746
-0.404283
-0.399451
-0.396084
-0.372458
-0.37882
-0.29003
-0.405435
-0.394682
-0.40299
-0.412383
-0.416641
-0.424673
-0.41449
-0.390113
-0.390362
-0.47661
-0.445916
-0.509689
-0.489717
-0.431936
-0.481817
-0.445073
-0.435581
-0.443222
-0.412234
-0.41835
-0.515684
-0.468202
-0.479456
-0.489832
-0.4264
-0.412997
-0.45957
-0.43034
-0.442842
-0.450728
-0.390232
-0.409798
-0.45188
-0.397653
-0.47646
-0.447192
-0.455984
-0.43094
-0.412913
-0.478092
-0.454692
-0.479581
-0.486608
-0.475388
-0.491292
-0.468528
-0.445683
-0.398428
-0.340218
-0.430869
-0.426402
-0.36021
-0.335518
-0.285842
-0.297094
-0.329176
-0.362471
-0.394805
-0.331689
-0.276815
-0.313864
-0.37331
-0.361252
-0.299572
-0.375322
-0.338985
-0.402745
-0.422073
-0.417251
-0.407171
-0.345636
-0.371252
-0.420573
-0.5167
-0.468246
-0.528759
-0.497825
-0.516601
-0.54897
-0.475722
-0.444057
-0.471525
-0.51146
-0.489892
-0.482295
-0.444524
-0.467723
-0.397483
-0.429328
-0.404483
-0.395101
-0.427843
-0.419665
-0.414253
-0.402608
-0.438428
-0.410212
-0.474625
-0.405692
-0.440181
-0.447773
-0.398433
-0.390427
-0.388752
-0.39462
-0.351126
-0.389979
-0.373044
-0.374465
-0.418144
-0.453544
-0.492749
-0.461425
-0.481393
-0.444765
-0.37834
-0.50306
-0.439979
-0.397043
-0.39539
-0.395437
-0.400513
-0.324832
-0.355205
-0.302268
-0.321012
-0.418171
-0.498453
-0.505809
-0.403645
-0.384496
-0.456752
-0.400347
-0.349842
-0.342824
-0.373816
-0.385865
-0.422946
-0.389844
-0.359125
-0.405901
-0.376332
-0.455016
-0.498215
-0.432528
-0.440002
-0.50045
-0.472434
-0.50146
-0.471845
-0.405319
-0.419953
-0.421759
-0.447921
-0.467045
-0.42665
-0.418751
-0.450895
-0.380081
-0.373802
-0.407294
-0.418765
-0.416549
-0.378683
-0.430324
-0.446577
-0.414086
-0.414565
-0.372065
-0.377883
-0.34941
-0.343304
-0.373297
-0.35525
-0.34087
-0.414994
-0.440031
-0.445586
-0.450856
-0.484583
-0.421096
-0.459671
-0.390646
-0.472307
-0.416088
-0.464311
-0.472795
-0.487436
-0.468423
-0.475685
-0.530134
-0.500336
-0.452493
-0.430463
-0.402421
-0.374687
-0.391949
-0.449149
-0.427952
-0.45741
-0.466088
-0.411059
-0.428394
-0.407125
-0.392504
-0.408086
-0.429526
-0.40989
-0.39894
-0.428719
-0.386332
-0.424101
-0.433162
-0.380253
-0.417073
-0.397979
-0.358554
-0.366963
-0.420666
-0.355806
-0.350155
-0.35858
-0.374784
-0.420805
-0.440362
-0.437957
-0.447561
-0.426983
-0.395218
-0.357503
-0.405151
-0.401629
-0.38457
-0.429469
-0.374562
-0.442996
-0.441683
-0.354447
-0.38841
-0.375688
-0.317347
-0.357515
-0.339956
-0.300361
-0.341562
-0.448657
-0.42297
-0.38009
-0.435428
-0.341361
-0.363748
-0.382039
-0.447393
-0.448689
-0.413402
-0.364535
-0.340062
-0.354737
-0.315748
-0.33007
-0.343311
-0.348627
-0.377916
-0.431177
-0.445265
-0.423579
-0.432957
-0.465853
-0.536544
-0.418978
-0.440854
-0.417665
-0.41578
-0.492794
-0.510567
-0.485738
-0.448809
-0.469356
-0.452918
-0.444326
-0.393726
-0.343441
-0.454161
-0.472655
-0.415989
-0.434327
-0.399277
-0.424925
-0.405529
-0.433258
-0.497513
-0.466856
-0.427004
-0.418872
-0.347233
-0.33467
-0.353754
-0.338357
-0.401179
-0.382742
-0.346798
-0.36969
-0.352259
-0.344099
-0.434135
-0.404363
-0.431324
-0.462238
-0.455246
-0.341256
-0.374861
-0.383011
-0.438909
-0.396389
-0.374812
-0.437942
-0.384675
-0.407422
-0.389728
-0.420213
-0.440652
-0.384026
-0.428699
-0.452921
-0.47679
-0.41957
-0.356582
-0.308282
-0.338746
-0.327366
-0.330059
-0.362843
-0.340685
-0.385528
-0.396432
-0.413765
-0.361623
-0.39301
-0.364505
-0.369927
-0.390637
-0.425832
-0.40972
-0.403282
-0.395485
-0.425118
-0.416561
-0.424486
-0.371667
-0.350363
-0.342155
-0.294588
-0.257959
-0.347726
-0.3474
-0.316049
-0.36902
-0.335552
-0.34859
-0.397926
-0.366908
-0.321972
-0.340411
-0.310571
-0.28084
-0.297418
-0.309364
-0.383145
-0.40404
-0.375052
-0.42181
-0.359879
-0.366637
-0.42306
-0.41824
-0.423471
-0.426523
-0.417768
-0.45136
-0.392869
-0.430705
-0.415827
-0.451957
-0.465319
-0.406239
-0.453514
-0.419781
-0.406894
-0.351154
-0.451698
-0.47666
-0.421193
-0.46255
-0.394879
-0.408707
-0.374046
-0.379934
-0.413758
-0.471891
-0.380718
-0.385158
-0.414546
-0.394433
-0.389343
-0.444838
-0.381382
-0.424066
-0.390894
-0.373743
-0.373054
-0.340629
-0.407177
-0.426429
-0.400035
-0.396676
-0.40627
-0.376567
-0.398018
-0.377082
-0.494626
-0.49058
-0.482848
-0.441407
-0.386118
-0.411621
-0.414535
-0.446982
-0.503649
-0.49048
-0.458219
-0.510968
-0.492357
-0.532687
-0.446969
-0.388108
-0.436458
-0.422053
-0.420462
-0.41644
-0.40681
-0.348328
-0.417345
-0.421841
-0.473004
-0.49251
-0.533303
-0.470816
-0.42666
-0.428895
-0.466772
-0.43731
-0.380596
-0.394865
-0.394694
-0.408949
-0.382719
-0.426857
-0.409224
-0.382327
-0.328615
-0.456171
-0.477582
-0.455735
-0.484288
-0.530017
-0.527088
-0.436791
-0.436512
-0.419919
-0.451445
-0.506411
-0.46834
-0.46029
-0.369831
-0.377941
-0.300637
-0.306347
-0.292645
-0.32072
-0.32099
-0.374577
-0.329053
-0.406566
-0.381595
-0.379147
-0.335589
-0.419672
-0.369538
-0.38078
-0.407953
-0.436355
-0.446213
-0.363139
-0.371135
-0.429203
-0.369487
-0.448384
-0.439805
-0.457296
-0.465252
-0.515761
-0.485263
-0.470088
-0.464452
-0.430769
-0.376774
-0.361059
-0.399381
-0.417761
-0.476709
-0.432033
-0.397096
-0.408151
-0.403683
-0.411151
-0.403459
-0.415676
-0.468178
-0.428469
-0.412639
-0.437826
-0.408215
-0.425344
-0.414132
-0.406573
-0.363825
-0.399987
-0.413432
-0.545645
-0.491123
-0.549201
-0.49943
-0.478731
-0.429348
-0.494347
-0.528683
-0.464662
-0.392362
-0.42195
-0.439748
-0.552858
-0.547887
-0.501286
-0.496532
-0.38825
-0.382628
-0.421712
-0.493654
-0.450116
-0.40504
-0.387905
-0.365261
-0.434957
-0.380129
-0.410637
-0.409878
-0.48422
-0.521432
-0.476983
-0.452099
-0.41185
-0.357807
-0.350355
-0.347838
-0.394702
-0.352322
-0.354297
-0.424067
-0.424311
-0.416106
-0.417833
-0.390674
-0.420569
-0.457942
-0.466707
-0.457262
-0.464031
-0.433623
-0.458399
-0.446875
-0.392895
-0.43394
-0.405986
-0.40532
-0.318576
-0.306834
-0.405833
-0.44316
-0.436497
-0.418067
-0.422232
-0.488315
-0.43173
-0.375196
-0.33123
-0.371173
-0.346215
-0.324545
-0.397194
-0.445425
-0.456009
-0.458162
-0.466326
-0.417624
-0.396919
-0.361522
-0.450101
-0.360519
-0.501848
-0.461171
-0.467891
-0.37386
-0.376665
-0.354483
-0.292931
-0.310974
-0.294179
-0.287871
-0.30343
-0.307207
-0.338695
-0.358483
-0.394205
-0.398007
-0.403069
-0.432351
-0.409928
-0.411696
-0.376578
-0.363813
-0.32381
-0.326703
-0.398927
-0.359739
-0.337651
-0.39169
-0.36963
-0.422888
-0.384419
-0.341326
-0.356235
-0.30472
-0.348239
-0.39408
-0.400296
-0.417626
-0.4048
-0.427587
-0.42627
-0.384373
-0.424283
-0.395905
-0.436738
-0.37421
-0.386843
-0.427861
-0.40717
-0.446697
-0.33269
-0.313684
-0.389786
-0.37625
-0.355
-0.347511
-0.387466
-0.342758
-0.36272
-0.473718
-0.42192
-0.366878
-0.426495
-0.424983
-0.475331
-0.401024
-0.342757
-0.373657
-0.413009
-0.357036
-0.390119
-0.413454
-0.451103
-0.446148
-0.471121
-0.428398
-0.440792
-0.457208
-0.422263
-0.459117
-0.412674
-0.409201
-0.42242
-0.411782
-0.400185
-0.429524
-0.509315
-0.509254
-0.510134
-0.411226
-0.417973
-0.454913
-0.459376
-0.471699
-0.436346
-0.397224
-0.39874
-0.388585
-0.346155
-0.404282
-0.375151
-0.370758
-0.41472
-0.383674
-0.42062
-0.428824
-0.357385
-0.424855
-0.454242
-0.376982
-0.4231
-0.452743
-0.421807
-0.456899
-0.432344
-0.45822
-0.443771
-0.496212
-0.462086
-0.440659
-0.465745
-0.457114
-0.372128
-0.342784
-0.391817
-0.370333
-0.359733
-0.387246
-0.324664
-0.278201
-0.334702
-0.377503
-0.417096
-0.416819
-0.409359
-0.458474
-0.353033
-0.396325
-0.404946
-0.447706
-0.41275
-0.380684
-0.384226
-0.344149
-0.362947
-0.387311
-0.357214
-0.404749
-0.46039
-0.443482
-0.387835
-0.443469
-0.438453
-0.419716
-0.413403
-0.434671
-0.351446
-0.397845
-0.450555
-0.45445
-0.422044
-0.48826
-0.434595
-0.430063
-0.43303
-0.405657
-0.419584
-0.393815
-0.366219
-0.360858
-0.343092
-0.30301
-0.286709
-0.320271
-0.369517
-0.456397
-0.39233
-0.407714
-0.351966
-0.36426
-0.367417
-0.400289
-0.379488
-0.353694
-0.380812
-0.39172
-0.364324
-0.393966
-0.394347
-0.406022
-0.434836
-0.466308
-0.425246
-0.409099
-0.459372
-0.375964
-0.379782
-0.408122
-0.399819
-0.414107
-0.36287
-0.379438
-0.413649
-0.413265
-0.376382
-0.418981
-0.379876
-0.372533
-0.367216
-0.319824
-0.399812
-0.424763
-0.372805
-0.353395
-0.384917
-0.383333
-0.379548
-0.411524
-0.392047
-0.434848
-0.40037
-0.437452
-0.336316
-0.27117
-0.297357
-0.334432
-0.29652
-0.338445
-0.347095
-0.384037
-0.501568
-0.421137
-0.348433
-0.312184
-0.393046
-0.395786
-0.464985
-0.41427
-0.440018
-0.381244
-0.409399
-0.396856
-0.358152
-0.368298
-0.410291
-0.443954
-0.39347
-0.420052
-0.42069
-0.398334
-0.42041
-0.387515
-0.416328
-0.431655
-0.444006
-0.417807
-0.393087
-0.41703
-0.491051
-0.510929
-0.429956
-0.405406
-0.408873
-0.473847
-0.484991
-0.410839
-0.344913
-0.401436
-0.470835
-0.436313
-0.32265
-0.332424
-0.359188
-0.34059
-0.363602
-0.380081
-0.355859
-0.320942
-0.327893
-0.369173
-0.403301
-0.434721
-0.392431
-0.453086
-0.416893
-0.460955
-0.421078
-0.448277
-0.363419
-0.430988
-0.375851
-0.37001
-0.386852
-0.412776
-0.449103
-0.439257
-0.469748
-0.477154
-0.487607
-0.491894
-0.500369
-0.477832
-0.442845
-0.451062
-0.414242
-0.422907
-0.463706
-0.422515
-0.442578
-0.443409
-0.466144
-0.459929
-0.460481
-0.418076
-0.40548
-0.4104
-0.390088
-0.438
-0.437748
-0.500887
-0.52811
-0.544579
-0.538875
-0.544294
-0.500908
-0.445932
-0.445985
-0.424307
-0.461007
-0.491068
-0.385026
-0.354397
-0.350004
-0.330099
-0.327346
-0.403142
-0.383823
-0.403671
-0.444711
-0.487426
-0.48911
-0.531505
-0.487964
-0.490081
-0.465369
-0.484328
-0.447852
-0.483445
-0.490346
-0.48313
-0.482209
-0.429466
-0.383719
-0.364322
-0.358825
-0.386238
-0.425721
-0.395918
-0.378268
-0.42667
-0.553679
-0.525841
-0.516455
-0.442111
-0.406027
-0.397114
-0.316274
-0.313858
-0.361174
-0.405475
-0.349546
-0.37115
-0.364264
-0.352717
-0.369116
-0.321931
-0.337525
-0.364992
-0.368812
-0.425098
-0.447437
-0.464085
-0.404002
-0.450822
-0.414519
-0.369291
-0.362885
-0.390017
-0.406544
-0.396736
-0.472519
-0.411075
-0.437287
-0.446712
-0.408012
-0.417622
-0.376475
-0.39217
-0.399937
-0.348984
-0.383483
-0.417016
-0.44624
-0.528176
-0.538123
-0.514818
-0.436685
-0.496052
-0.387338
-0.435756
-0.494219
-0.444265
-0.451638
-0.428062
-0.517734
-0.49264
-0.487231
-0.51436
-0.432124
-0.43436
-0.498282
-0.414282
-0.414193
-0.429909
-0.433774
-0.447137
-0.382676
-0.400257
-0.428021
-0.338055
-0.397575
-0.341891
-0.423551
-0.452938
-0.488738
-0.432226
-0.482912
-0.435417
-0.403711
-0.416109
-0.393475
-0.346515
-0.351181
-0.385587
-0.36401
-0.386757
-0.346355
-0.440246
-0.403853
-0.360053
-0.302089
-0.309319
-0.341464
-0.32819
-0.392324
-0.43995
-0.499632
-0.460551
-0.431376
-0.395226
-0.463853
-0.477756
-0.500158
-0.409989
-0.404296
-0.387422
-0.358879
-0.334393
-0.347146
-0.406223
-0.397448
-0.406529
-0.418074
-0.414585
-0.41203
-0.389573
-0.406504
-0.432996
-0.426725
-0.413418
-0.373244
-0.354402
-0.372338
-0.387602
-0.394809
-0.380491
-0.305968
-0.349905
-0.388857
-0.432125
-0.459563
-0.489533
-0.486964
-0.409366
-0.359385
-0.38074
-0.40582
-0.390244
-0.338291
-0.328867
-0.367907
-0.290217
-0.342515
-0.369568
-0.440246
-0.387252
-0.308099
-0.360639
-0.351073
-0.352028
-0.365279
-0.371297
-0.437769
-0.414398
-0.477028
-0.453788
-0.427821
-0.413761
-0.366829
-0.357316
-0.370262
-0.298499
-0.347526
-0.256304
-0.335896
-0.399298
-0.4592
-0.438319
-0.410282
-0.430767
-0.429763
-0.424497
-0.434425
-0.43009
-0.470039
-0.490549
-0.462324
-0.493105
-0.445058
-0.460706
-0.458196
-0.474294
-0.470973
-0.512389
-0.542358
-0.511181
-0.524764
-0.511637
-0.42754
-0.407283
-0.421481
-0.444809
-0.529717
-0.533662
-0.502875
-0.496354
-0.449756
-0.490159
-0.482304
-0.413143
-0.466002
-0.459129
-0.478828
-0.414418
-0.419541
-0.405628
-0.359472
-0.406251
-0.353653
-0.358144
-0.370785
-0.403302
-0.401714
-0.425552
-0.502991
-0.44229
-0.386217
-0.375973
-0.347979
-0.433541
-0.424213
-0.44072
-0.394894
-0.422421
-0.309728
-0.30937
-0.305432
-0.32123
-0.330955
-0.278267
-0.361326
-0.335287
-0.33758
-0.427126
-0.392435
-0.39548
-0.398101
-0.443026
-0.446102
-0.423012
-0.45006
-0.51122
-0.428104
-0.461315
-0.405436
-0.45615
-0.445624
-0.488869
-0.529825
-0.546022
-0.434821
-0.449815
-0.510747
-0.534526
-0.537258
-0.615932
-0.507473
-0.444436
-0.471663
-0.456609
-0.437722
-0.384556
-0.478886
-0.421793
-0.380911
-0.414406
-0.407363
-0.40143
-0.395892
-0.409661
-0.399148
-0.429364
-0.386169
-0.444129
-0.43055
-0.423338
-0.421184
-0.33816
-0.379358
-0.356071
-0.302859
-0.341017
-0.345777
-0.385713
-0.383113
-0.402115
-0.370404
-0.413711
-0.402073
-0.476284
-0.450414
-0.453197
-0.41468
-0.363966
-0.427234
-0.43045
-0.463135
-0.434073
-0.465853
-0.451224
-0.414428
-0.401986
-0.433448
-0.460954
-0.433572
-0.474224
-0.445179
-0.332875
-0.336603
-0.407376
-0.362431
-0.352227
-0.363909
-0.393819
-0.406053
-0.390416
-0.37266
-0.325023
-0.332303
-0.392881
-0.418845
-0.385161
-0.370354
-0.379222
-0.389848
-0.396866
-0.430751
-0.364743
-0.448214
-0.450017
-0.438694
-0.456245
-0.452609
-0.330897
-0.307412
-0.370429
-0.462584
-0.402523
-0.423494
-0.370174
-0.360357
-0.361183
-0.403135
-0.438749
-0.349039
-0.333513
-0.418231
-0.328558
-0.378223
-0.369715
-0.333574
-0.390845
-0.407622
-0.412914
-0.431005
-0.389874
-0.399823
-0.386308
-0.450953
-0.446964
-0.420628
-0.381684
-0.467649
-0.512525
-0.486511
-0.447381
-0.426855
-0.419283
-0.386687
-0.372197
-0.366049
-0.359021
-0.395507
-0.430551
-0.3973
-0.425492
-0.383263
-0.432781
-0.465207
-0.478222
-0.493214
-0.434207
-0.389333
-0.419223
-0.440197
-0.389513
-0.321467
-0.296583
-0.320077
-0.40305
-0.374081
-0.398382
-0.373261
-0.427078
-0.416738
-0.420392
-0.420357
-0.418819
-0.403105
-0.342171
-0.412533
-0.422362
-0.346374
-0.424882
-0.362962
-0.404509
-0.434338
-0.410743
-0.375821
-0.329808
-0.334281
-0.379943
-0.442259
-0.434989
-0.420554
-0.384897
-0.375975
-0.360192
-0.405643
-0.379695
-0.393588
-0.383253
-0.354125
-0.41238
-0.483256
-0.485156
-0.427253
-0.415698
-0.431403
-0.401602
-0.404145
-0.425249
-0.348038
-0.330022
-0.365286
-0.345241
-0.457127
-0.398461
-0.423849
-0.442963
-0.447014
-0.48992
-0.427071
-0.384093
-0.435014
-0.43776
-0.407069
-0.415655
-0.387495
-0.432424
-0.428718
-0.441508
-0.452927
-0.437793
-0.456044
-0.496751
-0.435085
-0.40076
-0.377426
-0.416928
-0.439859
-0.466255
-0.495014
-0.449942
-0.454704
-0.480438
-0.481967
-0.502387
-0.485581
-0.448967
-0.419668
-0.461736
-0.468348
-0.460139
-0.452933
-0.551917
-0.54438
-0.542458
-0.560416
-0.561567
-0.516908
-0.490627
-0.484955
-0.495938
-0.519774
-0.512021
-0.562702
-0.496337
-0.467701
-0.485608
-0.547838
-0.511564
-0.541921
-0.540815
-0.477639
-0.39404
-0.352496
-0.36783
-0.391112
-0.383095
-0.355921
-0.375316
-0.391903
-0.421642
-0.486063
-0.512208
-0.514289
-0.460517
-0.382305
-0.388485
-0.394651
-0.45568
-0.359105
-0.381938
-0.431543
-0.406895
-0.455618
-0.411212
-0.387082
-0.395605
-0.418469
-0.500771
-0.446202
-0.436351
-0.466962
-0.441765
-0.440574
-0.41529
-0.39317
-0.402792
-0.415717
-0.416377
-0.383738
-0.442859
-0.4216
-0.404228
-0.392579
-0.435071
-0.405892
-0.421035
-0.445411
-0.436648
-0.336426
-0.434543
-0.507543
-0.487501
-0.485968
-0.413552
-0.40736
-0.460683
-0.483762
-0.44618
-0.474993
-0.471354
-0.400857
-0.391477
-0.403344
-0.42057
-0.368516
-0.418662
-0.403486
-0.400887
-0.352893
-0.354831
-0.397379
-0.437796
-0.412814
-0.422342
-0.459854
-0.490739
-0.499963
-0.498738
-0.339439
-0.431494
-0.399661
-0.40996
-0.43453
-0.399857
-0.334317
-0.362287
-0.383616
-0.398944
-0.387907
-0.425269
-0.390978
-0.466819
-0.433767
-0.424636
-0.435973
-0.445679
-0.510549
-0.508227
-0.471979
-0.432565
-0.387431
-0.415016
-0.452823
-0.48272
-0.450061
-0.518134
-0.520721
-0.54482
-0.497956
-0.542357
-0.477386
-0.487253
-0.421343
-0.448407
-0.428914
-0.372989
-0.376321
-0.339632
-0.345952
-0.361709
-0.40736
-0.37962
-0.417676
-0.418857
-0.425362
-0.438455
-0.381161
-0.385764
-0.387161
-0.328294
-0.37083
-0.379127
-0.41591
-0.392946
-0.41466
-0.431272
-0.44512
-0.411021
-0.456904
-0.455513
-0.388322
-0.369181
-0.40092
-0.427746
-0.309152
-0.386059
-0.371734
-0.353484
-0.374582
-0.386169
-0.367703
-0.472764
-0.372499
-0.374398
-0.429685
-0.508769
-0.457262
-0.468406
-0.330747
-0.443978
-0.440243
-0.401658
-0.400892
-0.365459
-0.322111
-0.318192
-0.304439
-0.322627
-0.331972
-0.356314
-0.353758
-0.406065
-0.453473
-0.439212
-0.374796
-0.395155
-0.370243
-0.377623
-0.424107
-0.342344
-0.384235
-0.38137
-0.406306
-0.401602
-0.371503
-0.447564
-0.434134
-0.391403
-0.441795
-0.458196
-0.399302
-0.425977
-0.375002
-0.37867
-0.474848
-0.45337
-0.468008
-0.439782
-0.430909
-0.417498
-0.420857
-0.392813
-0.385489
-0.354694
-0.371075
-0.291214
-0.408707
-0.3947
-0.451036
-0.487432
-0.442633
-0.484495
-0.462767
-0.432641
-0.392751
-0.349759
-0.380773
-0.39574
-0.408915
-0.421755
-0.413563
-0.50265
-0.522492
-0.538422
-0.438083
-0.479587
-0.485948
-0.485858
-0.42525
-0.440805
-0.427247
-0.410251
-0.436478
-0.427979
-0.40729
-0.432238
-0.36858
-0.352248
-0.379585
-0.381218
-0.38434
-0.437574
-0.426878
-0.424449
-0.454843
-0.45558
-0.400368
-0.403864
-0.457869
-0.482614
-0.447684
-0.408629
-0.398047
-0.383324
-0.450329
-0.399204
-0.411676
-0.379326
-0.428994
-0.417635
-0.457742
-0.385191
-0.403443
-0.388866
-0.411553
-0.406396
-0.399809
-0.444338
-0.423156
-0.385123
-0.360927
-0.322974
-0.372807
-0.387064
-0.407773
-0.420727
-0.461744
-0.404184
-0.441291
-0.361531
-0.412187
-0.406572
-0.450655
-0.395025
-0.465812
-0.393318
-0.410748
-0.423494
-0.424037
-0.433448
-0.391855
-0.460318
-0.451839
-0.458145
-0.412001
-0.404518
-0.463218
-0.406304
-0.424143
-0.406953
-0.433512
-0.510577
-0.489067
-0.477238
-0.466445
-0.486081
-0.445241
-0.393784
-0.423956
-0.474347
-0.517369
-0.483614
-0.455203
-0.372968
-0.402557
-0.416574
-0.401386
-0.387802
-0.397005
-0.477692
-0.476286
-0.368501
-0.422006
-0.461096
-0.416518
-0.438194
-0.465766
-0.427684
-0.439773
-0.4922
-0.561603
-0.492916
-0.46281
-0.450468
-0.483939
-0.497252
-0.429677
-0.354555
-0.418597
-0.458401
-0.460408
-0.467421
-0.477972
-0.503954
-0.526391
-0.553567
-0.527293
-0.452195
-0.460078
-0.436431
-0.447648
-0.398935
-0.405692
-0.420278
-0.388446
-0.399271
-0.444436
-0.359643
-0.362256
-0.447666
-0.417005
-0.416208
-0.443439
-0.38175
-0.386548
-0.416647
