0.056485
0.0619144
0.0643889
0.0531592
0.0488606
0.0542861
0.0453184
0.0480429
0.0537632
0.0624512
0.0557197
0.0484172
0.0410661
0.0505748
0.0500042
0.0624033
0.0380756
0.0498427
0.0519292
0.0409545
0.052884
0.0542546
0.0508097
0.0445743
0.0553879
0.0434935
0.0485419
0.0613601
0.0545195
0.0526566
0.0525497
0.044995
0.0434879
0.0507021
0.0527756
0.0486441
0.0539858
0.0523593
0.0434023
0.0398283
0.0388086
0.0412578
0.0514102
0.058096
0.0439822
0.038531
0.0387813
0.0444661
0.0446251
0.0509416
0.0522111
0.0492641
0.0555554
0.0624909
0.0549501
0.0610372
0.054115
0.0652375
0.0522526
0.0540007
0.0600772
0.05364
0.0474409
0.0575403
0.0473196
0.0328417
0.0331777
0.0432687
0.0379534
0.040058
0.0556573
0.051162
0.0460298
0.0359979
0.0382975
0.0404866
0.0462028
0.0520656
0.0496908
0.0499788
0.0566575
0.0462627
0.047916
0.0439279
0.0437315
0.04576
0.0532508
0.0413532
0.0477457
0.0425241
0.0468639
0.0590807
0.0407788
0.0465309
0.0544407
0.0468759
0.051368
0.0446447
0.0538031
0.0494842
0.0397518
0.0580266
0.0430299
0.051145
0.0511796
0.0534011
0.0499406
0.0574228
0.0538182
0.0480896
0.0537687
0.0395482
0.0354289
0.0447841
0.0323889
0.0418684
0.0397353
0.0536912
0.0415166
0.0434145
0.0454158
0.0367421
0.0370868
0.0368492
0.0394464
0.0461779
0.0484795
0.0529353
0.0558062
0.0677411
0.0576109
0.0675213
0.0609404
0.051912
0.0462797
0.0437475
0.0501818
0.0686298
0.0682051
0.0498903
0.0515376
0.0698408
0.0522574
0.0498983
0.0492452
0.0465244
0.0396021
0.0410893
0.0491933
0.0409261
0.0512815
0.0616131
0.0452233
0.0531026
0.0462503
0.0496681
0.0496076
0.0498602
0.052103
0.050853
0.0544101
0.0541298
0.048801
0.0443052
0.0365917
0.041581
0.0359326
0.0391279
0.0492439
0.0509945
0.0487217
0.0488887
0.0459447
0.0406396
0.0619586
0.0518088
0.0551362
0.0748214
0.0555572
0.0528653
0.0532604
0.0682267
0.0622073
0.0456427
0.0406261
0.0421478
0.0468253
0.0407835
0.0415708
0.050706
0.0548522
0.0474159
0.0419038
0.0468547
0.0531023
0.0409649
0.0487822
0.0420945
0.0481976
0.0502238
0.049823
0.04269
0.0496113
0.0421354
0.048163
0.0564004
0.0481359
0.054593
0.0467291
0.0437521
0.0519959
0.0469866
0.0532266
0.0626469
0.0548745
0.062795
0.0657363
0.0702539
0.0465409
0.051689
0.0531709
0.0507759
0.048484
0.0553951
0.0563843
0.0581514
0.0577299
0.0498891
0.0397772
0.0531944
0.0478864
0.0473725
0.038743
0.0359239
0.0363776
0.0356623
0.0473871
0.0572188
0.0501438
0.0527515
0.0544015
0.0466413
0.0597877
0.052139
0.0527612
0.0487988
0.0428115
0.0389544
0.0482248
0.0428185
0.0456142
0.0396723
0.0422622
0.0375246
0.0364604
0.0412483
0.046843
0.0462231
0.0850071
0.0450718
0.0497543
0.0349355
0.03727
0.0387877
0.0452093
0.0436731
0.0658085
0.0517386
0.0408273
0.0392977
0.0451385
0.0469084
0.0492618
0.0429251
0.0392107
0.0546994
0.0480118
0.0448955
0.0551784
0.0604377
0.047568
0.0470556
0.053033
0.0589662
0.0472065
0.0575346
0.0423961
0.0375448
0.0502439
0.0477633
0.048155
0.0553793
0.0476951
0.0500337
0.0619029
0.0525071
0.0478947
0.0489722
0.0566193
0.0559555
0.0485832
0.0693139
0.0651251
0.0490217
0.0524586
0.04895
0.0493316
0.0439498
0.0524856
0.0433333
0.0465228
0.0594254
0.050262
0.0525378
0.0393944
0.0423475
0.0514551
0.0471223
0.039699
0.0351159
0.0557934
0.0654623
0.0491889
0.0548896
0.0430736
0.0350232
0.045666
0.0462993
0.0404987
0.0449622
0.0525613
0.0516999
0.0455159
0.0522079
0.042288
0.0530353
0.0501151
0.0536148
0.0400399
0.0405843
0.0522235
0.0433616
0.0440454
0.050157
0.0406608
0.0418437
0.0475681
0.0413679
0.0451062
0.0630933
0.0701255
0.0455018
0.0393205
0.0508549
0.0429844
0.0541466
0.0510724
0.0478551
0.044876
0.0431401
0.0539709
0.0517431
0.0416253
0.0565189
0.0403306
0.0547067
0.0419372
0.0504692
0.0401929
0.0512393
0.0433706
0.0547316
0.0547123
0.0410056
0.0463137
0.0445741
0.0546377
0.0448154
0.0430436
0.0410643
0.0517764
0.046535
0.0472243
0.0550762
0.0477486
0.0558412
0.0560145
0.0430581
0.0447667
0.0523392
0.0408386
0.0535787
0.0472969
0.0439749
0.0588048
0.0547632
0.051025
0.0346686
0.0334807
0.0388765
0.0412252
0.0318858
0.0428483
0.0446713
0.036097
0.0389831
0.0575117
0.0591008
0.0470029
0.0517649
0.0467676
0.0470984
0.0470171
0.0453081
0.0496666
0.0413333
0.0441447
0.060432
0.0538005
0.0519064
0.0509617
0.0475415
0.0537687
0.0507802
0.0408428
0.0453172
0.0568384
0.0501845
0.0493235
0.0503636
0.0510908
0.0573729
0.0523912
0.0483436
0.0411134
0.041914
0.0612243
0.0637248
0.0545425
0.0644317
0.0590112
0.0592658
0.0535076
0.0501075
0.0501522
0.0516221
0.0443891
0.050903
0.0413806
0.0444152
0.0476234
0.0457225
0.043316
0.0470527
0.0455782
0.039165
0.0479184
0.0426528
0.0428383
0.0460135
0.0515098
0.0491672
0.0380622
0.03998
0.043835
0.0504936
0.0380223
0.0457957
0.0493723
0.0559845
0.0537523
0.0404202
0.0497021
0.0526995
0.0516585
0.0546219
0.0435142
0.0437867
0.0551329
0.0541155
0.0437118
0.0451742
0.0536685
0.0573277
0.0511487
0.0507268
0.0415421
0.0437724
0.0486346
0.0486273
0.0450712
0.0431135
0.045985
0.0561058
0.0477021
0.0447302
0.0394669
0.0499179
0.0467409
0.0426775
0.0435393
0.0481712
0.0561503
0.0636116
0.0643332
0.0776913
0.0412773
0.0445105
0.0475802
0.0580646
0.0535203
0.0544857
0.04877
0.0462482
0.0466198
0.048431
0.0469846
0.0548511
0.0513998
0.0529765
0.0504201
0.0544132
0.0543262
0.0483706
0.0625062
0.0651447
0.0445709
0.0477444
0.0579359
0.0605629
0.0695364
0.0574093
0.0621022
0.0365945
0.0508582
0.0546229
0.037688
0.0460911
0.0518096
0.0491525
0.0394593
0.037518
0.0338214
0.050069
0.0517595
0.0577641
0.0465528
0.0561989
0.049415
0.0356004
0.0428761
0.0485136
0.0521782
0.0346169
0.0551794
0.0524328
0.054855
0.051505
0.0638223
0.047951
0.0415365
0.0403851
0.0404758
0.049713
0.0502802
0.0552018
0.0459465
0.0527682
0.0420935
0.0562319
0.0435626
0.0563396
0.0486867
0.0542631
0.0577568
0.0540162
0.0451256
0.0405304
0.058173
0.046713
0.0527152
0.0598119
0.0513169
0.0566756
0.0499992
0.0440102
0.046921
0.0446842
0.0468894
0.0406048
0.0483415
0.0466588
0.0526036
0.0621891
0.0501032
0.0469527
0.0401736
0.0388903
0.0381695
0.0462558
0.0481175
0.062154
0.0508469
0.0442373
0.0576992
0.0377599
0.039048
0.0518888
0.046324
0.0500158
0.0498134
0.0417877
0.0516133
0.0443246
0.0527231
0.0502119
0.05203
0.0689305
0.0479509
0.0560295
0.0478365
0.0545033
0.0563877
0.0457298
0.0587654
0.0535169
0.048864
0.0555916
0.0426162
0.0421331
0.0424705
0.0451683
0.0480312
0.0473839
0.0526371
0.0528007
0.0567462
0.0558412
0.0537275
0.0458082
0.0418557
0.0501815
0.0472744
0.0380374
0.0430647
0.0515625
0.0445866
0.0618818
0.0455941
0.0481912
0.0421945
0.0505651
0.0412474
0.0442492
0.0477391
0.0531847
0.0445129
0.0532037
0.0365857
0.0417342
0.0363799
0.0383412
0.039028
0.0514531
0.0580389
0.0503894
0.0571553
0.0465541
0.0537616
0.045442
0.0523413
0.0469984
0.0518415
0.0412421
0.040445
0.0376789
0.0389388
0.0472965
0.0476016
0.0416695
0.0493845
0.0532441
0.0444733
0.0671346
0.0550797
0.0539065
0.0648383
0.0634874
0.0470326
0.0623028
0.0633063
0.0409305
0.0463394
0.0435448
0.055673
0.0410413
0.0382345
0.0490883
0.0397864
0.043821
0.0407447
0.0404996
0.0435433
0.0449295
0.0405716
0.0503594
0.0568099
0.0447482
0.0395209
0.0475294
0.0502192
0.0448731
0.055646
0.0757561
0.0528951
0.0514825
0.0487219
0.0445247
0.0441428
0.041589
0.0459508
0.0539646
0.0579176
0.0406441
0.0373404
0.0476085
0.043332
0.0540614
0.0445158
0.0403002
0.0394527
0.0498807
0.0514537
0.0523231
0.0519525
0.0476819
0.0464186
0.063756
0.0415988
0.0448402
0.049887
0.0562794
0.0565638
0.053433
0.0500968
0.0465549
0.0473421
0.0394788
0.0570271
0.0470935
0.0509641
0.0495841
0.0583759
0.0482502
0.0552366
0.0590875
0.0483794
0.0557357
0.0432656
0.0384623
0.0466596
0.0438998
0.0564348
0.0487805
0.0438707
0.0371308
0.0457394
0.0504559
0.0577228
0.0566979
0.0440589
0.0409327
0.0655224
0.0606266
0.0509043
0.0694516
0.0537812
0.0507672
0.0441814
0.0472763
0.043657
0.0393639
0.0457854
0.0429674
0.0446819
0.0584613
0.0533226
0.0491591
0.0424902
0.0641624
0.0511282
0.0407787
0.0497463
0.0416262
0.0598292
0.054657
0.0553398
0.0571057
0.0473944
0.0416043
0.0406464
0.0390513
0.0461536
0.0443537
0.0455777
0.0586014
0.0488577
0.0372923
0.0388181
0.0464595
0.0444977
0.0496324
0.0489225
0.0571227
0.0546563
0.0553544
0.0502335
0.0465499
0.0411462
0.0429934
0.0509244
0.0560436
0.0554026
0.040059
0.0389573
0.0467992
0.0531003
0.0477715
0.0462923
0.0388076
0.041073
0.0461697
0.0475856
0.052472
0.0456015
0.0435802
0.0515209
0.0568768
0.0563172
0.0401754
0.0376332
0.0537901
0.0533146
0.0475338
0.0700641
0.0597502
0.0345705
0.0416601
0.0330228
0.0509167
0.0460413
0.0633351
0.0444498
0.0488769
0.0377542
0.053865
0.0552736
0.0424219
0.0502502
0.0531954
0.0595868
0.0483335
0.0562505
0.0594175
0.058456
0.0557424
0.0709243
0.0416009
0.0419615
0.0415695
0.0490765
0.0406454
0.0454109
0.0543075
0.0584773
0.0605867
0.0385276
0.0568328
0.0563429
0.0439564
0.0667742
0.0467468
0.0511492
0.0613999
0.0660995
0.0504676
0.0584298
0.0395333
0.0478024
0.0421012
0.0502303
0.0534492
0.0645404
0.0576145
0.0480652
0.0445681
0.0647651
0.0400846
0.049132
0.0543474
0.0631832
0.0448097
0.0592739
0.0516598
0.0620354
0.0550901
0.0466152
0.0445362
0.0523591
0.0394414
0.0490935
0.0416078
0.0427273
0.0587322
0.0472645
0.0511153
0.0480375
0.0506918
0.0502016
0.042673
0.0367141
0.039668
0.0438307
0.0395798
0.0518039
0.0478946
0.0475503
0.0598406
0.0537509
0.0425032
0.0507052
0.0377984
0.0530406
0.0491666
0.0354868
0.038447
0.0399566
0.0475581
0.0398259
0.0389321
0.0429128
0.0461915
0.0483063
0.0472799
0.0503476
0.0458953
0.0402923
0.0391681
0.0440894
0.0581672
0.0514016
0.0453039
0.04343
0.040574
0.044552
0.0389086
0.0470716
0.0362684
0.0432995
0.0488756
0.0413312
0.0304576
0.0429019
0.045997
0.0466258
0.0389975
0.0503969
0.0432074
0.0614671
0.0571834
0.0510808
0.047291
0.0395639
0.0529132
0.0617662
0.0450726
0.0402725
0.0439217
0.0495849
0.0440947
0.0398397
0.0351329
0.0464426
0.0487938
0.0453988
0.0421259
0.0440306
0.0592231
0.037032
0.0552204
0.0460547
0.0512535
0.0450623
0.0464675
0.0434287
0.0386189
0.0365116
0.0532823
0.0524238
0.0415623
0.0383641
0.0462201
0.0476599
0.0525219
0.0441754
0.0434682
0.0517969
0.0407409
0.0425237
0.0391836
0.0483039
0.0518127
0.0545729
0.0611831
0.0488325
0.0519158
0.0573133
0.0607764
0.0506158
0.0537426
0.0578332
0.0462497
0.0407908
0.0561457
0.0485754
0.0563391
0.0520418
0.0537152
0.0429823
0.0495264
0.0466007
0.0536977
0.0526866
0.0485267
0.0516206
0.0433919
0.0526
0.0549528
0.0460182
0.0605952
0.0488689
0.0565975
0.0579232
0.0538195
0.0646938
0.0605502
0.0673606
0.0860705
0.0521253
0.0583382
0.0511138
0.040545
0.0530512
0.0563142
0.0474991
0.051637
0.0649924
0.0485951
0.039684
0.0597697
0.0645262
0.0512597
0.0459101
0.0377374
0.0519463
0.0616362
0.0509375
0.046722
0.0524542
0.0542325
0.053176
0.0451045
0.0566884
0.0400551
0.0530102
0.0566952
0.0484541
0.0483092
0.056856
0.0468328
0.0561969
0.0427516
0.0464225
0.0471943
0.0419822
0.0359393
0.0537623
0.0538306
0.0447673
0.0412407
0.0516835
0.0509027
0.0564288
0.04046
0.0623962
0.0509229
0.0427943
0.0613086
0.0386579
0.0358451
0.0504362
0.0503634
0.0401276
0.0368254
0.0411845
0.0543755
0.042726
0.0520027
0.0453086
0.0458379
0.0456336
0.0450922
0.0330459
0.0339837
0.0428834
0.0472518
0.0438845
0.0504997
0.0523578
0.0499897
0.0450465
0.0438042
0.0534788
0.044118
0.057148
0.0565022
0.0447692
0.0391072
0.0395107
0.0401904
0.0469284
0.0464489
0.0405644
0.0393802
0.0508586
0.0394455
0.0360775
0.0616353
0.0433622
0.050834
0.0436927
0.040674
0.058918
0.0587972
0.0534355
0.0491375
0.0573689
0.0472286
0.053992
0.0525339
0.0687874
0.0616069
0.0556019
0.0438194
0.056363
0.042952
0.0522043
0.0521317
0.0488302
0.0541504
0.0537
0.046485
0.0475955
0.0432787
0.0390539
0.0473377
0.0469367
0.0501815
0.0494702
0.069508
0.0579126
0.0453545
0.0474105
0.0427408
0.032973
0.0401366
0.0513973
0.0540465
0.0487618
0.0546998
0.0580345
0.0485313
0.0513935
0.0454782
0.049455
0.0401854
0.0513715
0.0482239
0.0473179
0.0507061
0.0553061
0.0473232
0.0462691
0.0441544
0.0436509
0.0465605
0.0476045
0.0513159
0.0461592
0.0481856
0.0417569
0.0480082
0.0370838
0.0496048
0.045236
0.0432306
0.0404888
0.0366852
0.0456264
0.0572161
0.0487925
0.0565555
0.055062
0.0400024
0.0403929
0.0573036
0.0544902
0.0602982
0.0695275
0.0558937
0.0538697
0.0381653
0.0407623
0.0503498
0.0474639
0.0513799
0.0430675
0.0437721
0.0599979
0.0698041
0.0567757
0.0555454
0.0515771
0.0710663
0.0505689
0.0425601
0.0451952
0.0504042
0.057071
0.0370009
0.0511673
0.044858
0.0539954
0.0566395
0.0514557
0.0494006
0.0497727
0.0694648
0.0497003
0.0407709
0.060718
0.0569503
0.044926
0.0518761
0.0399163
0.0641949
0.0485358
0.0496073
0.0457739
0.0422588
0.0402631
0.0418821
0.0413997
0.0533638
0.0354365
0.0389277
0.048281
0.0526767
0.0498247
0.0537943
0.0466715
0.0555998
0.0551967
0.0473181
0.0393747
0.0456593
0.0554139
0.0519431
0.0499753
0.0477676
0.0455362
0.045498
0.0452107
0.0451763
0.0486809
0.0676506
0.041577
0.0449495
0.0477398
0.0516786
0.0640456
0.0591118
0.0464074
0.0506441
0.0549695
0.0475931
0.050494
0.0525922
0.0520701
0.0565345
0.0418973
0.0518063
0.0408752
0.0665884
0.0618837
0.070697
0.0515675
0.044243
0.039277
0.0584958
0.0478928
0.0503135
0.0700842
0.0670218
0.045771
0.0625767
0.0801256
0.0603879
0.0613794
0.0489049
0.0541063
0.0401887
0.0446417
0.0494322
0.0475433
0.0579666
0.0553241
0.0617117
0.0485262
0.0431487
0.0482021
0.0572624
0.0470989
0.0353091
0.0413011
0.0507025
0.064241
0.0480121
0.0388666
0.0435037
0.0335661
0.0388182
0.0620087
0.0572495
0.056576
0.0662177
0.0657752
0.0431073
0.048056
0.0508994
0.0454025
0.0326673
0.0304413
0.0348581
0.0448998
0.0397673
0.0364469
0.0435531
0.036784
0.0502588
0.0400089
0.0527185
0.0444869
0.0440839
0.0410355
0.0617998
0.05338
0.0567167
0.0466818
0.0375361
0.0384722
0.0499716
0.0558602
0.0549595
0.047715
0.0389931
0.0445419
0.0454962
0.04488
0.0411745
0.0459686
0.0503338
0.0468692
0.0345988
0.0373102
0.0439105
0.0425683
0.057896
0.0481468
0.0510899
0.06616
0.0570167
0.0368231
0.0525994
0.0447896
0.0475062
0.063383
0.0514786
0.0593289
0.0501922
0.0583988
0.0534746
0.0508621
0.0668413
0.0496905
0.0519789
0.0588895
0.0381149
0.0469148
0.0387101
0.0496931
0.0507499
0.0419309
0.0443355
0.0466767
0.053446
0.0574786
0.0672225
0.0572091
0.0527873
0.0534242
0.0491236
0.071093
0.0476803
0.049106
0.0433033
0.0509493
0.0401358
0.0489693
0.0450337
0.0394413
0.0399436
0.0434516
0.0386437
0.0384353
0.0396569
0.0436854
0.0564843
0.0607408
0.0575632
0.0493259
0.0418083
0.0604641
0.0592851
0.0451694
0.0417898
0.0422839
0.0508624
0.0415148
0.0423881
0.0613929
0.0561144
0.0550482
0.0447486
0.0489531
0.0553523
0.0446478
0.0544073
0.0488517
0.0660023
0.0545961
0.0557099
0.0597713
0.0418666
0.0564816
0.0579107
0.0581159
0.0428213
0.0506622
0.043009
0.0481163
0.054071
0.0595608
0.0473433
0.0408657
0.0452314
0.0453498
0.06478
0.0619378
0.0529329
0.0516613
0.0549922
0.0442049
0.0394128
0.0393023
0.051581
0.0507814
0.0540446
0.048262
0.0447026
0.0483916
0.0475443
0.062789
0.0501206
0.0423236
0.0631754
0.0548139
0.0567778
0.046118
0.041488
0.0437509
0.0533056
0.0621114
0.0557273
0.0542234
0.0577368
0.0636505
0.0482287
0.0426132
0.0448691
0.0470885
0.0591387
0.0678051
0.0459005
0.0454593
0.0508062
0.046579
0.0517464
0.0683405
0.0497968
0.0444998
0.0489734
0.0636905
0.0479591
0.039945
0.0397373
0.0547054
0.0505421
0.0535121
0.0625081
0.0467187
0.0407719
0.0517864
0.0542966
0.0476122
0.0483919
0.0581489
0.0564535
0.0647742
0.0439852
0.0446116
0.0431971
0.0493947
0.0561221
0.061367
0.0613199
0.0687064
0.0484755
0.0537513
0.0467619
0.0470829
0.0457007
0.0486843
0.0465325
0.0476
0.0494607
0.0473625
0.0462441
0.0550443
0.0624223
0.0579442
0.0411578
0.0507245
0.0519164
0.0414636
0.0502944
0.0472669
0.05674
0.0487504
0.0492342
0.0460984
0.0459243
0.0460512
0.0469635
0.0457901
0.0486936
0.0443362
0.0470417
0.0521471
0.0564818
0.0495626
0.0410954
0.0482517
0.0484357
0.0415002
0.0517876
0.0546734
0.0506455
0.0560295
0.0593251
0.066767
0.0643149
0.0552358
0.0504886
0.0581622
0.0589153
0.0485616
0.0569438
0.0512538
0.0491663
0.0418309
0.0472011
0.0445905
0.0441869
0.0562728
0.0554781
0.0618746
0.0537404
0.0531263
0.05396
0.0491581
0.0614258
0.0452528
0.0483135
0.052482
0.0475405
0.0388346
0.0464094
0.035171
0.0686176
0.0704769
0.0423598
0.0453537
0.0421402
0.0434912
0.0421634
0.0388913
0.0337561
0.0329889
0.0461384
0.0496641
0.0403081
0.0470067
0.0509473
0.0488195
0.0410273
0.0387681
0.0426038
0.042928
0.0407932
0.0554255
0.0526004
0.034889
0.0451853
0.0463881
0.0482037
0.0491272
0.0649082
0.0675839
0.0364498
0.0514339
0.0445987
0.0492644
0.0440741
0.0504563
0.0402227
0.048264
0.0477707
0.0477622
0.0594992
0.0467845
0.0396715
0.0374641
0.0493977
0.0411079
0.0451335
0.052816
0.047595
0.0472244
0.0415877
0.045867
0.0524908
0.0553439
0.0440079
0.0454647
0.0533468
0.0442792
0.044744
0.0559606
0.0541262
0.045935
0.0496463
0.0563824
0.0570004
0.0597535
0.0568421
0.062065
0.0371579
0.040743
0.0577318
0.0590752
0.0556192
0.0417725
0.0508712
0.0472707
0.0494965
0.0430371
0.0499005
0.0527794
0.045021
0.0429631
0.0487503
0.0387446
0.0540197
0.041865
0.0497951
0.0411774
0.0436243
0.0494114
0.043471
0.0583785
0.0577546
0.0501745
0.0601076
0.0495865
0.0363786
0.0366126
0.0424137
0.0378926
0.0475156
0.0399466
0.0419914
0.0467244
0.0485888
0.0448603
0.0440361
0.0521476
0.0434693
0.0475169
0.041205
0.039812
0.0526104
0.0634729
0.0480598
0.0507986
0.0673727
0.061505
0.054106
0.0480082
0.0646705
0.056141
0.0438125
0.0432729
0.0437603
0.035173
0.0493704
0.0582712
0.0480516
0.0491333
0.0440813
0.0474281
0.0399928
0.0423066
0.0555995
0.0638292
0.0575384
0.0439966
0.0427876
0.0342766
0.037724
0.0491434
0.0468627
0.0437523
0.0499832
0.0511976
0.0498977
0.0557341
0.0560351
0.0465526
0.0509002
0.0563745
0.0575262
0.0498265
0.0616788
0.0757296
0.0537442
0.057845
0.0562967
0.0526289
0.060628
0.0441473
0.0567367
0.0594046
0.0510682
0.0494917
0.0571674
0.0444147
0.0473302
0.0506228
0.0436366
0.0504684
0.0525779
0.0430235
0.0538013
0.0690049
0.0738556
0.0578296
0.0423387
0.0380913
0.0511449
0.0353721
0.042445
0.0443385
0.0310078
0.0346643
0.0370893
0.0581449
0.0564245
0.0396912
0.0452324
0.0435353
0.0569659
0.0402206
0.0381764
0.0395494
0.0490208
0.0405388
0.0397313
0.0418255
0.0456953
0.0469063
0.0414147
0.0471665
0.0436316
0.0423709
0.0445889
0.0547913
0.0587009
0.0537106
0.0469244
0.0500782
0.0486203
0.0449424
0.0428854
0.0393419
0.0369849
0.0477092
0.0418752
0.0438049
0.0387429
0.0448493
0.0519184
0.0432423
0.0534216
0.059134
0.0540758
0.051519
0.0450032
0.0532082
0.0553341
0.0423198
0.0633242
0.0560781
0.0524237
0.0396789
0.0413701
0.050371
0.0378126
0.0475282
0.0540624
0.0436883
0.0380253
0.0413766
0.0500148
0.0440287
0.0399705
0.0422908
0.0460777
0.0397337
0.0381616
0.0388963
0.0521927
0.0533187
0.0551897
0.0510063
0.0416153
0.0539023
0.054921
0.0556555
0.0494602
0.046591
0.0502494
0.0424777
0.0353234
0.0495171
0.0425656
0.0518244
0.0567698
0.0514921
0.0522763
0.056341
0.0552944
0.060651
0.0299061
0.0517583
0.0456113
0.0500334
0.0478272
0.0544195
0.0578016
0.0480794
0.0428187
0.0447609
0.0423532
0.0478367
0.0435975
0.0392776
0.0491121
0.0547003
0.050449
0.0507426
0.0509492
0.0475196
0.0585591
0.0635318
0.053809
0.0528742
0.0503215
0.0583859
0.0463239
0.0424873
0.0481886
0.0506529
0.0420176
0.0468017
0.0462508
0.0583508
0.0431177
0.0520418
0.0415313
0.0453493
0.0589156
0.0585015
0.0550374
0.0342783
0.0361317
0.046616
0.05317
0.0548947
0.050627
0.0517405
0.0604357
0.0493589
0.0424771
0.0443006
0.0469359
0.0491004
0.0565336
0.0477889
0.0439869
0.0409786
0.0338372
0.0333628
0.0430291
0.0475612
0.0491108
0.0512194
0.0414294
0.0455756
0.0494929
0.050243
0.0480318
0.05196
0.0510508
0.0491061
0.0477516
0.0460109
0.0595363
0.0553319
0.0497303
0.0429231
0.0505234
0.0568746
0.0519835
0.0497071
0.0401287
0.0520252
0.0502796
0.0422189
0.0463061
0.0475927
0.0597084
0.0499204
0.0500027
0.0455866
0.0414098
0.0397381
0.0522488
0.0676298
0.0448822
0.0460084
0.0523629
0.0533649
0.0565897
0.0393105
0.0406051
0.0414603
0.0464183
0.048921
0.0478323
0.0830487
0.0506578
0.0626235
0.047698
0.0469962
0.0439078
0.0425591
0.0515341
0.0509554
0.0557236
0.0405614
0.0466232
0.0445518
0.0486244
0.0461995
0.0572232
0.0506125
0.0443718
0.0422419
0.0466072
0.0544165
0.0452405
0.0496372
0.0515511
0.0606935
0.0471793
0.0514863
0.0440315
0.0449788
0.0516877
0.0382288
0.0398723
0.0466131
0.0444769
0.0469484
0.0480219
0.0554537
0.0464529
0.0475862
0.053224
0.0616093
0.0550848
0.0438072
0.0447454
0.0351637
0.0452221
0.0558534
0.0455592
0.0397237
0.0587884
0.0454026
0.0465112
0.0472262
0.0402699
0.0348887
0.0476285
0.0405353
0.0476619
0.0466857
0.0450377
0.0383839
0.0441891
0.0449352
0.0523379
0.0535661
0.05393
0.0449727
0.0367428
0.0509387
0.0516909
0.0526129
0.0431022
0.0716267
0.0485916
0.0539312
0.0480291
0.0498183
0.042135
0.0504716
0.059855
0.0434301
0.0402254
0.0538816
0.0555568
0.0380673
0.049969
0.064064
0.0663638
0.0701073
0.0547439
0.0414813
0.0568033
0.0479983
0.0608642
0.0530173
0.0494143
0.0563826
0.0630946
0.0378126
0.0455647
0.0493323
0.0468446
0.0470754
0.0463448
0.0418371
0.0439128
0.0557401
0.044029
0.0391544
0.0451058
0.0431962
0.0411428
0.044022
0.0465431
0.0444077
0.0564051
0.0408959
0.0443165
0.0448251
0.0554064
0.047073
0.0554027
0.0547555
0.0504858
0.0470068
0.0452666
0.0462789
0.0542942
0.0667375
0.0665304
0.0509547
0.0543545
0.0415739
0.0540204
0.0384211
0.0417371
0.0398633
0.042244
0.0507673
0.0449117
0.0554086
0.0606023
0.0412138
0.0504158
0.0555173
0.0461764
0.0487697
0.0457413
0.0433739
0.0416223
0.0493634
0.0519293
0.0482697
0.0539462
0.0526194
0.0707676
0.0658099
0.0543964
0.0501855
0.0313441
0.03821
0.045165
0.0449632
0.0379672
0.0374301
0.0351335
0.0577868
0.0515081
0.0530138
0.0578359
0.0437509
0.0417874
0.0433006
0.0551239
0.0371639
0.0465806
0.0473312
0.046327
0.0479256
0.0579358
0.0502647
0.0571419
0.0550533
0.0422375
0.0567416
0.0452955
0.0504024
0.0506679
0.040435
0.0559891
0.0500258
0.0442126
0.0597326
0.0394311
0.0444084
0.0479217
0.0481889
0.0481232
0.060055
0.0558075
0.0563122
0.0498281
0.0385404
0.0449636
0.0515696
0.0423349
0.0511144
0.054385
0.0453774
0.0676813
0.0665828
0.0684715
0.0557664
0.0499758
0.0434881
0.0538795
0.0542128
0.0459135
0.0514542
0.0511483
0.0584494
0.053192
0.0463376
0.0525388
0.0381801
0.050071
0.050122
0.0443334
0.0607096
0.0500019
0.041865
0.0543971
0.0541688
0.0487407
0.0575774
0.0607621
0.0545607
0.0553639
0.0589078
0.042458
0.0436405
0.0416025
0.0459932
0.0428695
0.0450444
0.0456134
0.0601804
0.0378626
0.0397151
0.0505584
0.0449052
0.0524788
0.052626
0.0482402
0.0355287
0.0444414
0.0416481
0.0294699
0.0339391
0.039262
0.0587698
0.0461729
0.0487709
0.0467641
0.0491573
0.043932
0.0522703
0.0555927
0.0557416
0.0677994
0.0522289
0.0542434
0.0517626
0.0451359
0.0545587
0.0422715
0.0599755
0.0702542
0.046476
0.0398941
0.0629004
0.0674282
0.0490178
0.0425487
0.0372867
0.0381725
0.0451033
0.0454786
0.0466028
0.0486679
0.0579963
0.0590056
0.0506294
0.0533746
0.0405472
0.0452685
0.047976
0.0499691
0.0436887
0.0354135
0.0528442
0.0502004
0.044638
0.0391003
0.0391458
0.0445984
0.0561772
0.0527531
0.0550857
0.0472024
0.0461853
0.0511762
0.0446046
0.0441473
0.0401896
0.0416111
0.036521
0.0530056
0.0568081
0.0565494
0.0478657
0.0401634
0.03631
0.0440204
0.0507114
0.0521539
0.0392472
0.0691513
0.0455468
0.046636
0.0426514
0.0429676
0.0414733
0.0488461
0.0515549
0.0480924
0.0419395
0.0419038
0.0408472
0.0463246
0.0577855
0.0530329
0.0454667
0.0461781
0.0705686
0.0583437
0.0545773
0.0478052
0.0466162
0.049677
0.0432823
0.0377398
0.0515653
0.0534968
0.0530394
0.0527207
0.0486715
0.0452525
0.045157
0.074614
0.0565832
0.0446149
0.0451299
0.0401231
0.0459962
0.0437384
0.0480255
0.0481122
0.0536365
0.0632157
0.0649885
0.0508787
0.055069
0.049511
0.0491755
0.0477632
0.0457795
0.0533474
0.0536684
0.0481864
0.0448587
0.0490529
0.0573893
0.0600089
0.0588025
0.044733
0.0535495
0.0467235
0.0418594
0.0566142
0.049796
0.044
0.0492353
0.0463172
0.0439795
0.0509226
0.0799081
0.0551075
0.0521324
0.0421503
0.0537219
0.0391015
0.033763
0.0352383
0.0422414
0.0494168
0.0465351
0.0418416
0.0464147
0.0457231
0.0434172
0.0487349
0.0420561
0.0462802
0.0451884
0.051049
0.0572159
0.0557025
0.0482676
0.0447645
0.0421472
0.0643258
0.0512369
0.0560968
0.0677394
0.05867
0.0563483
0.0616398
0.0473103
0.0404113
0.0547078
0.0417058
0.0549032
0.045127
0.0531666
0.0410547
0.0412732
0.0545313
0.0615849
0.0563957
0.0461008
0.0483511
0.0554828
0.0471439
0.0674846
0.03921
0.0449792
0.0405173
0.0513622
0.0469458
0.0428151
0.0421968
0.0507109
0.0456625
0.049375
0.0455537
0.0571381
0.0442663
0.0399709
0.0476485
0.0549053
0.0467286
0.0467578
0.0474858
0.0595091
0.05089
0.0471491
0.0419934
0.0419075
0.0549904
0.045757
0.0479605
0.0492414
0.0532836
0.0524174
0.0698041
0.0603455
0.0526141
0.0522994
0.0490119
0.0576901
0.0518377
0.0397167
0.0414447
0.0615561
0.0452056
0.0449226
0.0448829
0.0377687
0.0441083
0.0534802
0.0465685
0.0448898
0.0471342
0.0390336
0.0360949
0.0422426
0.0455913
0.0533744
0.0500222
0.0468609
0.0404104
0.0364748
0.0655409
0.0593615
0.0539258
0.0473049
0.0525553
0.0685765
0.0668442
0.0481513
0.0537782
0.0403813
0.0424015
0.0421932
0.0441951
0.0435411
0.0442062
0.0543619
0.048714
0.058619
0.0476032
0.0354964
0.0407068
0.0359767
0.0412029
0.0543929
0.0567324
0.0561871
0.0388234
0.0410008
0.0547274
0.0397564
0.041911
0.0482952
0.0499044
0.0544472
0.0427303
0.0388653
0.0442848
0.0432401
0.0407463
0.0538553
0.0419831
0.0422368
0.0413199
0.0480644
0.0576752
0.0534905
0.0538779
0.0692288
0.0454862
0.0474742
0.0408916
0.0579951
0.0642136
0.0411538
0.0507645
0.0539675
0.0484953
0.0462959
0.0489132
0.0462941
0.0352001
0.0393951
0.0481177
0.0519182
0.0563954
0.0537218
0.0517385
0.0500113
0.0478912
0.0401565
0.0387245
0.0450903
0.0465734
0.0536962
0.0402187
0.0530961
0.0459366
0.0403752
0.0477057
0.0377498
0.033775
0.046431
0.0349243
0.0444215
0.04581
0.0505569
0.0453925
0.0452269
0.0457644
0.0445916
0.053305
0.0479768
0.0473311
0.0592516
0.0476555
0.0483158
0.0515845
0.0475438
0.0393062
0.0453129
0.0441999
0.0476901
0.0475268
0.052467
0.0546149
0.0696791
0.049988
0.0482135
0.0528899
0.0496091
0.0531812
0.0446124
0.0504799
0.0490168
0.050318
0.0557185
0.0571533
0.0483116
0.0467927
0.045008
0.0429804
0.0464192
0.0686906
0.0624296
0.064027
0.0489113
0.0417444
0.0425996
0.0582826
0.0455823
0.0589316
0.0511529
0.0525308
0.040701
0.0522725
0.0525907
0.0525769
0.056044
0.0489739
0.0447903
0.0472705
0.0469244
0.0483838
0.0448934
0.0472198
0.0344068
0.0397966
0.0376442
0.0395291
0.0424875
0.0553379
0.0467487
0.0570785
0.0521763
0.0478222
0.0441165
0.0409424
0.0552245
0.0474687
0.048087
0.053303
0.046345
0.0449577
0.0434058
0.0402885
0.0426463
0.045306
0.0544854
0.0458027
0.0444628
0.0459454
0.0486783
0.0609882
0.0486387
0.0484347
0.0384144
0.0400218
0.0472168
0.051671
0.0455517
0.0408698
0.0471936
0.0466956
0.0492352
0.0550295
0.0418565
0.0455331
0.0549182
0.0415271
0.060002
0.0678138
0.0478861
0.0412164
0.0468803
0.0464841
0.0498943
0.0573901
0.047619
0.0429328
0.0371127
0.0470863
0.0542408
0.0545882
0.0467884
0.0498088
0.0403457
0.0439032
0.0490403
0.0472513
0.0449478
0.0436069
0.0496443
0.0442178
0.0429846
0.0473879
0.0602745
0.0471865
0.0501367
0.0516263
0.0451173
0.042613
0.0488236
0.0547572
0.0543681
0.0529515
0.0508033
0.0405844
0.0411877
0.0494375
0.0512085
0.049926
0.0479898
0.040893
0.0436916
0.0439644
0.0383394
0.05884
0.0512092
0.0460951
0.0612734
0.0657022
0.0548158
0.0434909
0.0373669
0.0531399
0.0634128
0.0518479
0.0451228
0.0579514
0.0553138
0.0660666
0.0518117
0.0497409
0.0506982
0.0452851
0.0412891
0.0515502
0.0538993
0.0447193
0.0442909
0.0503614
0.056464
0.0461479
0.0543526
0.0643385
0.0591448
0.0426224
0.0536698
0.0444977
0.0525555
0.0491211
0.0527566
0.0554718
0.044941
0.0566796
0.0405919
0.0424348
0.0436342
0.0464378
0.0528156
0.0427096
0.0419312
0.0524287
0.0460115
0.0354109
0.051461
0.0454038
0.0530688
0.0410448
0.0685032
0.0428132
0.0514502
0.0509932
0.0438887
0.0535431
0.0595059
0.0409679
0.035385
0.0500772
0.0635455
0.0416865
0.0594159
0.0510741
0.0419571
0.0506013
0.0505202
0.0544513
0.0408988
0.0571655
0.0609196
0.0513525
0.0610878
0.0452699
0.043732
0.0649855
0.0531413
0.0709087
0.063504
0.0490415
0.0360891
0.0455503
0.0581533
0.0703762
0.0587644
0.0636402
0.0493765
0.0448747
0.0416386
0.0381738
0.0453219
0.0545619
0.0703616
0.051896
0.0628237
0.0525704
0.0360997
0.035358
0.0467302
0.0484083
0.0419396
0.0518289
0.0449082
0.0442986
0.0530634
0.053329
0.0429012
0.0367459
0.0488651
0.0474372
0.0393711
0.0480114
0.0478084
0.0400788
0.0429566
0.0494352
0.0386529
0.0500977
0.0720672
0.0375048
0.0527298
0.0528936
0.0437848
0.0529193
0.04362
0.0506726
0.0452953
0.0548723
0.0481483
0.0403239
0.0398906
0.0547392
0.0423328
0.0498195
0.0432259
0.0510575
0.0461104
0.0454381
0.0500698
0.0663635
0.0484229
0.0500569
0.0451431
0.0436571
0.0648638
0.0734585
0.0574977
0.0642644
0.0460356
0.0512302
0.0518343
0.0504208
0.0509857
0.0472356
0.0469449
0.0413111
0.0416286
0.0420704
0.0522964
0.0484242
0.0576547
0.0674971
0.0504295
0.0409341
0.044133
0.0436037
0.0509685
0.0581773
0.0645104
0.0431493
0.0395492
0.0560829
0.0482759
0.0509983
0.0692166
0.0488885
0.0554178
0.046301
0.0554096
0.0505273
0.0458366
0.0599195
0.0566715
0.0463863
0.0539019
0.0546703
0.0497365
0.0590054
0.0515462
0.0475186
0.0368649
0.0485408
0.0528642
0.0440254
0.0463625
0.04641
0.0516841
0.0519466
0.0641164
0.0437928
0.0473931
0.0709425
0.0589601
0.0433631
0.0443732
0.0459287
0.0435386
0.0385434
0.0412171
0.0461584
0.0405502
0.0380637
0.0351545
0.0365316
0.0404779
0.0468516
0.0343166
0.0484731
0.0591633
0.0555897
0.0571595
0.0466218
0.0441754
0.0393179
0.0469869
0.044508
0.0408859
0.0408753
0.0497785
0.0447628
0.0330519
0.0484887
0.0525024
0.0500013
0.0480881
0.0662224
0.0526338
0.067116
0.0373346
0.0329061
0.0498474
0.0442848
0.0494004
0.0505416
0.0564946
0.0548832
0.0514398
0.0695933
0.0498837
0.0465374
0.054305
0.0563928
0.0422893
0.0457483
0.0469324
0.0570148
0.0491754
0.0447016
0.0415105
0.0413685
0.0566275
0.0419503
0.0472821
0.045721
0.0630926
0.0458846
0.063947
0.0624967
0.0577633
0.0461758
0.0537019
0.0696383
0.0550681
0.0499614
0.0511875
0.0432536
0.0511833
0.046705
0.0395729
0.0546954
0.0452806
0.0473242
0.0506537
0.0630544
0.0480146
0.046173
0.0442836
0.052222
0.0403579
0.0403857
0.0431929
0.0424007
0.0670581
0.04397
0.0507209
0.0463412
0.0533233
0.0528623
0.0497343
0.0526913
0.0355155
0.060379
0.0479556
0.050254
0.0420711
0.0631277
0.0535772
0.0515993
0.0495872
0.0569576
0.0555031
0.0547454
0.0576924
0.0654575
0.0541689
0.0369097
0.0623462
0.0419851
0.039927
0.0371156
0.0436133
0.0492507
0.0566225
0.0588727
0.047972
0.0540959
0.0420579
0.0315162
0.0336539
0.0474502
0.0431856
0.0433297
0.0428749
0.0428314
0.0506926
0.0551398
0.0390507
0.0559356
0.0538502
0.0559904
0.0563351
0.0564382
0.0606281
0.0577671
0.0574242
0.0423999
0.0385038
0.0504166
0.0583086
0.042112
0.0431681
0.0412129
0.0402654
0.0575476
0.0582767
0.0524614
0.0588172
0.0582108
0.04474
0.044147
0.0490136
0.0555414
0.0537754
0.0384775
0.0572149
0.0440943
0.0597848
0.0510856
0.054804
0.0579473
0.0440837
0.0567595
0.0547085
0.061561
0.0646991
0.0575523
0.0522629
0.0774615
0.0520512
0.061949
0.0454944
0.0476348
0.0515757
0.0463716
0.0547868
0.040759
0.0378665
0.0460145
0.0518465
0.0428804
0.0453071
0.0477458
0.0427047
0.046118
0.0552341
0.0515314
0.045788
0.0594915
0.05932
0.0425494
0.076777
0.0632773
0.0552356
0.0454606
0.0554548
0.0438218
0.0463849
0.0461193
0.0441614
0.0364482
0.0414516
0.0416823
0.0394905
0.0417869
0.0503266
0.059492
0.0547474
0.0577059
0.0455801
0.0436679
0.051899
0.0495717
0.0478702
0.0486577
0.042586
0.0452224
0.0429756
0.050018
0.0504454
0.0552005
0.039623
0.0448584
0.0470708
0.0465024
0.0553209
0.0507598
0.0487666
0.0449733
0.0444253
0.0518711
0.03684
0.0409345
0.0446838
0.0404345
0.0459354
0.0349862
0.0412375
0.04219
0.0562111
0.0677824
0.0647101
0.0444655
0.058933
0.0634203
0.0471672
0.0434315
0.0365526
0.0385618
0.0502149
0.0443205
0.04762
0.048511
0.0501979
0.0538953
0.0548779
0.0454667
0.0575488
0.0536779
0.0432742
0.0383649
0.0539366
0.0445799
0.0437074
0.045183
0.0507628
0.0420918
0.0414649
0.0477372
0.0427283
0.0457852
0.0406716
0.0553182
0.0535471
0.0443695
0.0478158
0.0410776
0.0658893
0.0411621
0.0436713
0.0444764
0.0411907
0.0453851
0.059691
0.0410415
0.0494486
0.0460965
0.0402562
0.0411628
0.0448546
0.0441909
0.049583
0.0498758
0.060217
0.0508757
0.0478039
0.0464587
0.0450908
0.0483141
0.0423279
0.042429
0.0603956
0.0462343
0.0511319
0.0533588
0.040857
0.0485469
0.0397021
0.0421279
0.04273
0.0486992
0.0486596
0.0524509
0.0474664
0.0438522
0.0463234
0.045342
0.0438591
0.0561823
0.0450662
0.0367741
0.0443336
0.0413179
0.0364475
0.0424611
0.0452903
0.055855
0.0495888
0.0532986
0.0504497
0.041695
0.0422364
0.0378418
0.0456148
0.0485733
0.0573977
0.0496466
0.0471446
0.0471176
0.0423877
0.0527606
0.050611
0.0470652
0.0505141
0.0734915
0.0556838
0.046435
0.0531497
0.044607
0.0534632
0.0401062
0.0483786
0.0635149
0.041564
0.047314
0.0529399
0.0443962
0.040686
0.0551349
0.0593828
0.0523996
0.047835
0.0387503
0.0401104
0.04256
0.0463197
0.0532556
0.0413735
0.0478874
0.0481525
0.0395345
0.0492525
0.0406814
0.0419952
0.0623582
0.0569135
0.0592061
0.0483223
0.0509584
0.0626758
0.0403288
0.051085
0.0510578
0.0556377
0.04734
0.048069
0.050181
0.0479715
0.0426567
0.0421097
0.0440659
0.0434133
0.0456819
0.0457645
0.0479617
0.0413291
0.0437379
0.0549473
0.0476322
0.0583031
0.0569869
0.0410994
0.0506459
0.0467422
0.056026
0.0602972
0.0437788
0.0429599
0.0574287
0.0549272
0.0461973
0.0446908
0.0673139
0.0602874
0.0546027
0.0507853
0.0511672
0.0498704
0.0477395
0.052477
0.039218
0.069566
0.048101
0.0397773
0.0413323
0.0548082
0.0409705
0.0415085
0.045337
0.0447917
0.0496035
0.0620724
0.0550183
0.0543716
0.0477136
0.0454506
0.0384323
0.0486659
0.0486169
0.0523055
0.0416176
0.0351234
0.0453646
0.0494673
0.0425252
0.0500425
0.0514611
0.0554006
0.0368207
0.0447427
0.0452703
0.0448368
0.0539617
0.0572727
0.0441721
0.0409959
0.0541164
0.0476424
0.0434258
0.0466442
0.0455088
0.0411276
0.066477
0.0615287
0.0633209
0.0478494
0.0548952
0.0495171
0.0542878
0.0429777
0.0559002
0.0600425
0.0425986
0.0539064
0.0568982
0.068948
0.040865
0.0502548
0.0559431
0.0588183
0.0431053
0.0564459
0.0488287
0.0572738
0.043451
0.0403208
0.0582433
0.0643055
0.0573144
0.0568998
0.0455611
0.0555212
0.0452311
0.0549418
0.0574495
0.0479654
0.0374563
0.0577485
0.0506269
0.0570129
0.0464801
0.0517617
0.0524168
0.0583469
0.0469717
0.0571685
0.0504193
0.0521167
0.0513511
0.0445304
0.0407058
0.0504163
0.0370619
0.04422
0.045051
0.04607
0.0507583
0.0585092
0.0553309
0.041946
0.0462337
0.0580133
0.048848
0.0616443
0.0553725
0.0605665
0.0462079
0.0565419
0.0432986
0.0488517
0.0575984
0.0417725
0.0444896
0.0513307
0.0460786
0.0414536
0.0521721
0.0494042
0.05282
0.0556961
0.0491212
0.0591579
0.0521884
0.0540385
0.0456024
0.048281
0.053862
0.0533172
0.0461736
0.047832
0.0493265
0.0575752
0.0541444
0.0470216
0.0515617
0.0547953
0.06842
0.0584148
0.0511343
0.041969
0.0570503
0.0382531
0.0498954
0.0536068
0.0458499
0.0421267
0.0437822
0.0462996
0.0517907
0.0517638
0.0573454
0.0543575
0.054861
0.0466751
0.0469003
0.0496955
0.0503785
0.0520813
0.0423032
0.0514386
0.0475719
0.0463832
0.055276
0.0431245
0.053383
0.0497296
0.0560615
0.0640918
0.0433421
0.055812
0.061973
0.0651207
0.0660345
0.0386043
0.0563224
0.0431187
0.0396713
0.0391375
0.0436066
0.0481406
0.0391397
0.0601073
0.0507422
0.0455533
0.0449004
0.044005
0.0502734
0.0429033
0.041937
0.0562263
0.0490257
0.0608731
0.0448626
0.0435473
0.0470588
0.0435354
0.0361078
0.0412135
0.0602851
0.0594082
0.0483952
0.0606946
0.0620429
0.048907
0.0447218
0.0500943
0.0511724
0.0423906
0.0400186
0.0511401
0.0501424
0.0530476
0.0502539
0.0508466
0.0480365
0.0456495
0.0569684
0.0442521
0.0486704
0.0482101
0.0487278
0.0585566
0.0435016
0.0544228
0.0484675
0.0451211
0.0442863
0.0443861
0.0484834
0.0464526
0.0513306
0.0470396
0.045531
0.0426184
0.0543753
0.0470953
0.0616931
0.0601808
0.0404849
0.0449091
0.0402703
0.0450918
0.0415107
0.0390492
0.0434973
0.0482901
0.059954
0.061213
0.044967
0.047313
0.0466841
0.0571256
0.048038
0.0440329
0.046723
0.0389184
0.0506632
0.0512553
0.0661904
0.0604669
0.0511794
0.044269
0.0552313
0.0522481
0.0518253
0.0427217
0.0356672
0.0483413
0.0435432
0.0371721
0.0472745
0.0459553
0.0495542
0.0431313
0.0570018
0.0586249
0.0464086
0.0478743
0.0418336
0.0428646
0.0391526
0.0400201
0.0437122
0.0432282
0.0511596
0.0497741
0.0548331
0.0532569
0.0438669
0.0544475
0.0406122
0.0489584
0.0494719
0.0431269
0.0456179
0.0586797
0.0660511
0.054525
0.0489852
0.0418606
0.0405675
0.044714
0.0496529
0.0601134
0.0525657
0.0467287
0.0467066
0.0396643
0.0454505
0.047138
0.0643194
0.0540967
0.0425603
0.0537274
0.0583547
0.0461921
0.0411158
0.0472164
0.0481805
0.0547473
0.0621886
0.0634137
0.0424575
0.0554697
0.0453519
0.0468126
0.0416089
0.0395617
0.0499999
0.066502
0.0428013
0.0553624
0.0507439
0.0492705
0.0442525
0.0562037
0.0495068
0.0602095
0.0441921
0.0499586
0.0490218
0.0458839
0.0496313
0.0419891
0.0422749
0.0600775
0.0490305
0.043885
0.0535224
0.0434491
0.0430063
0.0336028
0.0449511
0.0480562
0.0492834
0.0339222
0.039343
0.0458019
0.0536004
0.0407677
0.0482912
0.0407074
0.0470167
0.0470595
0.043231
0.0426652
0.0531208
0.0519646
0.049355
0.0451641
0.0440383
0.0549854
0.0493127
0.0491146
0.0501399
0.0566063
0.0556809
0.0624155
0.0519495
0.0467385
0.0435403
0.0436473
0.0477416
0.0472651
0.048315
0.0341615
0.0461484
0.0346987
0.0444392
0.0391703
0.0394615
0.0363669
0.0343893
0.0404993
0.0387461
0.0597923
0.0492083
0.0609931
0.0604066
0.0678379
0.0656752
0.0474094
0.0388609
0.0457272
0.0519068
0.0522582
0.0482745
0.0488236
0.0403067
0.0573437
0.046269
0.0488211
0.0482661
0.0490415
0.053537
0.0491261
0.0511087
0.0492693
0.0468165
0.0427584
0.0452496
0.0403004
0.0558822
0.0567229
0.0502411
0.054091
0.049265
0.0468582
0.0538834
0.0474905
0.0408179
0.0443304
0.0487833
0.0459644
0.0431039
0.0452586
0.0484044
0.0523765
0.0525336
0.0486943
0.0486225
0.0499063
0.0491133
0.0457255
0.0517969
0.0467415
0.0459466
0.0510508
0.0509249
0.0496711
0.044383
0.0484491
0.0448108
0.0395991
0.0506919
0.0512604
0.0487218
0.0560281
0.0558861
0.0504487
0.0522303
0.0554803
0.0624441
0.0738024
0.0503754
0.0528964
0.0409341
0.0382964
0.0534293
0.0573734
0.0601834
0.046436
0.0500358
0.0473227
0.0454343
0.051621
0.0462644
0.0522346
0.0342558
0.0450877
0.0408003
0.039697
0.0495706
0.0579296
0.0514859
0.0476571
0.0414978
0.0551081
0.0563038
0.0515263
0.0384287
0.0428134
0.0436188
0.0722225
0.0609996
0.0501973
0.0517188
0.0518067
0.0579125
0.0550678
0.0535603
0.0414682
0.0471581
0.0457864
0.047175
0.0554907
0.0733976
0.0643386
0.0407569
0.0365339
0.0483674
0.0471813
0.0434438
0.0548078
0.0463475
0.0540785
0.0462809
0.0482677
0.0530498
0.07788
0.0423921
0.0425483
0.0496661
0.0449707
0.060695
0.05579
0.0519105
0.0412689
0.0535713
0.0424964
0.0481215
0.0434792
0.0544012
0.0523295
0.0391456
0.0421004
0.0472991
0.0477709
0.0454096
0.0472096
0.0559372
0.0564169
0.0521172
0.0411515
0.0396769
0.0367231
0.0501518
0.0425117
0.0464228
0.0428462
0.0594544
0.063793
0.051235
0.060421
0.0608013
0.0464546
0.0454562
0.0416182
0.0430284
0.0658162
0.0610158
0.0600743
0.0633085
0.042598
0.0477142
0.0390114
0.0385642
0.0434145
0.0373138
0.0465646
0.040083
0.0451063
0.0505524
0.0430412
0.0399831
0.0503005
0.0625158
0.0474507
0.0382863
0.0476397
0.0481162
0.0513365
0.0681072
0.0463015
0.0480656
0.0550567
0.0549509
0.0516477
0.0433082
0.0521066
0.0458515
0.0417342
0.0440166
0.0384123
0.0379967
0.0344497
0.0477005
0.0476394
0.0461347
0.0483503
0.0387555
0.0431662
0.0596806
0.0623338
0.039242
0.0510384
0.0460444
0.0413518
0.0447819
0.0615998
0.0393096
0.0324866
0.031924
0.0515109
0.0397888
0.0433633
0.0409659
0.0458213
0.049801
0.0482415
0.0489659
0.0477335
0.0643234
0.0594749
0.0420163
0.038716
0.042645
0.0457946
0.0440709
0.0397779
0.054203
0.0438415
0.0507138
0.0805483
0.0721341
0.0497067
0.0597289
0.0446716
0.0374215
0.0359483
0.0345909
0.0336965
0.0337585
0.0358815
0.0544974
0.0590469
0.0451011
0.0509514
0.0511634
0.0606513
0.0504021
0.0482501
0.0515257
0.0438197
0.0547563
0.0511271
0.042113
0.0508696
0.0382256
0.0446591
0.0471266
0.0507068
0.0427701
0.0425361
0.0394295
0.0512733
0.045465
0.0380215
0.0393423
0.0372375
0.040029
0.0532
0.0574983
0.0551307
0.0535199
0.0602744
0.0733681
0.0595326
0.0527373
0.0450155
0.043699
0.0574018
0.0540205
0.0617192
0.0648786
0.0477045
0.0445538
0.0477888
0.046018
0.0452758
0.042074
0.0458564
0.0474817
0.053759
0.0559885
0.0645603
0.0518436
0.0534599
0.0486078
0.0478606
0.0579393
0.0579002
0.0675146
0.0633706
0.0446658
0.0488542
0.0568043
0.0555453
0.044805
0.0589314
0.0642016
0.0587635
0.0582087
0.0440129
0.0492614
0.041676
0.0574108
0.0509537
0.0474437
0.0514688
0.0524103
0.0385131
0.0399768
0.0380883
0.0380478
0.0471727
0.0468473
0.0490988
0.0488711
0.0417494
0.0356773
0.0507489
0.0580795
0.0493181
0.0419799
0.0574184
0.0566726
0.0639266
0.058677
0.0634841
0.0576433
0.0475513
0.0570364
0.052318
0.0433413
0.0360021
0.0405061
0.0505062
0.0538883
0.040542
0.0452445
0.0461983
0.0624417
0.0632521
0.063903
0.0547789
0.0466086
0.0572384
0.0458022
0.0436436
0.0436435
0.0534056
0.049775
0.0631281
0.0695703
0.0553623
0.0490086
0.0500885
0.05756
0.0538361
0.0525368
0.0470498
0.0387918
0.0425674
0.0630006
0.0546811
0.0429822
0.0526606
0.0538528
0.0448531
0.0497282
0.0435379
0.04202
0.0634781
0.0426102
0.0383105
0.0422974
0.0493819
0.0462296
0.0419972
0.0535045
0.043149
0.0506054
0.0434271
0.0457765
0.0396402
0.0360664
0.0582512
0.0490699
0.0556972
0.0641337
0.0592613
0.0501872
0.0508455
0.0382304
0.0381076
0.0510044
0.0508564
0.0567758
0.0599287
0.0660869
0.0427338
0.0575142
0.0550391
0.0623269
0.0434161
0.0461679
0.0676674
0.0390858
0.0383484
0.0411396
0.0339767
0.0386411
0.061574
0.0500298
0.0485723
0.0416545
0.0446622
0.0478478
0.0582692
0.0486218
0.058899
0.0594761
0.0485455
0.0599705
0.0476344
0.0594146
0.0414962
0.0474135
0.0362429
0.0465907
0.0498399
0.0460516
0.0401483
0.04713
0.0468752
0.0500448
0.0403673
0.056871
0.047614
0.0528062
0.0640259
0.0624593
0.0490088
0.045063
0.0560967
0.0495157
0.0544064
0.0487071
0.0507449
0.070575
0.0421531
0.047306
0.0445635
0.0494907
0.0563681
0.049623
0.0582598
0.0592761
0.0506283
0.0472474
0.0691532
0.0637649
0.0461237
0.0464068
0.0414292
0.0629981
0.0620427
0.0377905
0.0508677
0.0580753
0.0584505
0.0470665
0.0452309
0.0453952
0.0435002
0.0401704
0.046933
0.0411419
0.04112
0.0567569
0.0430403
0.0425658
0.0440162
0.0421073
0.0522619
0.0513
0.0462972
0.0373642
0.0456562
0.0415423
0.06611
0.0562326
0.0444674
0.0577765
0.050037
0.053947
0.0611774
0.0679941
0.0562795
0.0481846
0.0557557
0.0436321
0.0446247
0.0391038
0.0480844
0.0541698
0.0585553
0.0426406
0.0383618
0.0471609
0.0573148
0.0455213
0.0467609
0.0478597
0.0439968
0.0407023
0.0445818
0.0578442
0.0514803
0.0648349
0.0497403
0.0557921
0.047521
0.0658382
0.0435787
0.0469113
0.0404522
0.0373626
0.0420998
0.0414021
0.0461144
0.0446394
0.054273
0.0483757
0.0682975
0.0563403
0.0598266
0.0530805
0.0475356
0.0468334
0.0431427
0.0467999
0.0504121
0.0460452
0.039612
0.0450801
0.0460344
0.0421795
0.0491051
0.0420357
0.0464154
0.0474597
0.0380335
0.0440211
0.0378005
0.0449508
0.0597191
0.0552748
0.0549292
0.0379211
0.0443642
0.0517367
0.0467302
0.0525971
0.0489538
0.0497243
0.0408331
0.0480023
0.0486495
0.0408628
0.0378086
0.051674
0.0526049
0.0442784
0.049456
0.0392572
0.0403204
0.0492256
0.0596803
0.048621
0.0427832
0.0494917
0.0382992
0.04747
0.0540206
0.0572185
0.04821
0.0507961
0.0452764
0.034129
0.0402494
0.0394115
0.0391692
0.0685496
0.0477258
0.0511166
0.0483875
0.0495931
0.0409415
0.0416573
0.0485643
0.0511673
0.0626245
0.0460539
0.0460837
0.0429878
0.0484162
0.0479068
0.0411732
0.0419205
0.0544884
0.0355775
0.0441944
0.0412271
0.0512784
0.0450686
0.0432046
0.0585738
0.0537508
0.0619098
0.0621778
0.0492638
0.0536025
0.0623063
0.0384291
0.0448021
0.039169
0.0481316
0.0439022
0.0378353
0.0401754
0.0390628
0.0362294
0.0435145
0.0573036
0.0506919
0.0409903
0.038715
0.0362453
0.043001
0.0358618
0.041089
0.0439626
0.0493044
0.0430985
0.0407732
0.0363288
0.036071
0.0496982
0.038876
0.0423315
0.0448658
0.0464689
0.0571704
0.0410836
0.0503194
0.0613017
0.0403387
0.0433942
0.0511048
0.0361863
0.0508856
0.0553386
0.0478262
0.0487608
0.054487
0.0468987
0.0514447
0.0449183
0.0430773
0.0526259
0.0404792
0.0369622
0.0405167
0.0456169
0.0450232
0.0483416
0.0626073
0.0612526
0.0623624
0.0485336
0.0468171
0.0434847
0.0391192
0.0442296
0.0374069
0.0633044
0.0538231
0.0362308
0.0375659
0.0461873
0.0572436
0.0550163
0.0629441
0.0651107
0.0485115
0.047223
0.0561022
0.0596357
0.0532967
0.0505144
0.049168
0.0506921
0.0573639
0.0548234
0.0581732
0.0423797
0.0428803
0.0396083
0.0409785
0.045292
0.0452877
0.0467386
0.0468935
0.0433761
0.0449981
0.052166
0.0666831
0.0482915
0.0525969
0.0520856
0.0540439
0.0541178
0.0406243
0.0483001
0.0715426
0.0554154
0.0577588
0.0498345
0.0393774
0.0355853
0.0402499
0.0450583
0.0427753
0.048334
0.0550635
0.0599214
0.0449612
0.0397023
0.0472707
0.0534782
0.0644165
0.0568161
0.0560116
0.057151
0.0512824
0.0458538
0.0539588
0.0767928
0.0615726
0.0520733
0.0458569
0.04303
0.0472087
0.0395949
0.0433507
0.0472803
0.0419064
0.0448976
0.0484296
0.0554291
0.0576831
0.0654307
0.0516497
0.0551182
0.0678928
0.0540091
0.0506375
0.0445525
0.0489573
0.0450052
0.0419758
0.054199
0.0482761
0.0547456
0.0736005
0.0585949
0.0457857
0.0482581
0.0604383
0.0465308
0.0551044
0.0495966
0.0417544
0.0402209
0.0368098
0.0499501
0.0451521
0.0445204
0.0453026
0.0389854
0.047909
0.0388998
0.0544739
0.058705
0.0631392
0.051034
0.0546917
0.0452133
0.0406609
0.0406092
0.0430393
0.0436027
0.0470836
0.0424389
0.0434303
0.0390424
0.0486531
0.0476222
0.0437219
0.0459803
0.053572
0.049267
0.0526023
0.0421518
0.0496033
0.0508943
0.0410698
0.0459898
0.0516503
0.0575213
0.0739897
0.047787
0.0405354
0.0462199
0.0423872
0.042143
0.0563934
0.0653737
0.0586316
0.0531581
0.0513511
0.0575651
0.056764
0.0413841
0.0407115
0.0394084
0.0519219
0.048179
0.0585708
0.0491081
0.0553514
0.0513433
0.0452478
0.0613084
0.0455112
0.0470592
0.0445199
0.0456505
0.0417609
0.0546766
0.0496428
0.0475164
0.0717756
0.0517319
0.0392498
0.0390655
0.0472054
0.0463561
0.0661423
0.0473441
0.0399253
0.0513921
0.0403836
0.050863
0.0424287
0.046228
0.0654248
0.0467047
0.070407
0.0649108
0.0618367
0.0487935
0.0466962
0.0440802
0.0561266
0.0550156
0.0399562
0.0443124
0.0490297
0.0518651
0.0439141
0.0414556
0.0417969
0.0509654
0.0416492
0.0535841
0.0434238
0.0536017
0.0629174
0.0504954
0.0504722
0.0553873
0.065312
0.051003
0.0395714
0.0464387
0.0505637
0.0458925
0.0521895
0.0467215
0.0457571
0.0339256
0.0370513
0.0404066
0.0530179
0.0420921
0.0374585
0.0407011
0.0462965
0.0442831
0.0541058
0.0546652
0.0526991
0.0607136
0.0477145
0.060905
0.0518657
0.0479291
0.0738076
0.0655998
0.0554804
0.0650336
0.0581254
0.0473124
0.0358675
0.040889
0.0605131
0.053959
0.0441153
0.0442079
0.0437994
0.0587992
0.0487066
0.0424249
0.0401763
0.0565427
0.0487231
0.0515415
0.0451381
0.04864
0.0484015
0.0485029
0.050436
0.0515536
0.0477963
0.0456472
0.0528858
0.062555
0.0582762
0.0600995
0.057951
0.0597807
0.0561155
0.0508685
0.0568957
0.0492345
0.0445074
0.0466323
0.0481497
0.0514234
0.0436681
0.0526825
0.0510139
0.0483409
0.0631981
0.0518213
0.0582052
0.0616579
0.0509785
0.0410268
0.0464187
0.0502353
0.0452756
0.0591256
0.0594633
0.0544937
0.0503597
0.044007
0.0442953
0.0583359
0.0584916
0.0617369
0.0624385
0.0524502
0.0516208
0.0512027
0.0617894
0.0544078
0.043716
0.0533365
0.057834
0.0628236
0.0536231
0.0558802
0.0500248
0.047624
0.0465933
0.0502448
0.0449596
0.0418606
0.0458209
0.0524386
0.0686138
0.056134
0.0402023
0.0455008
0.0552633
0.0428973
0.0370236
0.0380229
0.042914
0.0427249
0.0483011
0.040482
0.061904
0.0557034
0.0467898
0.063335
0.0636262
0.0562375
0.0526369
0.047401
0.0570326
0.0588211
0.0494639
0.0530964
0.0427915
0.0402893
0.050534
0.055527
0.0358507
0.0466325
0.0411203
0.0424024
0.0348454
0.0395609
0.0369203
0.0469157
0.0461267
0.0428969
0.0552864
0.054933
0.0438731
0.0570601
0.0512746
0.046145
0.0588824
0.0459592
0.0430014
0.0484529
0.0401027
0.0550664
0.049325
0.0364194
0.0534813
0.0681067
0.0570105
0.0439887
0.0542345
0.0502873
0.0496365
0.0460889
0.0588394
0.0485706
0.0565437
0.0412718
0.050655
0.0397277
0.0546479
0.0467994
0.0406947
0.0455164
0.0476072
0.0434558
0.0442229
0.0507122
0.0699854
0.0447444
0.0492541
0.044226
0.0516232
0.0452938
0.0386377
0.0431082
0.0441588
0.0490617
0.0534472
0.0568547
0.0435572
0.0492941
0.0575134
0.0474847
0.0460029
0.0477268
0.0491876
0.0391426
0.0370836
0.0421813
0.0427494
0.0496099
0.0488368
0.055584
0.0398472
0.0467259
0.0400429
0.042881
0.0388382
0.0532482
0.0503439
0.0479587
0.0547
0.0577811
0.0560433
0.0452001
0.0467117
0.0517874
0.0429903
0.0413177
0.0453027
0.043512
0.0374479
0.0406092
0.0428016
0.0389143
0.0398503
0.0416581
0.0384495
0.0502154
0.0468136
0.0572777
0.0479846
0.0527163
0.0436852
0.0464448
0.0405379
0.0618552
0.0550231
0.059727
0.0407917
0.0466891
0.0450374
0.0461073
0.0437623
0.0505096
0.0421625
0.0557406
0.0487616
0.0503238
0.0495805
0.0482065
0.0488794
0.0477414
0.0621721
0.0490036
0.0662368
0.0586596
0.0461439
0.0476529
0.0385053
0.0668059
0.0409314
0.0387092
0.0353409
0.0359777
0.0338185
0.032897
0.0397793
0.0434495
0.0592795
0.0488623
0.0524327
0.0565929
0.0474126
0.0429193
0.0485309
0.0547973
0.0637194
0.0541277
0.0529216
0.052894
0.0451126
0.0406321
0.0598087
0.0503886
0.0516065
0.0416064
0.0389032
0.0448867
0.0472952
0.0602282
0.0403623
0.0435874
0.0492617
0.0482154
0.0554263
0.0528114
0.0465421
0.0582604
0.0604481
0.0420776
0.0561264
0.0423031
0.038841
0.0515311
0.0444762
0.0391913
0.0467654
0.0430168
0.0440193
0.0373918
0.0458095
0.0463278
0.036966
0.0417298
0.0440942
0.0392789
0.0567161
0.0457546
0.0396979
0.047645
0.0466648
0.059091
0.0652772
0.0411444
0.0480196
0.0455337
0.0381601
0.0352285
0.0444767
0.0499376
0.0464768
0.0420996
0.0491539
0.0505653
0.0495056
0.0418001
0.0506969
0.0373975
0.0369388
0.0455862
0.0483584
0.0451506
0.0523772
0.0493851
0.0486969
0.0418317
0.0443462
0.0573512
0.0508981
0.05771
0.0685105
0.0511598
0.0462664
0.0600001
0.0430011
0.0510391
0.0613542
0.0401846
0.0427516
0.0424375
0.0413764
0.0395546
0.0519542
0.0451972
0.0412135
0.051532
0.0451346
0.0408935
0.0631135
0.0417192
0.0483775
0.039094
0.0491342
0.0531383
0.0525365
0.0525163
0.0411204
0.0524913
0.044675
0.0599136
0.0470735
0.0455791
0.0513387
0.073593
0.0520163
0.0469218
0.0442396
0.0531991
0.063874
0.0499259
0.0629123
0.0456929
0.0480395
0.0519521
0.0488463
0.0469388
0.0529043
0.0667924
0.04856
0.0576091
0.0514631
0.0525496
0.0479066
0.0499915
0.0493509
0.0525618
0.0507429
0.0391658
0.0377775
0.042192
0.0540015
0.0507811
0.0416492
0.0421907
0.0368699
0.0466946
0.0394522
0.0430413
0.0513825
0.0551471
0.0542102
0.0584309
0.0679375
0.0473211
0.0606443
0.0584585
0.0468293
0.0624366
0.0456184
0.0566054
0.0600419
0.0489045
0.0532879
0.0601199
0.0529252
0.0536822
0.0537341
0.0610445
0.0610571
0.0403074
0.0509884
0.048362
0.0440873
0.0429134
0.0428945
0.0464263
0.0392485
0.0525464
0.0553616
0.0623616
0.0479829
0.0494356
0.0357106
0.0426581
0.045638
0.0493858
0.0479382
0.0491703
0.0497811
0.0571047
0.0661644
0.0550075
0.0442894
0.0395622
0.0381389
0.0489259
0.0516023
0.0545196
0.0551138
0.0414695
0.0522596
0.0519058
0.062135
0.0494786
0.0431389
0.0527029
0.0459662
0.0450088
0.0507981
0.0589576
0.0447772
0.0548147
0.0498727
0.0476241
0.047212
0.0416127
0.0458283
0.0420431
0.04326
0.0510126
0.0437954
0.0493163
0.0602601
0.0518763
0.0745643
0.0409388
0.0413171
0.0426602
0.0377777
0.0359611
0.0432409
0.0379206
0.044153
0.0460541
0.0510334
0.0555801
0.0669795
0.0577226
0.0458641
0.0634172
0.0370248
0.0423967
0.0561632
0.0402461
0.044517
0.0386516
0.0412658
0.0580707
0.0549567
0.0566048
0.0571101
0.0546515
0.0488967
0.0420814
0.0452908
0.0481821
0.0492101
0.0481226
0.0549213
0.0522232
0.0532373
0.0447596
0.0397157
0.0585158
0.0440872
0.0476858
0.0423414
0.0383411
0.0517311
0.0590012
0.0464568
0.0502381
0.0729861
0.0486151
0.0493257
0.0442993
0.0441103
0.0418201
0.0415741
0.0429278
0.0436017
0.0393857
0.0398056
0.0495977
0.0534889
0.0444413
0.0495381
0.0480284
0.0511712
0.0483077
0.0485856
0.0484096
0.0516807
0.0653859
0.0559427
0.0477117
0.0554527
0.0594307
0.0468414
0.0402482
0.0461375
0.0413446
0.0426946
0.0370775
0.0440263
0.0525524
0.0408732
0.0333205
0.0459925
0.0471694
0.0414262
0.0456762
0.0522496
0.058567
0.0588784
0.0480989
0.0495911
0.0481942
0.0424075
0.0418584
0.0429197
0.0563333
0.0531375
0.0400158
0.0526437
0.0595893
0.0506433
0.0471199
0.0515959
0.042345
0.0383905
0.0496206
0.0501001
0.0403849
0.0441981
0.0440601
0.0447377
0.0440741
0.0441023
0.0473311
0.0645927
0.0529751
0.0581634
0.059529
0.0486019
0.0435626
0.0354638
0.0466052
0.0382323
0.0557284
0.0519415
0.0474449
0.0497477
0.0591513
0.0559685
0.0487561
0.0468996
0.0472574
0.0482095
0.0466481
0.0376849
0.0423145
0.046024
0.0536402
0.0483345
0.0587367
0.052773
0.057274
0.0384787
0.0333701
0.0418269
0.0394065
0.0406171
0.0385625
0.0379246
0.0452699
0.0541301
0.0473819
0.048974
0.053407
0.0488037
0.0534711
0.055791
0.0522716
0.0492007
0.0863924
0.0704359
0.0511812
0.0398728
0.0387956
0.0393454
0.0430972
0.0528562
0.0512288
0.0487922
0.0452006
0.0443715
0.0457644
0.0420138
0.0471159
0.0595137
0.0524134
0.0489979
0.0445163
0.0559559
0.0441739
0.0436448
0.0456624
0.0466727
0.0445994
0.0465031
0.0400077
0.0439523
0.0550705
0.0506889
0.0494587
0.0515215
0.0485168
0.0601785
0.0593494
0.0409523
0.0513378
0.0521802
0.0416886
0.0554119
0.0375873
0.0444083
0.0457536
0.04662
0.0461752
0.0535795
0.0467613
0.0421648
0.0481654
0.0533418
0.0480809
0.0535777
0.0555745
0.0391448
0.0421404
0.0393037
0.0412152
0.0374525
0.0384867
0.0401191
0.0521882
0.0523203
0.0471908
0.0401462
0.0405108
0.0418098
0.0532667
0.0494159
0.055135
0.056852
0.059356
0.0486237
0.0388129
0.0417899
0.0546063
0.0613153
0.042465
0.036301
0.0414678
0.0427609
0.053915
0.0539966
0.0478437
0.0322143
0.0399878
0.0501091
0.0460635
0.0601552
0.055094
0.0542894
0.0521471
0.0506424
0.0576857
0.0483612
0.051676
0.0501971
0.0477745
0.0425737
0.0419429
0.0567042
0.0603306
0.0463266
0.0470078
0.0542175
0.0636036
0.0514783
0.0510199
0.0379869
0.0395678
0.0364225
0.0328619
0.0372271
0.048467
0.049875
0.0421087
0.0413991
0.0537938
0.0558327
0.055189
0.0474894
0.0463329
0.0501294
0.0474584
0.0583993
0.0667629
0.0364563
0.0426913
0.0466881
0.0509099
0.0474137
0.0468492
0.0612931
0.0552798
0.0487793
0.0438352
0.0404204
0.041431
0.0348865
0.0405729
0.0477352
0.045571
0.051648
0.0393699
0.0441888
0.0499821
0.0573607
0.0568914
0.0481723
0.0539272
0.0491258
0.0453745
0.0573614
0.0550702
0.0537517
0.0423944
0.0614598
0.0555746
0.0504725
0.0484741
0.0535311
0.0345042
0.0373379
0.0404203
0.0516313
0.0456749
0.046042
0.0433818
0.052235
0.0496527
0.0475691
0.0338288
0.0437147
0.0454395
0.0408235
0.0417897
0.0449854
0.0420622
0.0669815
0.0517057
0.0599463
0.0444007
0.0512809
0.0544783
0.0374002
0.0487586
0.0349737
0.0510124
0.0600952
0.0567599
0.0692483
0.0727943
0.037579
0.0479092
0.0405075
0.0330536
0.0385668
0.0421545
0.0502573
0.0426305
0.0323675
0.0465493
0.0561036
0.0563549
0.0461698
0.0430736
0.0560721
0.0536284
0.0495126
0.0487311
0.0542578
0.0552575
0.0415243
0.0553339
0.051844
0.0535608
0.0649049
0.0422309
0.0599114
0.0648738
0.0547551
0.0595488
0.0597641
0.0439554
0.0454615
0.0457137
0.0365354
0.0457723
0.0464497
0.0445209
0.0406136
0.0501413
0.0685943
0.0772238
0.0424468
0.0702799
0.049045
0.0543852
0.0402949
0.0432065
0.0418884
0.0530062
0.0464866
0.0578728
0.0520452
0.0592778
0.0550398
0.0520141
0.0577174
0.0621922
0.05372
0.0453423
0.0457596
0.0319419
0.0380256
0.0469445
0.0582276
0.0482052
0.0412284
0.0420295
0.0413421
0.0602463
0.0425279
0.0695251
0.0729334
0.0416494
0.0530419
0.063356
0.0584624
0.058258
0.0497383
0.0427547
0.0771005
0.047163
0.0620172
0.0520891
0.0409152
0.0471736
0.0543123
0.044984
0.0648328
0.0343772
0.0444894
0.0485045
0.0477638
0.0475621
0.0530961
0.0603169
0.0570247
0.0475917
0.0510304
0.0423333
0.0422643
0.0467935
0.0466915
0.04145
0.0421761
0.0463966
0.0470936
0.0555947
0.0477789
0.0545504
0.0551373
0.0453027
0.0443389
0.0399843
0.0571605
0.0556267
0.0528966
0.0495858
0.0586404
0.0465359
0.0450442
0.0542205
0.0472015
0.0493856
0.0475377
0.0589293
0.0686689
0.0424281
0.0474845
0.0498289
0.0439649
0.0392913
0.0409052
0.0522255
0.05926
0.048437
0.0690842
0.0460566
0.0493518
0.0447214
0.0384599
0.0444837
0.052866
0.0512531
0.0495618
0.0604297
0.0673763
0.0569517
0.0552519
0.0444928
0.0360615
0.0383123
0.0562893
0.0505794
0.0518158
0.0414379
0.0458636
0.053616
0.0618993
0.0621922
0.0653108
0.0551576
0.0446509
0.0512001
0.0456244
0.0542149
0.0533979
0.0537255
0.0443365
0.0548557
0.0378562
0.0385625
0.0444588
0.048678
0.0488708
0.0431429
0.0410725
0.0512344
0.0381104
0.0606451
0.0453686
0.0440737
0.0461346
0.0334646
0.0484148
0.0570166
0.0621272
0.0366907
0.0360413
0.0396164
0.0452453
0.0380399
0.0469994
0.056673
0.0600524
0.0562931
0.0500764
0.064202
0.0491936
0.0617575
0.0545837
0.0386413
0.0515672
0.0393039
0.044096
0.0444021
0.0405991
0.0551442
0.0679229
0.0578165
0.0629215
0.0489903
0.048016
0.052286
0.0463602
0.0580255
0.0481682
0.0517785
0.0490638
0.0492657
0.0501068
0.050347
0.0483867
0.0539927
0.0567355
0.0638112
0.0503441
0.0569457
0.0481028
0.0636164
0.0474393
0.0429798
0.0461615
0.0484317
0.0443814
0.0426683
0.0404026
0.0386246
0.0448745
0.0429539
0.0599597
0.0472962
0.04963
0.0425223
0.0518292
0.0428528
0.0465186
0.0463888
0.04434
0.0603784
0.0465077
0.0605024
0.0439234
0.0447438
0.0589217
0.0548509
0.0467791
0.0409198
0.0514798
0.0589633
0.0372642
0.0401705
0.0759507
0.0708041
0.0518046
0.0519287
0.0457169
0.0555795
0.0527989
0.0495681
0.0574705
0.0455228
0.0402705
0.0448804
0.0664936
0.0474641
0.0388657
0.0534108
0.0453761
0.0460673
0.0543849
0.05612
0.0544322
0.0432423
0.0363075
0.0396397
0.0406337
0.0584703
0.0471876
0.0357107
0.0374482
0.0370223
0.0462736
0.0464474
0.0508744
0.0432711
0.0521619
0.04483
0.0378388
0.0345241
0.0380362
0.0481553
0.0468873
0.058095
0.0614531
0.0613099
0.0452542
0.0415223
0.0565879
0.0446781
0.040909
0.0449585
0.0486635
0.0602278
0.052237
0.0417478
0.0470911
0.0532257
0.0589456
0.0580098
0.0417954
0.0530471
0.0415445
0.0456218
0.0540511
0.0481714
0.0420673
0.0469551
0.0539529
0.0459653
0.0478481
0.0459466
0.0431836
0.0471538
0.0581427
0.0458356
0.0393387
0.0412415
0.047844
0.0432753
0.059913
0.0471683
0.0516101
0.0562957
0.0521487
0.0445199
0.0627943
0.0399078
0.0518993
0.0566326
0.0614148
0.0660342
0.043728
0.040012
0.0509228
0.0484059
0.0534499
0.0481623
0.039394
0.0471908
0.0431269
0.0500929
0.0478682
0.0518921
0.0464559
0.0420514
0.0412958
0.0506497
0.0618725
0.0449662
0.0446565
0.0534705
0.0595251
0.0445118
0.045392
0.0365492
0.0434327
0.0535039
0.0446449
0.0538264
0.0457089
0.0454495
0.0453326
0.0528974
0.0532394
0.0565655
0.055339
0.0542439
0.0567757
0.0480421
0.0420944
0.0477839
0.0496461
0.0418863
0.0395106
0.0440757
0.0482
0.0487777
0.0450395
0.0410768
0.0490744
0.050027
0.0468902
0.0555724
0.055681
0.0559521
0.0528262
0.0616307
0.0655214
0.0512155
0.0351768
0.0446522
0.0512983
0.0429534
0.0526006
0.0444587
0.0422249
0.0586955
0.0575131
0.045398
0.0584299
0.0494389
0.0487052
0.0675281
0.0562668
0.0565945
0.0474248
0.0535483
0.0493194
0.0531675
0.043617
0.0504417
0.0506821
0.060742
0.062596
0.0503352
0.0515349
0.050553
0.0481472
0.037037
0.0366899
0.0415763
0.0400716
0.0397571
0.038833
0.0346137
0.0303343
0.042602
0.0432252
0.0435373
0.0433727
0.0455322
0.0488478
0.0506355
0.048674
0.045933
0.0510523
0.0522073
0.0594844
0.0433897
0.0483865
0.0464118
0.0416272
0.0491763
0.0674949
0.0495812
0.0483409
0.0544045
0.0484961
0.0522082
0.0512286
0.043648
0.0658596
0.0451204
0.0420134
0.056943
0.0509828
0.0414356
0.0432666
0.0350109
0.0416242
0.0384803
0.0383256
0.0473968
0.054523
0.0518032
0.0538348
0.0425408
0.0418713
0.0390453
0.0653244
0.0386592
0.042938
0.045159
0.0588367
0.0522718
0.0457556
0.0444454
0.0583599
0.0480473
0.0416981
0.0432691
0.0382894
0.0514293
0.0486956
0.050545
0.0494252
0.0533844
0.0629541
0.050149
0.0427182
0.057609
0.0672217
0.0502709
0.0456836
0.0565191
0.0460478
0.0468216
0.0427378
0.0480499
0.0395268
0.0418111
0.0507981
0.0430922
0.0661706
0.0739211
0.0434004
0.0468343
0.0469577
0.0448296
0.0485433
0.0430737
0.0425156
0.0488728
0.0510359
0.0561104
0.0486207
0.0428481
0.0510584
0.0556548
0.0428891
0.0538913
0.0624507
0.044207
0.0502401
0.0485607
0.0503645
0.051011
0.0538217
0.0433709
0.0563111
0.0384033
0.0428013
0.0511687
0.0440212
0.045073
0.0488364
0.0468872
0.0629522
0.0544832
0.0500562
0.0497051
0.0544386
0.0671095
0.0440378
0.0515228
0.040768
0.0380305
0.0578962
0.0432644
0.0475833
0.0446982
0.0427596
0.0527444
0.0523774
0.0521673
0.0492309
0.041493
0.0401952
0.0506335
0.0520603
0.0605301
0.0627237
0.0555043
0.060984
0.0605663
0.0501316
0.0472733
0.0418495
0.0425978
0.0554988
0.0510423
0.0464468
0.0401065
0.0431028
0.0507617
0.0549674
0.0514643
0.0657421
0.057951
0.0546178
0.0456254
0.059117
0.063337
0.0541006
0.0636381
0.0744168
0.0490914
0.0512649
0.0586144
0.0538415
0.0417959
0.0442194
0.0368785
0.0468173
0.0412782
0.0437964
0.0410416
0.0470768
0.0432816
0.0386247
0.046807
0.0595755
0.0501734
0.0481493
0.0423129
0.04617
0.0406428
0.0630739
0.0623003
0.0488639
0.0535556
0.050712
0.0434975
0.035852
0.0351077
0.0429386
0.0606924
0.0511439
0.0481696
0.0527789
0.0478648
0.0556772
0.0520634
0.0498502
0.0590688
0.049129
0.0503233
0.0506464
0.0690812
0.0488033
0.0522393
0.0668887
0.0492426
0.0439549
0.0484995
0.0427267
0.0440413
0.0456348
0.0565197
0.0449752
0.0414075
0.049419
0.0651816
0.0491589
0.0492957
0.0475931
0.0548879
0.0558717
0.0453769
0.0535927
0.0517153
0.0546408
0.0487483
0.0564154
0.0595434
0.0508018
0.0521302
0.0606012
0.0557766
0.0433477
0.047569
0.0477696
0.0534855
0.0514125
0.0593025
0.0503719
0.0422943
0.0466013
0.0390495
0.0426926
0.0441618
0.0440166
0.0383055
0.0376241
0.049397
0.0431081
0.0518634
0.0451569
0.0534904
0.0476268
0.0467225
0.0513647
0.0428648
0.0393899
0.0419278
0.051257
0.0439204
0.0482624
0.0435695
0.041541
0.038542
0.0501322
0.0400754
0.060597
0.052516
0.0485487
0.0460414
0.0491426
0.0549914
0.0384344
0.0409145
0.0409952
0.0507052
0.0637036
0.0427295
0.0450626
0.0487323
0.0423136
0.0382256
0.0364054
0.0372345
0.0519224
0.0412857
0.0610926
0.0427251
0.0584897
0.0493739
0.0518318
0.0430738
0.0492392
0.0527596
0.0612668
0.0556707
0.0561356
0.0593331
0.0574108
0.0440384
0.05625
0.0357116
0.0343
0.0367661
0.0462528
0.0472963
0.0470774
0.0523098
0.0514711
0.0449268
0.0561595
0.0662162
0.0586884
0.0503987
0.0449232
0.0523254
0.048846
0.0441664
0.0574677
0.0504653
0.059372
0.051335
0.0515058
0.0719761
0.0425241
0.0484043
0.0500532
0.0396074
0.0604938
0.0643437
0.0562534
0.0539727
0.0388314
0.0421545
0.0389926
0.046933
0.0370189
0.0448643
0.0419014
0.0484226
0.0470651
0.0613306
0.0422185
0.0538044
0.0634003
0.0571701
0.0565952
0.049277
0.0401806
0.0400155
0.0447015
0.0436521
0.0599673
0.0656331
0.0698606
0.0488296
0.0433273
0.0477312
0.0518006
0.0556841
0.0522204
0.0622639
0.0626904
0.0485607
0.0499763
0.0558288
0.0537797
0.0582153
0.0602637
0.049434
0.0526481
0.0471257
0.0415714
0.0528388
0.0462241
0.0494303
0.0397933
0.0435198
0.0470591
0.0716789
0.0536322
0.0449926
0.0503987
0.045958
0.0496534
0.0709637
0.0643746
0.0668946
0.0564385
0.0563532
0.050613
0.0603367
0.0601323
0.0460065
0.0403263
0.0478023
0.0454693
0.0531818
0.0368794
0.0416144
0.0437988
0.0410315
0.0452107
0.0485883
0.0414387
0.0465983
0.0590027
0.0484588
0.0384651
0.042766
0.0457596
0.0599256
0.061753
0.0700931
0.0623277
0.0616124
0.0419613
0.0573347
0.0438243
0.0484604
0.0516043
0.0408491
0.0522153
0.0471759
0.050107
0.0509468
0.0464007
0.0462696
0.050419
0.0504723
0.0503711
0.048676
0.0553843
0.0565794
0.0438564
0.0527855
0.042041
0.0516891
0.049811
0.0322045
0.0406648
0.0342434
0.0348863
0.0300387
0.0440519
0.0628049
0.048029
0.0528463
0.0506362
0.0418831
0.0447634
0.041398
0.0428164
0.0402692
0.0481178
0.0617746
0.0471407
0.0618531
0.0442906
0.042678
0.0485721
0.0557627
0.069714
0.0456241
0.0573903
0.0553541
0.0555818
0.0568959
0.0578515
0.040474
0.0396344
0.0383462
0.0477331
0.0399468
0.0395118
0.0432372
0.0477511
0.0514726
0.0422466
0.0552798
0.0423094
0.0579991
0.0406437
0.0422129
0.0441996
0.0428007
0.043236
0.0514911
0.0433804
0.0403383
0.0562382
0.0383101
0.0436765
0.037661
0.0394956
0.0431806
0.0586308
0.047599
0.0593837
0.0439692
0.0384153
0.0481384
0.0386001
0.0556014
0.0503706
0.0381608
0.0548427
0.0496994
0.0426505
0.038145
0.051516
0.0417952
0.0457521
0.0455412
0.0436846
0.0488281
0.0496957
0.0536743
0.0481391
0.0539036
0.0585446
0.0494643
0.0381986
0.0434325
0.0455116
0.0605343
0.0388283
0.0376315
0.0541966
0.0467173
0.0669317
0.0677356
0.0526843
0.0431335
0.0541339
0.0465232
0.0445758
0.0480958
0.0538021
0.0528529
0.0534049
0.0529686
0.0427843
0.0528933
0.0367389
0.0426261
0.0450884
0.0420145
0.0467518
0.0431059
0.0410646
0.0502087
0.0463394
0.0480016
0.0426897
0.0379266
0.0359762
0.0640165
0.0703465
0.0535821
0.0478097
0.0450684
0.051355
0.0567431
0.0520236
0.0496081
0.0515518
0.0446747
0.046058
0.0467988
0.0563021
0.0552461
0.0398611
0.0362596
0.0369031
0.0401506
0.0413624
0.0543998
0.0515306
0.0578468
0.0537184
0.065724
0.0555752
0.0547486
0.048225
0.0518446
0.0493599
0.049273
0.0487151
0.0473974
0.0533729
0.0536302
0.0455834
0.053249
0.0576498
0.058254
0.0580183
0.0470783
0.0435582
0.0423761
0.0402814
0.0429909
0.0548751
0.047005
0.0453876
0.0393034
0.0494457
0.0399568
0.0485143
0.0444043
0.0470665
0.0465703
0.0516311
0.0437297
0.0384927
0.0411161
0.0407995
0.0447761
0.0503039
0.0515699
0.0558791
0.0412081
0.0493971
0.0332385
0.0402894
0.0400987
0.0461076
0.0472305
0.0472386
0.0567776
0.0358583
0.0364187
0.0555436
0.0452185
0.0488531
0.0474637
0.0447201
0.0470503
0.0457662
0.0503239
0.0406404
0.0437911
0.0523381
0.0438114
0.0499998
0.0458787
0.0477265
0.0513478
0.0518655
0.0410162
0.041798
0.041813
0.0316126
0.0395214
0.0437001
0.0454852
0.0390727
0.0501441
0.0500932
0.0524099
0.0605252
0.0515285
0.0390242
0.0431249
0.055527
0.0439678
0.052292
0.0501216
0.0561349
0.0481441
0.0399029
0.0457068
0.0451985
0.047246
0.0462294
0.0574733
0.0456614
0.0474647
0.0470083
0.0518886
0.042846
0.0517423
0.0478437
0.0500745
0.043556
0.0556573
0.0533409
0.0468009
0.0498218
0.0452097
0.0506379
0.0420968
0.0390574
0.0384668
0.056125
0.03756
0.0331014
0.0429751
0.0432304
0.0440551
0.0484956
0.0554801
0.04152
0.0424206
0.0456407
0.0521869
0.0465047
0.044741
0.0650073
0.0564513
0.0462611
0.0449231
0.042721
0.0458148
0.0482747
0.0432721
0.0383918
0.048138
0.0485708
0.0458717
0.0466233
0.0448795
0.0562805
0.0528355
0.0525693
0.0493553
0.0577337
0.0697543
0.0586588
0.0599681
0.0561866
0.0527502
0.0604961
0.0675728
0.0650072
0.0448892
0.044994
0.0366666
0.036835
0.0512726
0.0447225
0.0384682
0.0378829
0.0476135
0.0413891
0.0533393
0.0548545
0.0482609
0.0406139
0.0435412
0.0368778
0.0447495
0.0539447
0.0498142
0.0413954
0.0512832
0.0441504
0.04288
0.0446943
0.0509863
0.0476331
0.0473327
0.0522083
0.0463288
0.0521188
0.0440247
0.040956
0.0509064
0.0573956
0.040094
0.040316
0.0480686
0.0633476
0.0579382
0.0390325
0.0440243
0.0510891
0.0503052
0.0451706
0.0506729
0.0555347
0.0605875
0.0575658
0.0563091
0.0639263
0.0505592
0.0457939
0.0527788
0.0359306
0.0516335
0.0377839
0.0471024
0.0419572
0.0493957
0.0587903
0.0553062
0.0510684
0.0586902
0.0458154
0.0520237
0.0414906
0.0680187
0.075103
0.07229
0.061194
0.0566317
0.0462991
0.0429349
0.0497821
0.0503944
0.0430715
0.0403994
0.045285
0.041086
0.0482875
0.0582845
0.0547021
0.0407225
0.047175
0.0454544
0.0464747
0.0471176
0.0506474
0.0391071
0.0391119
0.0455045
0.0661673
0.0556441
0.0572917
0.0634253
0.0641968
0.0432641
0.0480734
0.0412843
0.0396952
0.0472972
0.0587215
0.0416237
0.0469895
0.0498236
0.0457996
0.0430687
0.0510374
0.047136
0.0468987
0.0405541
0.0471036
0.0529859
0.0465898
0.052306
0.0487821
0.0496126
0.0499222
0.0615862
0.0569779
0.0452085
0.0524372
0.0521172
0.0480449
0.0579782
0.0711135
0.067677
0.0689349
0.0453139
0.0577102
0.0366741
0.0441988
0.0474674
0.047122
0.0502468
0.0540444
0.0500004
0.0506545
0.0548251
0.0438024
0.0470301
0.0652226
0.0547814
0.0471356
0.0574685
0.05427
0.0448718
0.0442945
0.0478396
0.0509264
0.0465211
0.0580159
0.0592135
0.0571115
0.0549445
0.0475226
0.0407167
0.0455889
0.0404514
0.0463961
0.045374
0.0438505
0.0395873
0.0484578
0.0495004
0.0450928
0.0493935
0.0487243
0.0464833
0.0535214
0.0458236
0.0388849
0.0353002
0.0364836
0.0491609
0.0469778
0.0509884
0.0568487
0.0428715
0.0427073
0.0488984
0.0575353
0.0462504
0.0447545
0.0447235
0.0496174
0.0446151
0.0524629
0.0496205
0.0432574
0.0509289
0.0601587
0.0464462
0.0447157
0.0530345
0.0474889
0.0596028
0.0455905
0.0462377
0.049593
0.0486198
0.0397533
0.0438979
0.0402456
0.0436141
0.0478079
0.037884
0.0352881
0.0436503
0.056945
0.0573919
0.0546593
0.0511316
0.04811
0.0477931
0.0412359
0.0468489
0.0438207
0.060774
0.0533472
0.0441329
0.0483999
0.0359088
0.0443402
0.0611619
0.071448
0.0447114
0.0529279
0.0691902
0.067414
0.0482907
0.0384128
0.0447716
0.0413709
0.0440153
0.0399306
0.0493696
0.0503967
0.058611
0.0433374
0.0484626
0.0562206
0.0573614
0.0648924
0.0873145
0.0710626
0.059177
0.0664566
0.057358
0.0531279
0.0415181
0.0584827
0.0487574
0.0511092
0.0417233
0.0538132
0.0549777
0.0521853
0.0474844
0.0439295
0.0459781
0.0387761
0.0414879
0.0465729
0.0544658
0.0416448
0.050114
0.0396804
0.0537988
0.0555228
0.0539424
0.0470604
0.0511465
0.043472
0.0472042
0.0529811
0.0587062
0.0500504
0.0442035
0.0490632
0.0426429
0.0491066
0.0585369
0.0521652
0.0527397
0.0486302
0.0502753
0.0540092
0.0594486
0.0708958
0.0614848
0.0516875
0.0604677
0.048118
0.0468972
0.0468701
0.0532353
0.0681411
0.04199
0.040976
0.0518582
0.0478342
0.0461279
0.0634616
0.0478301
0.0503545
0.0480275
0.0431382
0.0431206
0.0535168
0.0544951
0.0474252
0.0476962
0.0643802
0.0508156
0.0441574
0.0431974
0.0477037
0.0396966
0.0449991
0.0512096
0.0428009
0.0442389
0.0466168
0.0513488
0.0491456
0.0421426
0.0502034
0.0503223
0.0348358
0.0409755
0.0455913
0.0487569
0.0427098
0.0535373
0.0605467
0.0497812
0.0586866
0.0454408
0.0563886
0.0507367
0.0509547
0.0523089
0.0519423
0.0496225
0.042891
0.0479557
0.0685267
0.0500938
0.0565083
0.0528563
0.0571291
0.0514165
0.0494621
0.0428425
0.0489962
0.0500674
0.0540949
0.0476866
0.0459293
0.0481115
0.0488812
0.0489007
0.0602432
0.0450273
0.0355914
0.0461172
0.0467841
0.0523686
0.0402105
0.0562677
0.0601525
0.0587483
0.0394058
0.0401697
0.0407394
0.0459946
0.0361952
0.0445543
0.0445842
0.043103
0.060399
0.0404273
0.0501182
0.0528608
0.0464642
0.0504029
0.0655029
0.0449376
0.047329
0.0528962
0.049833
0.0589643
0.0528035
0.0409546
0.0412991
0.0622802
0.056399
0.0416013
0.0518234
0.0466918
0.049783
0.0454777
0.0481174
0.0409284
0.0466358
0.0587309
0.0466441
0.0548749
0.061069
0.0684818
0.0450383
0.030376
0.0425869
0.0456788
0.040459
0.0596261
0.052167
0.0496112
0.0469796
0.0582331
0.0466231
0.0551275
0.0389997
0.0464267
0.057987
0.0481176
0.0496192
0.0528745
0.0514887
0.0561448
0.0471834
0.0468402
0.0551968
0.0469129
0.0408813
0.041599
0.0534682
0.0513662
0.0484831
0.0468359
0.038868
0.042763
0.0476337
0.0393489
0.0590468
0.045436
0.0351536
0.054501
0.0399543
0.0443715
0.0431002
0.0498386
0.049089
0.0487593
0.0476797
0.0586952
0.0618662
0.0594458
0.0487509
0.051073
0.069
0.0521507
0.039395
0.0541366
0.0608605
0.0587942
0.038355
0.0438802
0.0427134
0.0392213
0.0438148
0.0427822
0.0413923
0.0570562
0.0394756
0.048273
0.0466801
0.0524748
0.0471558
0.0486437
0.0470936
0.0446052
0.0486404
0.0575345
0.0440747
0.0431944
0.0478965
0.0447293
0.061674
0.0385491
0.0433505
0.0500361
0.0376293
0.0536836
0.0501502
0.0438764
0.0447398
0.0471951
0.0617183
0.0490893
0.050346
0.0530538
0.0412694
0.0344514
0.0391919
0.0444106
0.0430587
0.0541134
0.0474778
0.0428281
0.0420221
0.0519576
0.0513208
0.0518098
0.0638269
0.0597244
0.0434693
0.0445975
0.0463936
0.04677
0.0454831
0.047576
0.0384738
0.0421411
0.0632623
0.0525138
0.0420084
0.0437065
0.0440335
0.0498448
0.0578841
0.0614587
0.0533948
0.0529395
0.047459
0.0579544
0.0468531
0.0748564
0.0454461
0.0426293
0.0361874
0.0537265
0.0532034
0.0427182
0.0529717
0.0613004
0.0555162
0.0395453
0.0499985
0.0588943
0.0428418
0.0505529
0.0657345
0.0552223
0.0532094
0.0538532
0.0517189
0.062893
0.0522496
0.0505339
0.0415831
0.0490679
0.0445832
0.0530412
0.0601128
0.0579894
0.0608337
0.0635748
0.0564867
0.043972
0.0479815
0.034158
0.0457172
0.0480937
0.0468681
0.0643818
0.0661462
0.0599057
0.0487112
0.0470364
0.0434883
0.0470255
0.0464968
0.0580099
0.0416981
0.048267
0.0626839
0.0587859
0.0450154
0.0507182
0.0595469
0.0538096
0.048243
0.0503473
0.0427776
0.045583
0.0460159
0.0548397
0.0474924
0.0388237
0.0421434
0.046064
0.0495932
0.0474893
0.047584
0.0554134
0.0468937
0.0515547
0.0545682
0.0583343
0.0594397
0.0649462
0.0447549
0.0438914
0.0445296
0.0493192
0.0432726
0.0472955
0.0472037
0.0423261
0.0454604
0.0475342
0.0570932
0.0516299
0.0465752
0.0515399
0.0472682
0.0425283
0.0461044
0.0446073
0.059747
0.0465463
0.057747
0.0633571
0.055314
0.0464384
0.0615985
0.0542974
0.0420742
0.0451176
0.0476803
0.0471463
0.0416692
0.0471933
0.0536308
0.0490093
0.0667109
0.0562491
0.0406569
0.0504581
0.0544337
0.0591988
0.0602496
0.0631176
0.0584339
0.0419671
0.0574349
0.0455713
0.0721175
0.0453367
0.0506076
0.0513141
0.0723959
0.0786281
0.0575781
0.0455607
0.0522508
0.0540375
0.0396891
0.052546
0.0652257
0.0746133
0.0531742
0.0524264
0.0508804
0.0534466
0.06265
0.0699534
0.0439614
0.0556552
0.052829
0.0402685
0.0622561
0.0535476
0.0425202
0.0544063
0.0461168
0.0583312
0.0432853
0.0639872
0.0398214
0.0400703
0.0478586
0.0519536
0.0426736
0.049763
0.0505068
0.0423875
0.0535789
0.0470368
0.0665937
0.0507631
0.0421548
0.0521874
0.0456997
0.05433
0.0500691
0.0393243
0.0548451
0.0416577
0.0628072
0.0651043
0.0452384
0.0658382
0.0543622
0.0496737
0.0518322
0.0532528
0.0472532
0.0415942
0.0402989
0.0424851
0.0421705
0.0601413
0.0539766
0.0405154
0.0542231
0.0668419
0.0528267
0.0420891
0.0500923
0.0503173
0.0410258
0.044643
0.0386714
0.0500404
0.0500205
0.0395435
0.0465882
0.044522
0.0465867
0.0444214
0.0566344
0.044945
0.0442758
0.0470482
0.0447798
0.0560189
0.0441052
0.0526721
0.051105
0.0529794
0.0524321
0.0602817
0.0671822
0.0630786
0.0566052
0.059848
0.0669255
0.0438971
0.0480654
0.0435247
0.0456349
0.0428891
0.0636282
0.054628
0.0538724
0.0584628
0.0501051
0.0415374
0.0452576
0.0443931
0.0399651
0.0558514
0.056925
0.0744009
0.0551117
0.0693466
0.0553362
0.0462034
0.053651
0.0509603
0.0472496
0.0342262
0.0465352
0.0538841
0.0534973
0.0397604
0.0457827
0.0398751
0.0422837
0.036269
0.0480174
0.044519
0.0468492
0.051038
0.0787355
0.05531
0.0408449
0.0412342
0.0364188
0.045821
0.0358683
0.0422954
0.0430594
0.0486685
0.0444089
0.0411184
0.0449824
0.0462378
0.054965
0.0536864
0.0608316
0.05279
0.0503378
0.0645564
0.0503015
0.0484983
0.0477476
0.0540835
0.058005
0.0560644
0.052732
0.0458978
0.0546869
0.0516028
0.0418378
0.0414926
0.0419282
0.0463384
0.0507875
0.0513043
0.0539227
0.0452503
0.0393663
0.0600699
0.0462476
0.0581274
0.050274
0.0423602
0.0388027
0.0447625
0.0441263
0.0376787
0.0357533
0.0316786
0.0529064
0.04447
0.0425969
0.0400192
0.0427552
0.0446989
0.0438303
0.0381166
0.0516217
0.0493429
0.0454911
0.0546342
0.0561498
0.0481544
0.0432952
0.04352
0.0439361
0.0440307
0.0479595
0.0664079
0.0408207
0.0467853
0.048681
0.0468315
0.0501051
0.0518937
0.046768
0.0529266
0.0531787
0.0477579
0.0438876
0.0399683
0.0516264
0.044805
0.0453322
0.0412363
0.0476686
0.0525465
0.0791924
0.0559179
0.0509866
0.0387049
0.0374989
0.0684008
0.0504258
0.0490909
0.0510333
0.0618614
0.0458304
0.0381994
0.0370583
0.0341261
0.0396362
0.0500448
0.0446881
0.0467841
0.0534082
0.04249
0.066358
0.0753652
0.0475588
0.0410117
0.0529978
0.0468025
0.0549001
0.0486072
0.0421146
0.0435201
0.0522323
0.0467161
0.0427269
0.0470644
0.0479664
0.0541692
0.0485885
0.0374222
0.0424362
0.0456544
0.0416893
0.0500808
0.0433237
0.0473468
0.0495134
0.0581247
0.0569596
0.0402954
0.0442353
0.0414417
0.0571471
0.0612286
0.0513062
0.0584277
0.0435833
0.0408587
0.0589334
0.0510089
0.0502089
0.0492594
0.0448805
0.0468824
0.0454424
0.0539892
0.0419343
0.0523841
0.0491748
0.0520598
0.0556823
0.0548114
0.0514026
0.0427008
0.0431015
0.0447912
0.0420792
0.0489136
0.054293
0.0659588
0.0470193
0.0403497
0.0487268
0.0412929
0.0411809
0.0456471
0.0500037
0.0435468
0.0512101
0.039936
0.0421645
0.0608776
0.0617886
0.0506892
0.0426826
0.0563462
0.049165
0.0621091
0.0689969
0.0509826
0.0424413
0.036014
0.0373644
0.0361996
0.0356972
0.0541918
0.0398065
0.0408895
0.0527269
0.0417444
0.0498069
0.0573491
0.0460645
0.043974
0.0413272
0.0376716
0.0510587
0.0595118
0.034484
0.0496095
0.0553828
0.0334639
0.0450015
0.0444686
0.0410446
0.0426874
0.0351636
0.0474736
0.046768
0.0484889
0.0519542
0.0458429
0.0452777
0.0505675
0.0585011
0.0578198
0.0481283
0.0403988
0.0484738
0.047133
0.0657257
0.0606823
0.0464263
0.0497677
0.0415765
0.0460094
0.0659684
0.0639965
0.0651002
0.0465267
0.0535443
0.0568898
0.0642986
0.0541384
0.0537693
0.0641477
0.0469979
0.0521118
0.0483696
0.0434756
0.0391222
0.0420331
0.0465074
0.039145
0.0429328
0.038969
0.0454581
0.0357036
0.0389967
0.0537503
0.0664878
0.0558851
0.0475306
0.0530176
0.0499179
0.0492933
0.0476404
0.0515898
0.0447493
0.0483021
0.0494283
0.0437705
0.0393382
0.0605146
0.0513845
0.0392544
0.0379116
0.0382409
0.053688
0.0440711
0.0463565
0.053536
0.0635739
0.0494875
0.0328741
0.0429504
0.0526259
0.0476074
0.0454481
0.0493185
0.0520579
0.0599176
0.0525465
0.0465561
0.0404011
0.0454484
0.049182
0.044327
0.0389387
0.0479236
0.0405933
0.0390462
0.0489773
0.0544128
0.0588343
0.0498767
0.04707
0.0596149
0.0589548
0.0471478
0.0455923
0.05355
0.0587672
0.0479137
0.0552557
0.0355588
0.0431643
0.0554666
0.0499091
0.045869
0.0566314
0.0452721
0.0466481
0.0445177
0.0474954
0.0498091
0.0475856
0.0528462
0.0503091
0.039255
0.0487668
0.0575504
0.0543496
0.0600048
0.0433659
0.0388551
0.0419008
0.0399295
0.0450094
0.0488408
0.0422941
0.04409
0.0361914
0.0363146
0.0389869
0.0399786
0.0393455
0.0325735
0.0407111
0.0475168
0.0351084
0.0300901
0.063268
0.0490694
0.0546695
0.0530796
0.0539798
0.0493988
0.0466909
0.0390156
0.057929
0.0549622
0.0684849
0.0527484
0.044336
0.043592
0.0509477
0.0475183
0.042896
0.0444458
0.0440558
0.0475876
0.0510791
0.0554628
0.0595822
0.0537292
0.051744
0.0529354
0.0433739
0.0440121
0.0476752
0.0535149
0.0480983
0.0512585
0.0562783
0.0532654
0.0470914
0.0528641
0.0442291
0.0418881
0.0426446
0.0515417
0.0513364
0.0474144
0.0486126
0.0559707
0.0651808
0.0632559
0.0537032
0.0500283
0.0380118
0.0473227
0.0514138
0.0408368
0.0487252
0.0414685
0.0400879
0.0484589
0.039994
0.0447016
0.0428512
0.0532476
0.0578972
0.0559798
0.0511419
0.0518579
0.0570184
0.0503639
0.0514991
0.0665415
0.0538231
0.0478497
0.0490428
0.0532506
0.0437022
0.0457779
0.0522129
0.0482786
0.0486153
0.0496477
0.0488602
0.0676015
0.0531903
0.0434256
0.041248
0.0390428
0.0439578
0.0379406
0.0404482
0.0445613
0.0544802
0.0552058
0.0467834
0.0553474
0.0570589
0.0500852
0.0451668
0.0466552
0.0490654
0.0359749
0.037357
0.041154
0.045435
0.0555145
0.0541804
0.0579704
0.0318676
0.037668
0.034006
0.0413217
0.047284
0.0392038
0.0765001
0.0626021
0.0458438
0.0587696
0.0579645
0.0445891
0.0508028
0.0395245
0.0526873
0.0550057
0.0463939
0.0466834
0.0424235
0.0580354
0.045418
0.0517419
0.0533283
0.0506613
0.0477051
0.0460481
0.0473587
0.0539881
0.0590133
0.0466817
0.052496
0.0510399
0.0584481
0.0593812
0.0500189
0.0340128
0.046542
0.0514947
0.0353557
0.0479105
0.0597669
0.0534634
0.0496606
0.0498283
0.050862
0.0723617
0.0588873
0.0529245
0.0443822
0.0376369
0.0518642
0.0584474
0.0575425
0.0518061
0.0544809
0.0460416
0.0655615
0.0623648
0.0667023
0.0543816
0.0518197
0.0632468
0.0688807
0.0602922
0.0495562
0.0437239
0.0461443
0.0514393
0.0527879
0.044188
0.0419299
0.0419261
0.0453206
0.0358175
0.0494008
0.0391897
0.0660435
0.0418888
0.0495357
0.0441195
0.0383641
0.0465007
0.0504454
0.040509
0.0457631
0.0382158
0.049065
0.0442396
0.0410734
0.0398943
0.0356071
0.0478355
0.0530354
0.0469692
0.054864
0.0429792
0.0617058
0.0464138
0.0397903
0.0372247
0.0419707
0.0428379
0.0473061
0.0599346
0.0365177
0.0371914
0.032671
0.0582497
0.0555982
0.0582497
0.0582525
0.0434032
0.0406309
0.0505931
0.0449116
0.0495744
0.0395255
0.0452594
0.0553798
0.0644297
0.0507244
0.0698847
0.0553889
0.0495926
0.0446835
0.0406992
0.0514721
0.046455
0.0463847
0.0510211
0.0393688
0.0714014
0.0432678
0.0394577
0.0518042
0.0456209
0.0446634
0.039495
0.0481822
0.0423759
0.0512344
0.0498091
0.0497814
0.0415165
0.0436908
0.0398964
0.0491072
0.0432095
0.0667921
0.0641995
0.0718354
0.0481882
0.0482654
0.0453167
0.0453033
0.0527808
0.0507268
0.044503
0.0481173
0.0518171
0.0356445
0.0496928
0.0497975
0.0418915
0.0543385
0.0597966
0.0449458
0.0444307
0.0535632
0.0515845
0.0518084
0.0452281
0.0498192
0.044407
0.0617465
0.0491042
0.0426183
0.0467802
0.0628512
0.0553815
0.0553402
0.0513371
0.0438819
0.045353
0.0478091
0.0504099
0.0505799
0.0421316
0.0496988
0.0712081
0.0485303
0.0556606
0.0410492
0.0397337
0.0488182
0.0433149
0.0536334
0.0568486
0.0410411
0.052008
0.0596336
0.0480777
0.0471312
0.0422834
0.0421019
0.0444649
0.0487709
0.0629493
0.0495443
0.057776
0.0425539
0.0792721
0.0631385
0.0464575
0.0548079
0.0523058
0.0443217
0.0402151
0.0480841
0.0585008
0.0621246
0.0566542
0.0521346
0.0512588
0.0406338
0.057798
0.0364552
0.0384389
0.0432648
0.0449808
0.0467011
0.048779
0.0444629
0.0483659
0.0454024
0.0452484
0.0560434
0.0623994
0.0647438
0.0482877
0.0376122
0.0425473
0.0496874
0.041914
0.059468
0.0579248
0.0414371
0.0553091
0.0479995
0.0407156
0.0496811
0.0431032
0.0432373
0.0365456
0.0576591
0.0641693
0.0492022
0.0414716
0.0377925
0.0483506
0.0489692
0.0397535
0.0508136
0.0509265
0.0492346
0.0425498
0.0468629
0.0596018
0.0648852
0.0561673
0.0453316
0.0555982
0.0490744
0.047362
0.0468545
0.0740908
0.050192
0.0562097
0.0402528
0.0414788
0.0447277
0.0512574
0.0478209
0.0464677
0.0412189
0.0357799
0.0413439
0.0395186
0.0411134
0.0396997
0.0389647
0.0418732
0.0592064
0.0413634
0.045026
0.054448
0.046236
0.0536466
0.0372789
0.0500802
0.0467052
0.0402699
0.0484878
0.0515351
0.0508064
0.0428403
0.0425024
0.0315021
0.0418551
0.035012
0.0444742
0.044166
0.0455922
0.0404458
0.0573763
0.0400123
0.0524099
0.0530883
0.0437975
0.0605392
0.0461172
0.0551789
0.0451592
0.0444233
0.0473978
0.0483271
0.0470065
0.0630897
0.0413568
0.0393091
0.0539485
0.0568398
0.0484746
0.0587853
0.0504467
0.0574401
0.0510868
0.0610502
0.0550385
0.0496019
0.0465147
0.0454051
0.0414869
0.0360756
0.0503373
0.0532836
0.0610934
0.048754
0.0447825
0.0424959
0.0496862
0.0560489
0.0444532
0.0558235
0.0561856
0.0571919
0.0498181
0.0401281
0.0379404
0.052686
0.0376033
0.0482072
0.0505885
0.0498298
0.0494708
0.0453487
0.0434732
0.0632505
0.0454919
0.0413522
0.0629133
0.0562791
0.0624407
0.0518615
0.0482232
0.0628995
0.0562138
0.062137
0.0410456
0.0439402
0.0419107
0.0456932
0.0429597
0.0472263
0.0428659
0.0407282
0.0494203
0.0415255
0.0409999
0.0479952
0.0362967
0.0397627
0.0477595
0.0431781
0.0600735
0.0389474
0.0642983
0.0593535
0.0618867
0.0635774
0.050391
0.0594528
0.0444311
0.0401456
0.0485754
0.0491893
0.0537605
0.0595532
0.0483382
0.0428331
0.0603428
0.0372507
0.0451048
0.0539445
0.0438691
0.0483089
0.052273
0.0454062
0.0451117
0.0520429
0.0406279
0.0443835
0.0513067
0.0459311
0.0509516
0.0424402
0.0403592
0.0461217
0.0468769
0.0532119
0.0470778
0.044844
0.0590815
0.059142
0.0596182
0.0512111
0.0476661
0.0463907
0.0500777
0.0410913
0.0594769
0.040568
0.0439583
0.0406249
0.0411716
0.0413355
0.0399259
0.0443211
0.0462589
0.0606692
0.0414271
0.047372
0.0500451
0.0416046
0.0411305
0.0595909
0.0439782
0.040739
0.039602
0.03457
0.0361128
0.0515286
0.0492944
0.0474093
0.0467735
0.044709
0.0537173
0.0409365
0.052434
0.0432046
0.0607558
0.0529305
0.0522173
0.0540535
0.0487774
0.0506148
0.057125
0.0468798
0.0446059
0.0458025
0.0332735
0.0421182
0.043291
0.0504801
0.0496063
0.0510506
0.0472924
0.0429256
0.0442086
0.049686
0.0513558
0.0477933
0.0462049
0.0532887
0.0431462
0.0443356
0.0500302
0.0524816
0.0494812
0.0503002
0.055875
0.0570626
0.0536394
0.0520455
0.0503705
0.0413348
0.038624
0.0478173
0.039966
0.0371674
0.0426969
0.0441734
0.0586456
0.042398
0.0540078
0.0602121
0.0408547
0.0569452
0.0487636
0.0436072
0.0482182
0.0558372
0.0426116
0.0371865
0.041968
0.0496562
0.0530774
0.0447996
0.0438062
0.0341522
0.0455261
0.0497547
0.0503421
0.0499878
0.0456835
0.0434367
0.0399004
0.049073
0.0718097
0.0584989
0.0547031
0.0627168
0.0613087
0.0552336
0.0553535
0.0462134
0.0426236
0.0476713
0.0551838
0.0611957
0.0608286
0.050572
0.0495424
0.0424986
0.0488952
0.0531329
0.0518127
0.0469804
0.0451435
0.0474682
0.0614451
0.049738
0.0600481
0.055133
0.0638209
0.056709
0.049676
0.0584817
0.0645987
0.0587474
0.0514225
0.0445298
0.0460556
0.0502372
0.0469852
0.0454757
0.0643826
0.0597809
0.0653421
0.0489302
0.0423929
0.0613699
0.0544184
0.0496046
0.0445035
0.0455703
0.0503072
0.0347691
0.0415818
0.0415275
0.0515931
0.0427918
0.0342119
0.0417174
0.0480054
0.0483421
0.0593921
0.059494
0.0569638
0.0576621
0.0529229
0.0551465
0.0428983
0.0500431
0.0468667
0.0433217
0.0423773
0.0542803
0.0539516
0.0466997
0.0395156
0.0479896
0.0600859
0.0452126
0.0431251
0.0474157
0.0400027
0.0573136
0.0498702
0.0472388
0.0425567
0.0518299
0.0452497
0.0487283
0.0449404
0.0349115
0.045878
0.0552848
0.0601537
0.0656705
0.0571237
0.0541832
0.0522727
0.0493011
0.0468479
0.0535343
0.0542863
0.0520815
0.0413241
0.0542814
0.0429086
0.0500401
0.055509
0.0377358
0.039778
0.0611614
0.0617591
0.0437187
0.0393305
0.0443947
0.0488122
0.0400952
0.0454758
0.0390696
0.0474694
0.0465174
0.0542726
0.0410672
0.0507727
0.053336
0.0558912
0.0523066
0.0493201
0.0507902
0.0495506
0.0470479
0.0437726
0.0517027
0.0429869
0.0462771
0.0475136
0.0470637
0.0487997
0.0579862
0.0549524
0.0442973
0.0562071
0.0514525
0.0530653
0.0604651
0.0546967
0.0418062
0.0449638
0.0367438
0.0498605
0.0608684
0.0474442
0.0449607
0.0576497
0.0514946
0.0602553
0.0616282
0.0461594
0.059161
0.0542256
0.0512757
0.0452483
0.0596978
0.0485842
0.046986
0.0588124
0.0551604
0.0442421
0.0469933
0.051937
0.0564418
0.0431155
0.0572883
0.0512079
0.0365619
0.0359136
0.0436011
0.038372
0.0403102
0.0382958
0.0399426
0.0584146
0.050245
0.0515669
0.0328032
0.0419145
0.0351947
0.0536658
0.0603648
0.0519618
0.0593851
0.0544699
0.070245
0.0612691
0.0494052
0.0541367
0.0474001
0.0368498
0.0630902
0.0428049
0.0476539
0.057754
0.0480897
0.0526008
0.055669
0.0470398
0.0493799
0.0431008
0.0570182
0.0408396
0.0478864
0.0454831
0.0623135
0.0587868
0.0594985
0.0447892
0.040243
0.0460836
0.053299
0.0506598
0.04848
0.0443773
0.0506449
0.0507683
0.0447108
0.0348561
0.0386678
0.05836
0.0610762
0.0424646
0.0516556
0.0569366
0.0457085
0.0363545
0.0339611
0.0364076
0.0418431
0.0465166
0.0521963
0.0560007
0.0433516
0.0474917
0.0436518
0.0517229
0.0414881
0.0458317
0.0516259
0.0543705
0.0467424
0.0421183
0.0573092
0.0512242
0.0521847
0.0449845
0.044546
0.0523348
0.0673215
0.052118
0.0559145
0.0612417
0.0653341
0.0578511
0.0611901
0.0408159
0.0456794
0.0542938
0.0559399
0.0633969
0.0514069
0.0458279
0.0506978
0.0605429
0.0473991
0.0547644
0.0551529
0.0400105
0.050408
0.0438761
0.0384281
0.0434477
0.046391
0.0658145
0.0673055
0.060255
0.0769791
0.0465463
0.0475033
0.0532049
0.0520402
0.0464999
0.056174
0.0630315
0.0634719
0.0495111
0.0552487
0.0601325
0.055738
0.0504842
0.0581748
0.052175
0.0426529
0.0634309
0.0483228
0.0627781
0.0599974
0.061673
0.0444219
0.0439217
0.0532988
0.0474083
0.0459144
0.0420947
0.0460225
0.0476832
0.0365081
0.0436321
0.0563234
0.0698482
0.0672325
0.0545715
0.0458129
0.0439782
0.043854
0.0416148
0.0582398
0.0660203
0.0474722
0.0445157
0.0552303
0.0374528
0.0412281
0.0519901
0.0582988
0.0549634
0.0499218
0.0519416
0.0477647
0.0395812
0.0497666
0.0400645
0.0432629
0.0437652
0.0714881
0.0482583
0.067395
0.0417229
0.0355371
0.0561168
0.0514504
0.0532851
0.050102
0.0503774
0.0486447
0.0382909
0.0406495
0.0489942
0.0507501
0.0577448
0.0647063
0.0612734
0.0533711
0.0528321
0.0427844
0.0473911
0.0452105
0.0496361
0.0460639
0.0494464
0.0524211
0.0539988
0.0503909
0.0462638
0.041096
0.0439723
0.0476844
0.0476421
0.0421915
0.0355018
0.0458038
0.0338687
0.0451247
0.0422411
0.04286
0.0459828
0.0529452
0.0512483
0.0602483
0.0530828
0.0465328
0.0444131
0.0551079
0.0606788
0.0412698
0.0481156
0.0525002
0.0460636
0.0530233
0.0380882
0.0354003
0.0518208
0.0458948
0.0420116
0.0465174
0.0516309
0.0466778
0.047881
0.0513754
0.0490574
0.0602611
0.0360056
0.0469606
0.0440131
0.0385957
0.0397397
0.0543725
0.0521742
0.0409469
0.0468886
0.054743
0.0402805
0.0487311
0.0778817
0.0567558
0.0503356
0.0435319
0.0394242
0.0499635
0.0623714
0.0527385
0.0563419
0.0471953
0.0463619
0.0411424
0.0476542
0.0514393
0.0427518
0.0443533
0.0523588
0.0563387
0.0411485
0.0422748
0.0462641
0.0433347
0.0544476
0.0533524
0.0494491
0.0365299
0.0422408
0.0373836
0.0388194
0.0504237
0.047961
0.0446873
0.0437053
0.0461655
0.0524778
0.0446003
0.0463035
0.0542055
0.0577227
0.0548958
0.0442619
0.0421633
0.0537403
0.0574659
0.079417
0.0786542
0.055473
0.0623325
0.0513657
0.0485547
0.0533705
0.0495137
0.0513568
0.0441532
0.0416708
0.0378726
0.0498952
0.0451753
0.0500117
0.0641305
0.0482306
0.0475859
0.0452778
0.0348664
0.0419949
0.0489521
0.0506429
0.0479753
0.0469904
0.0535885
0.0460087
0.0397359
0.0525753
0.048116
0.0546836
0.0455558
0.051712
0.0591767
0.064635
0.0552958
0.0561496
0.0446114
0.0559815
0.040754
0.0499927
0.053327
0.0694538
0.0709034
0.0610157
0.0488847
0.0392729
0.052581
0.0583415
0.0485525
0.0415323
0.042229
0.0377089
0.0425445
0.0401746
0.0478011
0.0461003
0.0631817
0.0440237
0.054971
0.0502597
0.0456924
0.0373461
0.037731
0.0414567
0.0492554
0.041038
0.044939
0.0434432
0.0441189
0.0391101
0.0386864
0.0420214
0.0429785
0.048007
0.038786
0.0467376
0.0503847
0.048928
0.0446981
0.0352011
0.0392547
0.0441113
0.0437432
0.0420535
0.0488697
0.0456264
0.0484697
0.0415304
0.0487471
0.0542594
0.0618121
0.0549203
0.0429064
0.0563316
0.0525674
0.059881
0.0489042
0.044638
0.0513168
0.0525382
0.0705847
0.0483399
0.0474049
0.0489556
0.0412891
0.0422755
0.0361629
0.0564924
0.0505833
0.0562021
0.0435759
0.0445584
0.0507372
0.0567776
0.0548259
0.0466597
0.0393869
0.045225
0.0442202
0.0570813
0.0494635
0.0559564
0.0480895
0.057961
0.0424701
0.0579599
0.0588752
0.0402147
0.0502719
0.0437844
0.0540721
0.042806
0.0398627
0.0426035
0.0438854
0.055673
0.0593006
0.0639271
0.0505981
0.033755
0.0327217
0.0392529
0.0315306
0.0348599
0.0397078
0.0494307
0.0475976
0.0447871
0.0461764
0.044559
0.068701
0.0377835
0.0422833
0.0513093
0.0544709
0.0409474
0.0442652
0.0524668
0.0557891
0.0617077
0.0494658
0.0490411
0.045246
0.0423923
0.0468141
0.0537809
0.0564416
0.0416606
0.0437579
0.0450855
0.0342602
0.0465376
0.0535913
0.0510302
0.0594467
0.0546966
0.0490843
0.0602144
0.0443783
0.0391811
0.0426108
0.0522356
0.0693871
0.0573967
0.041441
0.0482865
0.0382
0.0407333
0.0435806
0.0636368
0.0528815
0.0403371
0.0431069
0.040589
0.0557622
0.044108
0.0474677
0.0491929
0.0413973
0.0514066
0.0493139
0.0476112
0.0466112
0.0508203
0.0587763
0.05823
0.0493113
0.0419169
0.0432421
0.0471719
0.0636753
0.0482023
0.0473594
0.0467363
0.0378361
0.0373672
0.0422865
0.0403156
0.0596481
0.0573338
0.0502286
0.0527848
0.0424238
0.0399741
0.0437203
0.0578739
0.0433207
0.0440559
0.0425717
0.0418365
0.0469538
0.0360511
0.0535694
0.0417164
0.058173
0.0524925
0.048018
0.0575693
0.0518708
0.051215
0.0416734
0.0497618
0.0452289
0.0536678
0.0482137
0.0440163
0.0358784
0.0455952
0.044071
0.0400642
0.0564363
0.0443118
0.0484173
0.0459853
0.0633223
0.0533011
0.0502971
0.0548399
0.0608435
0.0560023
0.0708635
0.0597222
0.0621603
0.0702787
0.0632199
0.0429873
0.0466024
0.0419495
0.0437716
0.0522153
0.0414277
0.0545619
0.0576754
0.0426737
0.0461204
0.041524
0.048743
0.0416978
0.0458557
0.0489279
0.0400999
0.0438026
0.0432785
0.050566
0.0612265
0.0568128
0.0671195
0.0534736
0.0502255
0.048635
0.0528416
0.0484282
0.0450364
0.0476705
0.0463854
0.0495809
0.043207
0.0472509
0.0549573
0.0521236
0.0543035
0.0405881
0.0656401
0.0626419
0.0401896
0.0514758
0.0474744
0.0423086
0.0444873
0.0435505
0.0426228
0.0456635
0.0481844
0.0403984
0.0464798
0.0514384
0.0582636
0.0465385
0.0428917
0.0433854
0.0644993
0.0482603
0.039824
0.0632857
0.0564202
0.0484721
0.0518627
0.0538969
0.0517377
0.0475424
0.0560396
0.0446109
0.0432234
0.0490875
0.0459469
0.0454974
0.0569577
0.0584491
0.0655493
0.0405424
0.0504233
0.0426235
0.0703807
0.0737236
0.0598391
0.0448231
0.0555875
0.0399048
0.0350041
0.0358021
0.0370294
0.0449068
0.0392066
0.0461143
0.0367075
0.0534937
0.0447641
0.0404998
0.0457566
0.0503935
0.0554816
0.0424278
0.0343479
0.0433204
0.0398096
0.0445526
0.0407976
0.0482831
0.0611962
0.0500894
0.038298
0.0512016
0.0547628
0.0447342
0.0389898
0.0435557
0.0514095
0.0524285
0.0571617
0.0524564
0.0500333
0.0402295
0.0526973
0.0403138
0.0541176
0.057586
0.0433322
0.0647167
0.0572489
0.0634483
0.0486007
0.0491656
0.0455872
0.0402238
0.055457
0.0462715
0.0505681
0.0646078
0.049454
0.0513699
0.0502001
0.0522186
0.0454533
0.0672426
0.057115
0.0553706
0.0574887
0.0396694
0.0378233
0.045457
0.0444011
0.0517549
0.0400817
0.0631094
0.0650279
0.0462489
0.0443125
0.0417639
0.0451627
0.0455636
0.036731
0.0445154
0.0539239
0.0449825
0.0389602
0.0461857
0.0464671
0.0412497
0.0383968
0.0540519
0.0489497
0.0531261
0.0440669
0.0396508
0.0417281
0.0391259
0.0448082
0.0446566
0.0426251
0.048311
0.0410142
0.0467562
0.0402719
0.03405
0.0353366
0.0377516
0.0461564
0.0511479
0.05069
0.0639418
0.0526895
0.041088
0.0348208
0.046041
0.0396996
0.0416383
0.0576541
0.0536015
0.0404345
0.0405203
0.048539
0.0468595
0.0446841
0.0476144
0.0436746
0.0502083
0.0426978
0.0489832
0.0532313
0.0502163
0.053556
0.0567405
0.0703906
0.0489913
0.0438783
0.0472298
0.0622458
0.0452661
0.038202
0.0443863
0.0480876
0.0484843
0.0394185
0.0395928
0.0390534
0.0510949
0.0545221
0.0514111
0.048411
0.0629459
0.0517964
0.0452956
0.0454707
0.0442305
0.0408342
0.0472366
0.0505163
0.0497771
0.0470909
0.0616633
0.0643003
0.0678687
0.0463483
0.0484162
0.0495976
0.0362113
0.0566147
0.0452077
0.0417435
0.0338234
0.0387463
0.0361649
0.0382857
0.0520428
0.0523743
0.0581402
0.0388522
0.0466733
0.0515198
0.0499963
0.0566535
0.053008
0.0399421
0.0536344
0.0577416
0.0503413
0.05047
0.0499773
0.0478157
0.0543052
0.0454661
0.0525328
0.0524715
0.0537695
0.0561829
0.0458066
0.0464867
0.042406
0.0364668
0.0495952
0.0366505
0.0428968
0.0482457
0.0522715
0.0420944
0.0536128
0.0434986
0.0445345
0.0500556
0.0520791
0.0522633
0.0382638
0.045203
0.0462753
0.0411816
0.0380774
0.0446315
0.0445474
0.0412044
0.0409592
0.0525308
0.0715296
0.0587635
0.0530304
0.046757
0.0540243
0.0610987
0.0531643
0.0463369
0.0577267
0.0531225
0.0518442
0.0638845
0.0651617
0.0525729
0.043388
0.0433267
0.0493552
0.0598633
0.0582314
0.0504858
0.0711737
0.0526157
0.0484409
0.0543125
0.0507639
0.0502101
0.0567478
0.0535339
0.06524
0.0329818
0.0404066
0.0523759
0.0595772
0.0580731
0.0506798
0.0594531
0.0621127
0.0471724
0.0575832
0.0445893
0.0382306
0.0404507
0.0490233
0.0521513
0.0431284
0.045283
0.043748
0.0464107
0.0436775
0.0514657
0.038961
0.0420382
0.0374565
0.0484364
0.0460427
0.0525471
0.0423474
0.0469438
0.0622757
0.0472506
0.0418659
0.048414
0.0486866
0.0408181
0.0444662
0.0455867
0.0396002
0.0472965
0.0495447
0.0502021
0.054785
0.0497467
0.0519383
0.0466027
0.0489963
0.0418568
0.0498517
0.0523477
0.0524939
0.0511528
0.0458695
0.0449351
0.034934
0.0353059
0.0480131
0.0478818
0.0386124
0.0534637
0.0646514
0.0426261
0.0499061
0.0682727
0.060913
0.0345835
0.0377225
0.034307
0.0565355
0.0507003
0.0449428
0.0517643
0.0506256
0.0368946
0.0338086
0.03995
0.0361264
0.0430297
0.0421996
0.0423187
0.0489693
0.0541062
0.046311
0.0366355
0.0378639
0.0487216
0.0480742
0.0403798
0.0439413
0.0411785
0.0515974
0.0599551
0.0596608
0.0429454
0.0528408
0.0487017
0.0396194
0.0509788
0.0517821
0.0397409
0.0458219
0.0485297
0.0458929
0.0410534
0.0516072
0.0585392
0.0619425
0.0679416
0.0527789
0.0446344
0.0607779
0.0481274
0.043867
0.0449484
0.0455766
0.0549353
0.0434401
0.0539589
0.0524353
0.0413085
0.0451711
0.0440785
0.0448934
0.0618739
0.0629331
0.0492326
0.0552817
0.0489744
0.0402027
0.0501432
0.0419041
0.0374383
0.044342
0.0494496
0.0428847
0.0532415
0.0482459
0.0653723
0.056412
0.043453
0.0380592
0.0487823
0.0369463
0.0484876
0.0551678
0.0610339
0.0587675
0.053158
0.0563652
0.0398645
0.0398688
0.0403828
0.0479535
0.0438439
0.0427872
0.0447747
0.0452779
0.0414964
0.0401223
0.0459346
0.0473506
0.04681
0.0646486
0.0505677
0.0555899
0.0615564
0.0415432
0.0415672
0.0539463
0.0534988
0.0486499
0.0461118
0.0456528
0.0466555
0.0441488
0.0533793
0.0623029
0.0469214
0.0559393
0.0465881
0.0468559
0.0471489
0.0507042
0.0556278
0.0567599
0.0453009
0.0492151
0.0429017
0.0526663
0.0411528
0.0503944
0.038873
0.0407258
0.0449806
0.0451775
0.047346
0.0444867
0.0401844
0.0456737
0.0375396
0.0431276
0.0578476
0.0565322
0.0525172
0.0505919
0.0487158
0.0461105
0.0427891
0.0475751
0.052402
0.047535
0.04795
0.0560327
0.0618212
0.0507857
0.0641502
0.055
0.0439989
0.0456899
0.054391
0.0432922
0.0483031
0.0473536
0.0462279
0.0534496
0.047987
0.0441156
0.0452125
0.0566558
0.0476648
0.0489868
0.0433359
0.0486163
0.0538474
0.0473038
0.0495669
0.0452268
0.0383397
0.0578892
0.0548558
0.0495191
0.0505877
0.0575666
0.0395541
0.0410614
0.0416638
0.0537954
0.0492077
0.0451178
0.0459688
0.0552219
0.0512956
0.0492378
0.0447833
0.0622316
0.0568908
0.0503722
0.0447082
0.0474566
0.0492494
0.0451901
0.0484732
0.0509577
0.0666956
0.0414262
0.044644
0.0464985
0.0443015
0.0496333
0.0524202
0.0510118
0.0404596
0.0390538
0.0453146
0.0406458
0.0408802
0.0549539
0.0522495
0.0405244
0.0469814
0.0449169
0.0476269
0.0524084
0.0518094
0.0459022
0.0501746
0.0465692
0.0598077
0.0669844
0.0858909
0.0470522
0.0393246
0.0518652
0.0427123
0.0394089
0.0349215
0.0461623
0.0564642
0.0529626
0.0523578
0.0398216
0.0435365
0.0528892
0.050498
0.0599676
0.0451135
0.0534399
0.0436642
0.0637837
0.0529921
0.0580406
0.0339232
0.0544139
0.0430723
0.0489876
0.0426447
0.0431535
0.0517816
0.0523349
0.0455307
0.0582649
0.0435006
0.0534323
0.0674599
0.0587316
0.0397305
0.044144
0.0483043
0.0328865
0.0387099
0.047497
0.0610252
0.0465183
0.0505523
0.0629304
0.0609769
0.0489026
0.0451862
0.0437958
0.0388599
0.0368132
0.0420757
0.0435514
0.0396862
0.0425303
0.0449126
0.0398897
0.0508144
0.0518135
0.0576534
0.0497883
0.0521099
0.0511651
0.0599765
0.0582299
0.0470094
0.0390087
0.0508787
0.041454
0.0597105
0.0482556
0.0517614
0.0606892
0.0604603
0.0572442
0.047466
0.0436114
0.0531553
0.0441116
0.0532577
0.0488979
0.0433017
0.0376188
0.0487977
0.0405708
0.0497677
0.0560164
0.053373
0.0466929
0.0418097
0.0470893
0.0533749
0.0556661
0.0516673
0.0680767
0.0500143
0.0452451
0.0524128
0.0600565
0.0497582
0.0518906
0.0538836
0.0497128
0.041899
0.043996
0.050605
0.0453932
0.0612878
0.053961
0.0404977
0.0483076
0.0452433
0.0478171
0.0474108
0.0534637
0.0576281
0.0500396
0.0419875
0.044661
0.0571335
0.046581
0.0415082
0.0451793
0.0527487
0.0499036
0.0474992
0.0547226
0.0678012
0.0500734
0.0433027
0.0368919
0.0578311
0.0412379
0.0466065
0.0467881
0.0465123
0.0453167
0.0631641
0.043538
0.0466965
0.0540116
0.0436952
0.0430159
0.0502196
0.0513887
0.061612
0.0541971
0.0432932
0.0441381
0.0476705
0.0384233
0.0428512
0.0475487
0.0432275
0.0549896
0.0374838
0.040649
0.0480279
0.0542695
0.0520284
