1.25104
2.685
3.67288
4.05687
4.44389
4.69795
5.14245
5.33957
5.82471
6.01779
6.30261
6.64153
6.56143
6.32288
6.14731
6.3289
6.94246
7.02293
7.73779
7.53908
8.49704
7.62281
8.03402
7.49138
7.00331
6.7969
6.99035
7.07428
7.05057
7.02526
6.80024
7.32456
7.59746
7.25424
6.96075
6.86918
7.03984
6.93752
6.84184
6.45416
6.14484
6.31134
6.63086
6.93173
6.59956
6.82222
6.87696
7.30608
7.19287
7.3727
7.55002
7.97425
7.62933
7.49812
7.62646
7.27768
7.10658
6.7658
6.73424
6.62863
7.08618
7.06794
7.3221
7.72787
7.48876
7.98489
7.94204
7.95277
7.63725
7.84135
7.94285
7.5321
7.68702
7.78567
7.63376
7.59649
7.79375
7.96178
7.2965
7.14346
6.97163
7.08586
7.23303
6.91207
7.14299
7.92431
7.7056
7.68289
7.86753
7.52099
7.89111
7.50668
7.38298
7.45345
7.38143
7.3963
7.69012
8.00194
7.98644
7.92812
7.74877
7.94967
7.92917
8.28203
8.31679
8.14835
7.9136
7.98104
8.02708
7.76183
7.75453
7.63616
7.36898
7.3308
7.98808
8.21719
7.45181
7.45165
7.74264
7.93756
8.40608
8.91925
8.60724
8.94217
8.87658
8.5404
8.22902
7.62488
8.06591
7.97186
7.18427
7.38394
7.32554
7.31066
7.11178
7.20675
7.38939
7.44087
7.55773
7.58155
7.86727
7.63965
7.48331
8.21354
7.88822
7.98057
8.08289
8.05733
7.8729
7.71688
7.68651
7.84011
7.44174
7.28844
7.27064
7.21444
6.79939
7.25448
7.00702
7.53633
7.37739
7.09125
7.28505
7.64976
6.99953
7.38276
7.25988
7.33109
7.60035
7.01706
7.41824
7.30305
7.57183
7.39197
7.87991
7.63253
7.86946
7.47146
7.41853
8.01346
7.63574
7.65252
7.22063
7.38855
8.25007
7.98331
8.25037
8.62118
8.24891
8.33654
8.1496
8.62158
8.44771
8.10933
7.6709
7.95071
7.74505
8.00762
7.80694
7.74884
7.61063
7.76404
8.05098
7.88265
7.81445
7.76175
8.32424
8.53714
8.6629
8.45809
8.47053
7.78087
8.05958
8.10849
8.22816
8.66293
8.67043
8.15324
8.11629
8.01112
7.4918
7.47347
7.20897
7.41121
7.62649
7.29366
7.36056
7.56593
7.77827
7.86259
7.86183
7.9194
7.97093
7.98722
7.66015
7.59821
7.33966
7.2212
7.77213
8.23147
7.8229
7.30111
7.04396
6.70679
7.00174
7.07672
7.31382
7.31356
7.20801
7.70182
7.3849
7.8182
7.79658
7.5959
7.46201
7.15126
7.18524
7.15858
7.14611
6.88952
6.78396
6.8115
6.34064
6.52049
6.89513
7.3779
7.46717
7.03067
7.24126
7.08802
7.31754
7.6062
7.78072
7.48596
7.60587
8.02236
8.35195
7.93284
7.75431
8.18776
8.43752
8.49244
7.95989
7.75957
7.64242
7.02613
7.34092
7.38904
7.87238
8.21207
8.3877
8.07882
7.68835
7.62375
7.89911
8.38435
8.30197
7.74972
7.90984
7.79123
7.54496
7.4278
7.37183
7.10582
8.1364
8.25126
8.23645
8.07902
8.74212
8.8937
8.63981
8.97873
8.8076
8.28157
8.17955
8.42297
7.85259
7.85662
7.70277
7.48551
7.37918
7.81717
7.70165
7.65777
7.66498
7.42656
7.55993
7.76363
7.35777
7.18218
7.23479
7.11415
7.0575
7.31008
7.09893
7.59062
7.78658
7.68401
7.12563
7.45695
7.38755
7.30316
7.23912
6.9922
7.30944
7.12638
6.50731
7.24392
7.69756
7.46112
7.39996
7.31153
7.29227
7.29926
7.44871
8.33125
8.10401
7.91302
7.84053
7.97996
7.66929
7.9925
8.45636
8.06816
7.63859
7.58463
7.46317
7.95577
7.44313
7.35544
7.66585
7.87604
7.73691
7.70036
7.66712
7.78627
7.72704
7.58794
7.55514
7.21067
7.30611
7.64122
7.45152
7.04911
7.37094
7.22977
6.91688
7.40204
7.60637
6.99152
6.82335
6.88815
7.67272
8.20032
7.94674
7.8577
7.65099
7.2718
7.07602
6.86435
7.24159
7.18025
7.54264
7.52837
7.67283
7.3688
7.4014
7.59242
7.42809
7.07146
6.91009
6.85307
7.05013
6.97413
7.28851
7.74274
7.49133
7.87012
7.4062
7.55146
7.47561
7.35364
6.84781
7.17337
7.14494
6.98835
7.73183
8.12769
8.00516
8.0213
8.19656
8.14896
8.04763
7.8561
8.15809
7.53203
7.3631
7.61903
7.51688
7.46256
7.38548
6.79698
6.66391
6.59715
6.85684
7.34603
7.26179
7.44921
7.26205
7.57292
7.60315
7.89141
7.59112
7.6363
7.8104
8.07091
8.23919
7.99491
8.3209
7.79645
7.71978
7.75353
7.49285
7.49118
7.38105
7.37695
7.54563
7.1785
6.77535
6.70976
6.7532
6.97062
6.89344
7.25327
7.67214
7.30973
7.69251
7.76253
7.13672
7.09088
7.26576
7.34596
7.53815
7.22888
7.76729
8.10431
8.04887
7.86305
7.42081
7.66928
7.7894
7.52408
7.82335
8.26446
8.03876
7.77288
7.78599
7.1367
7.14002
7.23385
7.4068
7.16893
6.98141
7.05096
7.27964
7.10063
6.67828
6.62236
6.43371
6.7452
6.36689
6.17712
6.5651
6.71451
6.80994
7.34137
7.07694
7.50361
6.96669
6.9277
6.64114
6.99038
6.92974
6.97823
6.75163
6.50562
6.74362
6.48411
6.46037
6.89494
6.64983
6.72356
6.82629
6.95023
6.88384
6.7373
7.04346
6.61411
6.64285
6.64656
6.81789
6.96467
7.14769
7.47925
7.76729
7.32049
7.11431
7.18113
7.31213
7.62655
7.54615
7.60773
7.84372
8.10879
7.92761
8.04446
8.26932
8.07164
7.3417
7.50857
8.02616
7.707
7.08318
7.19266
7.48592
7.70301
7.98923
8.35073
8.19086
8.44872
7.68535
7.71343
7.4913
7.57476
7.68985
7.56156
8.08432
7.7241
7.29221
7.4329
7.47318
7.26256
7.55712
7.28746
7.66897
7.74306
7.54503
7.75364
7.75017
7.6897
7.21385
7.49915
7.42688
7.4359
7.40325
7.15738
7.66876
7.65455
7.80266
7.76948
7.75659
7.87339
7.97681
7.89846
7.85422
7.67685
7.78506
7.60986
7.46491
7.50161
7.52742
7.29377
7.07326
6.45512
6.5788
6.82752
7.19881
7.14468
6.97432
6.75111
7.04072
7.09857
7.17968
7.05237
7.36738
6.88518
6.93206
6.85096
7.18632
7.53406
6.99234
7.03409
7.35067
7.19464
6.53366
6.74116
6.45231
6.5169
6.29219
6.57435
7.02088
7.41173
7.75048
7.43783
7.61619
7.41958
7.36764
7.31855
6.73985
7.02737
7.06679
7.08804
7.15694
6.97583
7.15553
7.15286
7.21562
7.37718
7.16721
6.78455
7.02682
7.00724
6.7627
6.44247
6.88917
7.43372
7.91757
7.96191
7.87419
7.60173
7.11531
7.61361
7.51233
7.52717
7.1413
7.27479
7.22564
7.04682
6.85899
6.83971
6.9083
7.1918
7.06353
7.14467
7.12068
7.23863
6.89073
6.94472
6.92023
6.9645
7.14082
6.89566
6.91308
6.66886
7.38045
7.57783
7.68557
7.99456
7.87173
7.62198
7.62619
7.88998
8.01434
8.10654
7.69805
7.35377
7.67394
7.27655
7.44285
7.44555
7.36901
7.42787
7.41025
7.47182
7.35652
7.50659
7.4697
7.7427
7.84124
7.23531
7.70306
7.77692
7.65416
7.75393
7.84501
8.1394
7.9926
7.98519
7.42075
7.1747
7.55868
7.83798
7.71205
7.53803
7.67217
7.91157
7.83209
7.49906
7.49691
7.61138
8.18174
7.72298
7.22628
7.60205
7.3293
7.42489
7.24767
7.23013
7.25526
7.50178
7.30379
8.28276
8.34791
8.29367
7.61303
7.46652
7.73777
7.77479
7.78049
7.5733
7.36577
7.84599
8.11611
7.70302
7.70053
8.04946
7.82878
8.13646
7.99963
8.28468
7.57031
7.2305
7.35921
7.07493
7.20998
7.15197
7.03238
7.25533
7.6903
7.68136
7.839
7.70232
7.41879
7.35546
7.37881
7.10698
7.52031
7.56856
7.44056
6.99999
6.86339
6.74412
6.58762
6.80641
6.77717
6.74636
6.90867
7.40366
7.65854
7.62571
7.53069
8.11333
8.20478
7.64773
7.42613
7.63406
7.48262
7.43705
7.5908
7.73619
7.64843
8.04261
8.21482
8.1111
7.71533
7.33881
7.1661
7.12353
7.38378
7.33917
7.72431
7.64379
7.57971
8.02857
7.69718
7.42373
7.44328
7.43922
7.95701
7.97376
8.04356
8.26452
8.11363
8.23954
8.40217
8.09361
8.29325
8.19433
8.24976
7.90166
8.05787
7.75523
7.5749
7.37772
7.57734
7.18245
7.28544
6.74237
7.05001
7.09235
7.13433
7.07547
7.06395
7.45708
7.42218
7.74162
7.09515
6.95077
6.97279
6.58493
6.69183
6.95048
6.63458
6.74554
6.65964
6.78891
6.70812
6.60786
6.62784
6.76997
6.52377
6.55662
6.42831
6.99427
7.03986
7.0391
7.03716
7.35223
7.36025
7.27174
7.23764
7.43925
7.47608
7.28272
7.59823
7.1839
7.57345
7.69768
7.72891
7.90447
7.74162
7.97807
7.95964
8.23821
8.13644
8.04155
8.09282
7.74346
7.38144
7.22897
7.03217
7.34594
7.15625
7.19212
7.26382
6.89783
7.19612
7.10052
6.5776
6.94763
7.08445
7.12471
7.6037
7.42926
6.99308
7.24188
7.30395
7.52793
7.82404
7.57382
7.46511
7.61137
7.85583
7.79883
7.84055
7.63466
7.2522
6.96839
6.74215
6.44239
6.74205
6.9558
7.39741
7.30367
7.36608
6.92461
7.22744
7.51748
7.49895
7.75824
7.79483
8.03043
7.98897
7.24052
7.07943
6.9548
6.81453
7.01042
7.37337
6.85929
7.19764
7.52145
7.06831
7.90893
7.68346
8.10215
7.97751
7.42974
7.2412
7.72986
8.02183
8.0325
7.85311
7.87031
7.7885
8.00119
7.74807
7.88058
8.12029
7.65361
7.31088
6.82234
6.93503
6.93168
7.17395
7.32627
7.38049
7.12259
7.25956
7.32181
7.20671
6.99172
7.19024
7.68513
8.11542
7.87746
7.92363
7.8875
7.98267
8.18227
7.73395
7.81451
7.53212
7.71715
7.52047
7.09472
7.04825
7.11159
7.20625
7.05449
7.33212
7.42976
7.39585
6.82208
7.078
7.1978
7.07395
6.82637
6.662
7.20797
7.00099
7.00553
7.49593
7.49054
7.89652
7.77371
8.18233
7.86784
7.86422
7.80483
7.90043
7.69925
8.18101
8.03933
7.74817
7.89112
7.88011
8.15581
8.31715
7.84974
8.1478
8.58894
8.78643
8.7684
8.78078
8.22117
8.23184
7.44924
7.66074
7.95171
7.90984
8.01636
8.13925
8.08592
8.41711
8.11033
7.47678
7.80961
7.88357
7.74969
7.91895
7.70016
7.5752
7.44304
7.59746
7.33961
7.82287
7.95583
8.27157
8.22855
8.20599
7.93321
7.73406
7.57189
7.02363
7.34227
7.30926
7.61566
8.06584
8.01288
8.04237
8.03942
8.13432
8.07868
8.42132
8.63794
8.34082
8.06483
8.2317
8.84094
8.75957
8.64914
8.46436
8.2742
8.55508
8.12722
8.42818
8.37485
8.3168
8.427
8.74679
8.65722
8.20456
7.92454
8.11888
7.85709
7.99812
8.01101
8.16801
8.02537
7.79529
7.64216
7.35075
7.53571
7.07683
7.08367
7.25424
7.88796
7.69516
7.83929
7.7508
7.87986
7.70958
7.5996
7.2379
6.92353
7.29811
7.34708
7.16873
7.16235
7.26517
7.27804
7.29977
7.28811
7.0664
7.17754
7.43881
7.76059
7.45502
7.62561
7.47964
7.84804
8.41917
8.56545
7.87569
7.77262
7.65379
7.20803
7.03406
7.12791
7.27491
6.95347
7.4744
7.50454
7.85048
7.3198
7.25626
7.25264
6.93582
7.8203
7.68992
8.00862
7.95984
7.793
7.77332
7.67118
7.39302
7.64328
8.13917
8.30976
7.92221
7.99914
7.65962
7.4123
7.09325
7.12056
7.00214
6.95021
6.5453
6.7185
7.00692
7.22029
7.13117
7.31948
7.70499
7.53064
7.13082
6.97751
7.00046
7.29635
7.68873
7.58542
7.24032
7.48538
7.8314
7.27041
7.6124
7.44992
7.30779
7.27878
7.1341
7.13545
6.90221
7.47077
7.08827
6.99619
7.00493
7.13087
7.52112
7.72083
8.00538
8.28516
7.98692
8.00475
8.12803
7.61958
7.51504
7.48098
7.3683
7.91711
7.49912
7.31407
6.97515
7.09134
7.32595
7.62008
7.50603
7.7812
7.533
7.43636
7.48384
7.59045
7.51928
7.67722
7.37025
7.73503
8.08709
8.64845
8.95051
9.16674
8.75015
8.79086
8.2421
8.37964
8.30072
8.13131
8.16301
8.2489
7.94923
8.0501
8.13907
8.30378
7.97087
8.1815
8.03876
7.79377
7.909
7.70848
7.69011
7.34644
7.4697
7.35523
7.10124
7.2735
7.31866
7.36936
7.64838
7.50116
7.52927
7.72273
7.52871
7.48737
7.32827
7.71638
7.72628
7.74875
7.81472
7.47483
7.22423
7.15735
7.53197
7.34692
7.57474
7.6978
7.27625
7.11993
7.39304
7.62772
7.57747
8.02728
8.29355
8.00805
7.73388
8.0479
7.93911
8.20958
8.39833
8.49441
8.00729
8.12305
8.6723
8.93888
8.64972
8.64892
8.62803
8.37276
8.3769
8.48066
8.66739
8.49274
7.89654
8.26336
7.77269
8.1354
8.40208
8.26094
8.18646
7.82692
7.85198
7.90499
8.00336
8.37107
7.85891
8.33616
8.38819
8.51649
8.6107
8.40033
8.82284
8.41936
8.85749
8.59559
8.22194
8.14447
8.22223
8.04867
8.18746
8.27756
8.05122
7.87918
7.40845
7.95637
8.1775
8.13786
8.07945
8.34841
7.54413
7.17178
7.27618
7.23969
7.04727
7.05291
7.10701
7.30761
7.47627
7.28003
7.00281
7.49135
7.57735
7.24564
7.40137
7.53881
7.72957
7.54092
7.2733
7.28786
7.71945
7.38361
7.81133
7.71242
8.11188
8.13707
7.65264
7.91533
7.87737
7.85768
7.58428
7.64077
7.94502
7.94095
8.02127
7.58609
7.50482
7.79741
7.7812
7.67023
7.60584
7.92313
7.94854
8.02285
8.00835
7.98497
7.80707
8.19385
8.55075
8.45639
8.23815
8.34176
8.52755
8.57807
8.52251
8.29009
7.98987
7.67595
7.28666
7.30633
7.80144
8.03332
7.79484
7.44373
7.3978
7.65505
7.36298
7.12743
7.30931
7.41723
7.4657
7.53673
7.60458
7.75015
7.9876
7.8615
7.80476
8.29048
8.35781
8.35061
8.55611
8.21183
7.82441
7.38957
7.19897
7.53237
7.3653
7.51645
8.1352
7.52077
8.15948
8.44957
8.4284
7.96246
7.69431
7.8587
7.3991
7.07655
6.92995
6.69521
6.95136
6.8788
7.01609
6.97494
7.09608
6.98811
6.60682
7.14362
7.45795
7.66223
7.57528
6.85171
7.25426
7.51846
7.53605
7.44285
7.70852
7.04457
7.18927
7.48417
7.61808
7.57698
7.34823
7.34272
7.08454
6.95302
6.87364
6.62
6.50575
6.97535
6.53003
6.82223
6.909
7.23519
7.1135
7.34149
7.71626
7.49364
7.19993
7.29508
7.00759
7.04007
6.99263
7.20458
7.03985
7.63611
7.622
7.52846
7.509
7.32758
7.33424
7.47046
7.50854
7.47447
7.4158
7.4496
7.6824
7.42652
7.17597
7.58961
7.78018
7.51199
7.39343
7.44001
7.25643
7.56087
7.30189
7.15859
7.01088
7.46477
7.25346
7.62938
7.81147
8.21946
7.8399
8.03519
7.94845
7.6015
7.08284
7.22617
7.36859
7.46907
7.51199
7.49825
7.70583
7.44786
7.35357
7.70952
7.47769
7.35987
7.52731
7.63993
7.61137
7.54366
7.00093
7.07705
7.52669
7.85634
7.94462
7.82302
7.63694
7.12771
7.15018
6.89358
7.16384
7.38664
7.86619
7.94852
7.96134
8.56793
8.40409
8.43898
8.39915
8.06851
7.98497
8.04759
7.90983
7.92489
8.02839
8.26088
8.11189
8.1657
8.12638
8.54658
8.50372
8.24618
8.26078
7.92096
7.76756
8.2227
8.33124
8.87041
8.4288
8.16298
8.31938
7.89002
8.02062
8.36553
8.09671
7.51738
7.5007
7.65629
7.88129
8.11825
8.05165
8.02002
7.8375
8.21151
8.24245
8.1532
8.71372
8.47227
8.38462
8.19242
8.47523
7.75
7.78624
7.91293
8.06361
7.77205
7.5962
7.64606
7.7461
7.84069
8.1442
8.10468
7.98294
7.70074
7.8084
7.82073
7.37232
7.56195
7.15102
7.92048
7.96903
8.11467
8.28936
7.90517
8.26777
8.04753
7.63286
7.31032
7.35339
7.46234
7.25111
7.51764
8.15793
8.46402
8.09689
7.72372
8.04925
8.48008
8.77544
8.71426
8.78536
8.82196
8.39516
8.08429
8.26649
8.70087
8.67249
8.86881
8.90165
8.88634
9.18335
8.93379
9.00587
9.25421
9.17547
8.64274
9.06694
9.19217
9.01887
9.26197
8.84201
8.53435
8.67852
8.57684
9.03084
8.72427
8.74121
8.60292
8.92298
8.92547
8.24885
8.31496
8.2754
7.80087
7.79069
7.62486
7.86991
7.85571
8.12808
7.90456
8.06855
8.13328
8.16034
8.1652
8.05091
7.56575
7.80953
7.37917
7.42641
7.24815
7.28306
7.34108
7.78904
7.48789
7.40176
7.08912
7.50813
7.58558
7.36101
6.78288
6.99496
7.24329
7.63613
7.16289
7.19113
7.80963
7.60332
7.48325
7.59221
7.57512
7.26966
7.49991
7.58687
7.63045
7.58444
7.46138
7.55422
7.35737
7.37589
7.31582
8.1219
8.14711
7.80222
7.72315
8.35807
7.76537
7.91416
7.70769
7.64265
7.71692
7.25567
7.12583
7.12297
7.13593
7.1514
7.29638
7.20537
7.32883
7.31862
6.94383
6.67734
6.39205
6.64265
6.9713
6.95275
7.68772
7.7133
8.09783
7.90457
7.97915
7.87153
7.96452
7.76987
7.80454
8.29447
8.2145
7.95416
7.60657
7.86769
8.19607
7.92654
7.84159
7.83753
8.04991
7.91984
7.88603
7.78931
7.49755
8.00992
7.9179
7.8577
7.55318
7.65922
7.73687
7.82324
7.59273
7.42274
7.16022
6.94925
7.46278
7.18555
7.42813
7.35771
7.87534
8.0811
7.58259
8.07209
7.86124
8.00943
7.82536
7.58315
7.68802
7.46938
7.71028
7.6141
7.75731
8.07416
8.00639
8.29768
8.04419
8.10588
7.73549
7.74726
8.30513
8.67213
8.61298
8.59481
8.11506
7.75455
7.56594
7.35785
7.97929
8.25162
8.40795
8.40022
8.18012
7.98579
8.25583
8.36282
8.48207
8.51007
8.4904
8.71203
8.58274
7.96317
7.6966
7.71984
7.51186
7.22332
6.9206
7.02306
7.23712
7.37175
7.6215
7.43248
7.85581
7.86981
8.21049
8.19614
7.83423
8.15002
8.32046
8.13738
7.66533
7.46179
7.75176
7.99246
8.02471
7.92085
7.5918
7.68047
7.83598
7.89723
7.76114
8.13287
7.80721
7.36011
6.9984
7.05701
7.25882
7.17792
7.26308
7.49912
7.52444
7.72427
7.5873
6.6961
7.13611
7.28705
7.00548
7.03341
7.46823
7.47333
7.14032
7.01148
6.8521
6.99896
6.96486
6.90186
7.34844
7.21083
7.36752
7.2812
7.54323
7.61759
7.53002
7.53697
7.37573
7.1937
7.26105
7.40591
7.55557
7.94696
7.99337
8.16451
8.20297
7.96831
7.57654
7.26738
6.85301
7.19456
7.11902
7.46973
7.51659
7.22958
7.26519
7.27179
7.23762
7.4413
7.40073
7.45288
7.53363
7.3879
7.13791
6.85726
7.11296
7.57782
7.22802
6.97967
6.75504
6.52944
6.29505
6.63285
6.43426
6.88018
7.42402
7.75568
7.63161
7.17428
7.03897
7.0361
7.00854
6.9501
7.07157
6.69915
7.08423
7.07479
7.12579
7.288
7.58834
7.67805
7.35439
7.00387
6.95498
6.66772
6.72659
6.88984
6.73767
6.5792
6.51081
6.4776
6.49542
6.3536
6.6596
7.21697
7.18826
7.44087
7.62759
7.1192
7.30342
7.70316
7.6162
7.49524
7.75067
7.53602
7.30211
7.22226
7.23838
6.78138
7.00123
6.88046
6.87407
6.86688
6.76669
6.64517
6.98643
6.71462
6.56609
6.91065
7.25986
7.06974
7.38091
6.95923
7.04557
6.90172
7.26017
7.08979
7.50139
7.57638
7.75049
7.39467
7.28222
7.43061
7.29717
7.272
7.28844
7.15248
7.33051
7.58249
7.42337
7.31665
7.61612
7.69566
7.4675
7.30423
7.7859
7.56683
7.32787
7.65601
7.45387
7.19623
7.40239
7.45846
7.67226
7.54702
7.86629
7.89229
8.01616
7.31833
7.2623
6.86307
6.88721
7.0839
7.22124
7.30722
7.30218
7.68363
7.30029
7.74699
7.60541
8.04821
7.88237
7.38795
7.2343
7.86973
7.49113
7.16508
7.14843
7.00142
7.48572
8.00073
7.99203
7.69786
7.7035
8.10868
8.0771
7.49235
7.34393
7.48133
7.87662
8.63362
8.25922
8.35501
8.99766
8.38214
8.21961
8.10841
8.37206
8.48736
8.66969
8.55725
7.85952
8.0213
8.04387
8.03574
7.52582
7.48499
7.65355
8.00509
8.04964
8.24268
7.85143
8.20303
7.80007
7.58219
7.54956
7.30268
6.88336
7.08613
7.19685
7.31547
7.24554
7.24166
7.24159
7.51575
7.543
7.47441
7.23421
7.27122
7.41114
7.78725
8.00108
7.88869
7.8598
7.49989
7.02262
6.85242
6.90273
7.15141
6.73709
6.47111
6.50111
6.46365
6.66782
6.63789
7.05159
6.97815
7.13307
7.25756
7.09074
7.0923
7.68594
8.25446
7.64157
7.5352
7.59822
7.70747
8.16042
7.93136
7.42803
7.70109
7.55991
7.21826
7.66079
7.41002
7.42097
7.95283
8.39046
8.47787
9.11384
8.90577
8.80684
8.4881
8.47484
7.9744
8.08672
7.89756
7.74896
7.82967
7.83612
8.2979
8.03892
8.16406
8.25896
7.89033
7.79345
8.15614
7.96456
8.48262
7.97021
7.73374
7.82252
7.99577
8.29088
7.78001
8.15172
7.67896
7.1815
6.57497
7.1837
7.36659
7.84673
7.70489
7.2982
7.3499
7.21418
7.3474
7.48235
7.60855
8.00614
7.95568
7.54642
7.61573
7.3663
7.45652
7.84608
7.52625
7.02845
7.34196
7.14565
7.3287
6.85414
6.68211
6.93973
7.26976
6.98146
6.89144
7.2059
7.79336
8.05658
8.04085
7.80883
7.64031
7.47409
7.8948
7.57024
7.64817
7.66441
7.62966
7.89406
8.21875
8.01554
7.84016
8.05384
7.43841
7.26481
6.76797
7.10812
7.22339
7.65041
7.78782
7.41599
7.5708
7.59139
7.53637
7.52133
7.35047
7.08723
6.94149
6.72535
7.44192
6.83331
7.20958
7.33481
7.26293
7.47157
7.86458
7.18348
7.26575
7.42922
7.38894
7.15493
7.34253
7.30971
7.41064
7.40952
7.12608
7.17127
7.1369
6.94099
6.60692
6.64721
6.66367
6.46758
6.71814
6.97193
7.12155
7.19082
6.99755
7.26226
7.69592
8.0848
7.62736
7.31673
7.22631
7.30813
7.19516
7.38954
7.29453
7.02068
7.21159
6.976
7.23761
7.57743
7.39366
7.18865
7.14349
7.73713
7.53308
7.34413
7.77127
7.78062
7.56347
7.43715
7.22389
7.30446
7.20516
7.6187
7.83404
7.8821
7.90222
8.05199
8.65035
8.11737
8.40552
8.49063
8.18608
8.47335
8.35916
8.60717
8.75885
8.81672
9.09564
8.98131
8.27232
7.85965
7.70207
7.71592
8.07183
8.25353
8.28827
8.22583
7.76511
7.76396
7.85451
7.8465
7.42795
7.18909
7.22811
7.69356
7.71492
7.50167
7.5199
7.57672
7.883
7.94018
7.65328
7.52648
7.42594
7.36554
7.69648
8.00101
7.88178
7.77303
7.77211
7.8748
8.44919
8.06082
8.07358
7.62287
7.79918
7.85441
7.73619
7.56611
7.46685
7.37294
7.45121
7.2194
7.1407
7.2425
6.96906
7.16192
7.38871
6.70818
6.80298
7.08925
7.11393
6.98171
7.08063
6.94545
7.17069
7.58817
7.56123
7.54226
7.56033
7.70136
8.1621
7.6744
7.64405
7.57694
7.84161
7.64956
7.55194
7.2441
7.13219
7.17233
7.08041
7.09985
6.97551
6.50333
6.43294
6.42484
6.50806
6.65657
6.73143
7.12826
7.59528
7.52718
7.99223
7.68957
7.83099
7.57775
7.6662
7.58277
7.43092
7.47699
7.81755
7.80688
7.37754
7.3811
7.8154
7.7711
7.72385
7.70379
7.87474
7.75018
7.572
7.49781
7.23002
6.99578
7.51732
7.7559
7.7372
8.51341
8.24869
8.62802
8.48605
8.42033
7.86075
8.07319
8.28731
8.09724
7.54885
7.46201
7.85662
8.02326
7.94025
7.68736
8.03637
8.03681
7.4171
7.32244
7.18742
7.5361
7.31792
8.07588
7.98378
7.59885
7.3573
7.33359
7.57683
8.08872
7.54803
7.85797
7.75396
7.90755
8.39463
8.39977
8.22744
7.78944
8.03079
7.85123
7.73786
7.96054
7.80367
7.97864
8.0324
7.55893
7.36417
7.32511
7.13561
6.74736
6.94667
6.94466
6.81064
7.29962
7.15068
7.4845
7.71281
8.09435
8.18028
8.23465
8.12259
7.63407
7.21873
6.86024
7.14431
7.1271
7.13418
7.27224
7.42039
7.60728
7.61377
7.60457
7.59089
7.77817
7.71006
7.67841
7.29951
7.06497
7.14162
6.90348
7.26924
7.61276
7.19841
7.33584
7.37191
7.19644
6.82511
7.14889
7.11464
7.27756
7.27711
7.36793
7.55127
7.31126
7.16928
7.28992
7.41741
7.12589
7.35469
7.03101
7.36123
7.68036
7.64032
7.53678
7.21767
7.06231
7.08345
7.12518
7.43907
7.5872
7.7845
7.77193
7.43145
7.73943
7.82214
7.78828
7.86097
7.63437
7.88831
7.68174
7.78726
7.79079
7.17532
6.52648
6.89279
7.32512
7.06838
7.15094
7.53138
7.15293
7.72784
7.52808
7.44958
7.51346
7.4772
7.55376
7.25992
7.13789
7.22135
7.33888
7.18793
7.45732
7.7916
8.53819
7.71721
7.6922
7.9512
7.51392
7.93843
7.66268
7.96157
7.42262
7.2464
7.23581
7.23153
7.45708
7.64637
7.55324
7.76326
8.10169
8.00095
7.76542
7.4674
7.41981
7.35976
7.38154
7.3902
7.45648
7.40753
7.73525
7.9524
7.62712
7.41615
7.50314
8.03312
7.49915
7.65247
7.43615
6.99272
7.03225
7.58275
7.19341
7.39561
7.11034
7.116
7.23795
7.28824
7.30121
7.33192
7.9965
8.16733
8.11625
8.00791
7.77982
7.6306
7.821
7.38963
7.52023
7.08588
7.22367
7.29813
7.21729
7.05985
6.88011
6.81326
7.02894
7.28476
7.82109
7.80825
7.33278
7.34272
7.4765
8.06619
7.84566
7.71697
7.48789
7.84152
7.55447
7.2721
7.65038
7.87558
8.09702
7.61711
7.74396
7.34452
7.30944
6.86502
7.10912
7.26852
7.12176
7.21022
7.3809
7.59828
7.43198
7.40166
7.14058
7.03057
7.28903
7.20563
7.47631
7.58745
7.23953
7.42922
7.58116
7.46958
7.94229
8.0602
8.05914
8.57995
8.44169
7.1783
7.53871
7.97787
8.02234
7.7544
7.88037
8.11736
7.95222
7.64757
7.74941
7.52877
7.75747
7.92829
7.49478
7.37852
7.78621
7.60705
7.54492
7.17134
7.71064
7.45836
7.8143
7.41305
6.99828
7.25508
7.21131
6.89
6.7354
6.92068
7.07192
7.05944
6.87006
6.70814
6.66278
7.11895
7.32282
6.8912
6.94703
6.91489
6.61451
6.8569
7.04149
7.37917
7.37221
7.3844
7.22635
7.43521
7.39852
7.96227
7.6311
7.49503
7.04353
7.1647
6.92707
6.63982
7.12497
6.84671
7.13934
7.2561
7.1834
7.47635
7.22979
7.35448
7.05227
7.49704
7.04529
7.15495
7.67725
7.58794
7.60914
7.52025
7.21107
7.49152
6.85758
7.24134
7.58906
7.34616
7.12157
7.44755
7.26577
6.93298
7.26536
7.5269
7.16955
7.39299
7.3255
7.14507
7.35111
7.37191
7.73448
8.03035
7.96771
7.60685
7.38102
7.41216
7.2064
7.1896
6.89261
7.22414
8.12742
7.85541
7.57984
7.23232
7.83757
7.17553
7.24589
7.21559
7.16675
7.55138
7.20251
7.30027
7.53105
7.20416
7.4821
7.13643
6.83148
7.23842
7.49734
7.95234
7.96717
7.45192
7.56709
7.79477
8.10538
7.99849
7.45955
7.74081
7.78569
7.81248
7.79112
7.98445
8.21914
8.2604
8.39653
8.70043
8.63707
8.77654
8.74061
8.51174
8.97977
8.99512
8.53415
8.60164
8.25848
8.36288
8.39134
8.62067
8.14157
8.01802
7.65116
7.92544
7.99377
7.96766
7.70923
7.94714
7.70512
8.15304
8.21744
8.41806
8.02019
8.11834
7.88642
7.84391
7.67106
7.59996
7.89907
8.01319
7.96595
8.06478
7.9454
8.39527
8.22773
8.41804
8.63198
8.42347
8.86741
9.00397
9.11955
8.92583
8.52559
8.45385
8.35667
8.38763
8.21714
8.53395
8.73799
8.59478
8.3801
8.42108
8.85781
9.13646
9.31575
9.05172
8.80135
8.40051
7.93671
8.13733
8.17974
8.42252
8.24998
7.99849
7.99862
7.99203
7.84724
7.61315
7.79362
8.34852
8.19529
7.8389
7.67883
7.92649
7.76562
7.54669
7.18863
7.52571
7.60544
7.71794
7.79857
7.23398
7.46496
7.58519
7.75464
8.24328
8.30329
8.27287
8.30868
8.22187
8.29652
8.62036
8.26669
8.09568
8.247
7.7208
7.81581
7.91899
8.13301
7.90373
8.05275
7.71323
8.08782
8.12109
8.02748
8.49662
9.16865
8.70681
8.76532
8.81812
8.66054
7.81541
7.55847
7.30847
7.03998
6.97649
6.9631
6.9691
7.21291
7.50312
7.52271
7.63944
7.43785
7.36962
7.56438
8.09336
7.70189
8.56904
8.26132
7.88047
8.15236
8.59597
8.24438
8.47846
8.67304
8.86329
8.8548
8.49823
8.33209
8.56274
8.39061
8.56962
8.518
8.09242
7.95263
8.22231
8.00783
7.93811
7.44601
7.77074
7.68959
7.72425
7.97453
7.78604
8.07822
8.5821
8.44613
8.32429
8.01228
7.94711
7.79992
7.71121
7.2609
7.5337
7.82391
7.38662
7.26298
7.4483
8.14692
8.22994
8.39462
8.34125
8.47894
8.35644
8.36767
8.21326
8.05225
8.06679
7.99035
7.52286
7.80464
8.43636
8.09547
7.79962
7.64392
7.34872
7.79057
7.51032
7.7544
7.43599
7.15277
7.19053
7.44097
7.85589
7.50647
7.28381
7.66818
7.65958
7.98295
7.9413
7.70174
7.99602
7.87135
7.63407
7.51036
7.32627
7.54097
7.28966
7.28326
7.11896
7.01226
7.09754
7.14937
7.04369
7.30337
7.08851
6.87774
7.16317
7.0923
6.72638
7.13903
7.76957
7.644
7.33244
7.42531
7.43069
7.4762
7.38303
7.33614
7.62137
7.48616
7.23925
7.08157
6.89523
6.62183
6.70422
6.35387
6.53335
6.81608
6.45889
6.36169
6.66337
6.64015
6.81703
7.068
7.05536
7.20649
7.33861
7.3686
7.50562
7.69486
7.73072
7.49231
7.59516
7.58523
7.52159
7.93675
8.05091
8.05996
7.90579
8.29569
7.91813
7.6716
8.02995
7.73285
7.88788
7.50918
7.58898
7.77131
7.8647
8.24733
8.07463
7.93132
7.98776
8.01449
7.63315
7.51069
7.66253
7.69096
7.82294
8.11436
8.5024
8.28985
8.23696
7.54929
7.55257
7.62529
7.67341
6.98306
6.6999
7.16816
7.47869
8.14056
7.98672
8.22625
7.89282
8.12345
8.48149
8.18517
7.87996
7.92163
7.97623
7.55428
7.77092
7.59233
7.6908
7.61314
7.62581
7.39878
7.56584
7.68434
7.53893
8.02629
8.1892
8.17975
8.10988
7.934
8.21272
8.13701
7.5399
8.07783
8.2722
8.30383
8.45833
8.4006
8.30269
8.41195
8.53337
8.66465
8.42165
8.41648
7.97261
7.96208
7.97995
7.76603
7.69828
7.87355
7.47406
7.61176
7.39978
7.21257
7.31929
7.35319
7.48323
7.33274
7.25407
7.36343
7.47344
7.70145
7.81106
7.80315
7.87356
7.99998
8.3236
8.35506
8.4774
8.15395
7.55245
7.40021
7.78267
7.95193
7.96514
8.28287
8.17187
8.28565
8.76284
8.56451
8.99323
8.82393
8.60806
8.4037
8.52706
8.27539
8.16965
7.85952
7.94632
7.69837
7.54321
8.35868
8.35239
8.68337
8.68317
8.27789
8.11432
8.06677
8.0697
7.65723
7.54353
7.35216
7.41335
7.11028
7.42955
7.9323
7.4877
7.34786
7.05307
7.53141
6.95142
6.9463
7.32845
7.23518
7.49844
7.53216
7.70032
7.30658
7.56336
7.68846
8.19229
8.27914
8.09801
7.83533
7.59361
7.41933
7.64492
8.03028
8.05213
7.6809
7.91656
7.69738
7.79497
7.99594
7.42108
7.67208
7.42134
7.46959
7.49328
8.09692
8.08388
8.24957
7.81683
8.08964
8.04981
8.17225
8.05976
8.22649
8.50949
8.29256
7.8906
7.85055
7.39613
7.31224
7.64796
7.82484
7.25248
7.33602
6.85909
6.69808
6.6149
6.75467
7.07115
6.68949
6.87936
7.19682
7.23302
6.7819
7.18849
7.05614
7.23551
7.61746
7.62458
7.73771
7.78092
7.66792
7.53556
7.14722
7.04946
7.11463
6.9022
7.04681
7.1718
7.55979
7.87683
8.12511
7.61618
7.50243
7.94569
8.09444
8.3022
8.20212
8.07637
7.78896
7.76791
7.47065
7.80571
7.8627
8.17487
8.26165
7.90348
7.96217
7.98436
7.51271
7.41019
7.54976
7.32965
7.71333
7.49386
7.71181
7.27687
7.22513
7.35647
7.39024
7.69215
7.52959
7.93877
7.72825
7.89254
7.91375
7.81105
7.96992
8.07845
8.13889
8.23404
7.62785
7.96626
7.75204
7.6753
7.47733
7.4571
7.37817
7.45144
7.10037
7.16022
7.51158
7.62566
7.55324
7.42481
7.04648
7.24282
7.32357
7.28622
7.17691
7.34182
7.24382
6.9132
6.8607
6.75743
7.18849
7.18564
6.84069
6.90632
7.15462
6.98766
7.13658
7.07692
7.12481
7.63088
7.5693
7.59998
7.58102
7.59253
7.42074
7.53117
6.94238
6.90336
6.62972
6.73721
6.78836
7.01651
6.92426
7.00016
7.09772
7.46509
7.41333
7.37158
7.30685
7.44847
7.65503
8.11574
8.35051
8.01821
7.33165
7.29738
7.2671
7.21835
7.32336
7.49848
7.22331
6.72168
6.89606
6.92499
7.25726
7.72915
7.27972
7.18262
7.84756
7.49146
7.65564
7.32417
7.94243
7.76427
7.37206
7.27607
7.25774
7.01064
7.48025
7.6237
7.48603
7.51367
7.94019
7.85278
7.99656
7.6371
7.90312
7.69425
7.71397
7.67504
7.76153
7.65541
7.30489
7.32181
7.60894
7.75082
7.69518
7.40153
7.71829
8.12642
7.87739
7.85042
7.37496
7.26529
7.45551
7.29323
6.63339
6.76176
6.68391
6.84892
6.96754
6.71561
7.02557
7.06083
7.20223
6.79579
6.4311
6.9438
7.07749
6.87035
7.47769
7.61452
7.05302
7.04247
6.98821
7.02799
7.18302
7.01688
7.55699
7.18033
7.32776
7.30848
7.57513
7.2857
7.2146
7.34022
7.76979
7.1308
7.14448
7.25931
7.38529
7.20945
7.19964
7.28055
7.10813
7.06025
7.39866
7.03457
6.47301
6.4762
6.63031
7.05263
7.22306
7.46759
7.22571
6.84317
6.45294
6.78899
6.80926
7.00888
6.77966
6.61888
6.79389
7.24615
7.16102
6.75165
7.00561
6.99735
7.30204
7.56772
7.44981
7.25207
7.24061
6.97508
7.20144
7.36242
7.11123
6.89658
6.65916
6.7751
6.83026
7.14978
6.81494
6.56738
6.40017
6.30385
6.57327
7.62964
7.43891
7.07892
7.32939
6.92862
7.27724
6.95966
7.11955
6.9074
6.73864
6.85193
6.63106
7.22691
7.31206
7.33944
7.08258
6.95413
7.44565
7.50658
7.58471
7.49215
7.82658
7.69671
7.26212
7.11402
6.9095
7.20087
7.31399
7.38798
7.41699
7.05515
7.31667
7.21947
7.42089
7.97102
7.86856
7.93169
8.18202
8.31803
8.1894
8.5851
8.72965
8.65184
8.55752
8.5693
8.81472
8.38755
8.05254
7.95163
8.11162
8.268
8.34153
8.53861
7.82916
7.8031
7.77917
7.83756
7.6531
7.70906
8.12883
8.20213
8.9571
8.42545
7.76703
7.69424
7.73635
7.63439
8.02187
7.66233
7.84095
7.75292
7.92955
8.08474
7.81789
8.19559
7.88313
7.76102
7.81296
7.35302
6.94535
7.24895
7.19482
7.5826
7.59337
7.71278
8.08379
7.62237
7.89699
7.61219
7.30246
7.61721
7.09907
7.2519
7.6916
7.56836
7.96888
8.24872
8.46675
8.86093
8.78108
8.67368
8.56088
8.65657
8.73802
8.62521
8.37808
8.72122
8.45584
8.47968
8.88053
9.02655
8.73449
8.5682
8.35992
8.43702
8.12762
7.78928
7.6521
7.38363
7.78227
7.46343
7.23446
7.23279
7.08335
7.13588
7.19902
7.2382
7.50321
7.48944
7.81741
7.69131
7.48284
7.39821
7.6069
7.6848
7.93098
7.91808
8.33961
8.58384
7.97582
7.94943
8.23745
7.88376
7.86189
7.40031
7.18642
6.8234
6.80597
6.56673
6.78667
6.75929
7.2187
6.97984
7.16313
7.19868
7.12561
7.53086
7.28802
7.06551
7.48503
7.39522
7.65125
7.41906
7.15376
7.08452
7.09529
7.38859
7.96128
7.666
7.41044
7.72372
7.98637
7.84768
7.66617
8.01787
7.86982
7.9226
8.01892
7.30818
7.68112
7.29866
7.44107
7.39133
7.45398
7.41411
6.87047
6.85806
6.54716
6.68098
6.73242
6.9372
7.44909
7.42957
7.48053
7.29792
7.30905
7.34474
7.16165
7.02735
6.96585
6.90302
7.19914
7.37673
7.39845
7.33301
7.33739
7.47848
7.2972
7.3458
7.53559
7.81437
7.7405
7.62897
7.19244
7.31068
7.30114
7.67997
6.92819
7.06285
7.2395
6.90548
7.20792
7.36467
7.9206
7.407
7.73869
7.04498
7.169
7.28538
7.20709
7.00169
7.80074
7.30767
7.90258
8.04449
7.85721
8.09256
7.812
7.29917
7.48936
7.44857
7.29764
7.55648
8.19482
8.30621
8.34195
7.52787
7.32403
7.37748
7.2826
7.31355
7.32526
7.4998
7.47035
6.99877
7.33511
7.16971
7.142
7.5901
7.58385
7.56617
7.01742
6.88628
6.90746
7.31506
7.2664
7.36822
7.24103
7.10101
7.33674
7.64482
7.44678
7.04674
6.72413
6.87238
6.76163
6.96116
6.55499
6.33614
6.49059
6.92639
7.25805
7.60442
7.27771
7.08341
7.20436
7.22821
7.3125
7.82136
7.61397
7.52553
7.83474
7.78641
7.75838
7.5479
7.73184
7.76222
7.6782
7.38744
7.35858
7.29693
7.29442
7.50366
7.56981
7.86084
7.65211
7.98694
8.21156
8.07442
7.55253
7.61443
7.6675
7.08284
7.1574
7.35751
7.52642
7.52854
7.43245
7.31922
7.02281
7.52042
7.71259
7.65804
7.11236
7.42567
7.98005
7.85014
7.80527
7.45882
6.89187
6.74447
6.87289
7.11567
7.13631
7.34944
7.42576
7.20956
7.17678
7.25923
7.10468
7.1209
6.93233
7.05329
7.18597
7.1819
7.14073
7.10034
7.23633
7.12015
7.72845
8.19537
7.59283
7.1438
7.15311
7.5541
7.37153
7.52386
7.22508
7.02006
7.13077
7.48086
7.66678
7.90484
7.97154
7.55578
7.57064
7.73021
7.61033
7.42493
7.42843
7.6921
7.268
6.95154
7.21386
7.46951
7.4942
7.74181
7.71278
7.7315
7.65121
7.43059
7.20902
7.01062
7.41748
6.8681
6.68062
6.82977
6.82692
7.02205
6.55921
6.54961
6.59618
6.87314
7.31435
6.83263
6.94522
7.61138
7.71018
7.55522
7.28306
7.10351
7.25543
7.19235
7.47919
7.49728
7.63646
7.55459
6.99526
6.86978
7.09779
6.42687
6.37429
6.4686
6.70439
6.76111
6.73264
6.82867
6.76083
6.727
6.6277
7.00754
7.32302
7.80261
8.16493
7.77644
7.27596
6.89447
6.82988
7.21172
6.85483
6.92212
7.05409
7.12545
6.95617
6.7366
7.49617
7.25672
7.49885
7.46069
7.34972
7.21088
7.25884
7.1017
7.41096
6.74718
6.45922
6.72367
7.11214
6.52536
6.52195
7.05529
7.19535
6.93198
7.13821
7.26454
7.17204
6.95495
7.00318
6.91576
6.74054
6.97635
6.85702
6.91967
7.16691
7.03269
7.10705
7.25074
7.02863
6.92052
7.20284
7.65254
7.4312
7.65281
7.53202
7.34201
7.47857
7.43794
7.13601
7.89778
7.85657
7.61854
7.47748
7.41666
7.44746
8.02415
7.7895
7.26746
7.70302
7.40685
7.38982
7.41183
7.67386
8.0351
7.79434
7.81818
7.90569
7.89057
8.05562
8.09638
7.77109
7.78245
7.699
8.03184
8.02372
8.20317
8.00094
7.97252
7.90021
7.94535
7.84955
7.53153
7.33395
7.27437
7.18965
6.95791
7.13883
7.10858
7.07464
7.77788
7.68914
8.19994
8.31015
8.42352
8.09865
7.84154
7.72399
8.23487
7.78346
7.87516
8.02339
7.61686
7.59785
7.33176
7.46818
8.01321
7.85798
7.92443
7.56917
7.25538
7.23152
7.84581
7.78803
7.51272
7.62677
7.62483
7.92645
7.46403
7.45442
7.47804
7.62589
7.79934
8.23157
8.26104
8.26558
8.11033
7.8604
8.23985
8.26222
8.15778
8.60693
7.99198
8.06438
8.34338
8.29216
8.40339
7.99905
8.04698
8.42075
8.11818
7.82168
7.39271
7.74698
7.7588
7.6023
7.80797
7.58246
7.34757
7.22299
7.33654
7.93047
7.48946
7.77394
8.02918
8.1135
8.25892
8.25601
8.3233
8.36531
8.25183
7.80026
7.51865
7.71979
7.66754
7.83987
7.36396
7.63509
7.95786
8.1187
8.08766
8.31033
8.25513
7.94796
8.1786
8.33011
8.0973
7.94247
7.97314
8.3189
8.26284
8.00097
7.87355
7.63767
7.93595
7.75749
8.17776
7.69602
7.5319
7.53541
7.74048
7.54225
7.90752
7.16047
6.89172
6.94348
7.04043
7.54319
7.35247
7.26906
7.42234
7.45376
7.42149
7.23904
7.35983
7.83436
8.13481
8.33218
8.71336
8.23112
8.14126
7.81077
7.82749
7.96186
7.92486
8.42098
8.49116
8.26562
8.15163
8.00285
8.03864
8.39603
8.19501
7.94836
8.04326
7.89121
8.016
7.39902
7.4938
7.81837
7.94208
8.05048
7.42243
7.25051
7.52479
7.5975
7.55117
7.74369
7.58811
7.98824
7.62291
7.5037
7.69857
8.02939
8.03161
8.20221
8.13282
7.60472
7.54504
7.69897
8.07963
8.07086
7.64112
7.43537
7.12664
6.87453
6.89202
6.84042
7.33367
7.55712
7.664
7.35345
7.64264
7.74214
7.55914
7.53453
7.57662
7.41433
7.36965
7.34793
7.14794
7.42371
7.35116
7.41986
6.91313
7.26607
7.40162
7.21933
6.84103
6.73685
7.14637
7.53108
7.57015
7.34718
7.44283
7.40506
7.33724
7.5141
7.27505
6.99001
6.78581
7.28506
7.12801
7.05412
7.44289
7.71509
7.65988
7.67605
7.56765
7.20939
7.75297
7.51651
7.41038
7.93818
7.95179
7.37176
7.62722
7.8198
7.97814
7.99329
7.32343
7.23721
7.34739
7.18646
7.11176
7.12841
7.60109
7.65641
7.84354
7.82823
7.98087
8.08193
7.09702
7.77417
7.7889
7.20354
7.10692
6.986
7.37905
7.6371
7.76369
7.65532
7.90723
8.08558
7.86822
7.49342
7.44926
7.49253
7.62496
7.35653
7.31672
7.39743
7.66941
7.09248
7.28974
6.95722
6.96857
7.17905
7.41971
7.85005
8.0912
7.63354
7.96241
7.81684
7.4983
7.20986
7.28201
7.58675
7.22557
7.72081
7.9882
8.02584
7.60522
8.04582
7.31266
7.28916
7.48713
7.77429
7.76646
7.08421
7.50364
7.84552
8.24464
8.58788
8.80401
8.17366
7.92027
7.65052
7.40251
6.85541
7.51839
7.39012
7.42804
7.29636
7.37974
7.40187
7.36329
7.37467
7.45082
7.23386
7.24349
6.93846
6.92355
7.16641
7.14511
7.04974
6.92313
6.97215
6.98086
7.55437
7.62234
7.81021
7.33717
6.99187
7.08697
7.07883
6.83218
7.16931
7.33551
7.42023
7.73033
7.89513
7.67196
7.1552
6.84475
6.77934
6.84605
6.8001
6.42201
6.82238
6.56968
6.27678
6.74859
6.77675
6.43978
6.36797
6.27394
6.70769
6.42196
6.68356
6.94019
6.99219
6.7921
6.72543
6.56425
6.68981
7.01936
7.49736
7.35656
7.40921
7.54532
7.117
6.85465
7.01341
6.98625
6.83407
7.10726
6.96546
7.36385
8.16073
7.77967
7.53235
7.48856
7.10583
7.29404
6.89402
7.2956
7.67325
7.07307
6.79565
6.61881
6.86057
7.11685
7.02757
6.98221
6.79241
6.8242
7.06956
7.15084
6.94352
7.49001
7.27454
7.29458
7.5068
7.08078
7.81859
7.81415
7.32705
7.95468
7.81361
7.8045
7.62784
7.41031
7.70811
7.95334
7.72205
7.45368
7.44814
7.44348
7.39837
7.76848
7.97904
7.70061
7.60956
7.93506
7.97442
8.28605
7.97917
7.70042
7.55029
7.47668
6.88225
6.74811
6.77894
6.97212
6.84619
6.73122
7.17705
7.66804
7.9062
7.86251
8.04553
8.14487
7.94242
8.21372
7.72231
7.47575
7.30499
7.75061
7.47847
7.44179
7.26511
7.77543
7.18528
7.40288
7.45392
7.41721
7.50716
7.93073
8.15253
7.84596
7.25362
7.29555
7.44702
7.65359
7.30471
7.1028
7.30841
7.04064
7.18656
7.05317
7.2221
7.14877
7.15215
7.27195
7.44066
7.79898
7.63172
7.49093
7.93088
8.29994
8.41144
8.28323
8.01565
7.81021
7.78759
8.04152
7.66116
7.63458
7.71415
7.29895
7.34157
7.20357
7.07823
6.9473
7.18921
7.07649
7.20674
7.68045
7.59749
7.22494
7.35656
7.45646
7.15931
7.54943
7.5026
7.85222
8.38601
7.87152
7.46734
7.84066
7.74884
7.26557
7.35646
7.98328
7.99487
7.44961
7.67044
7.37064
7.5843
7.68822
7.51525
7.54773
7.34721
7.11947
7.01641
7.05094
6.92763
7.15788
7.30118
7.64953
7.52402
8.00266
7.81497
7.7046
8.02696
8.194
8.08508
8.36265
8.25914
8.09192
7.9924
7.50244
7.55584
7.92326
7.39012
7.21245
7.40364
7.55553
7.56914
7.37879
7.90712
7.85472
8.17014
8.10969
8.51178
8.04729
8.02327
8.0477
8.14098
7.95102
8.50505
8.35551
8.4261
8.61606
8.72768
8.26132
8.36692
8.59556
8.9126
8.56494
8.09971
7.9764
8.17122
8.22256
8.20788
8.3848
8.90187
8.70185
8.50212
8.18402
8.26146
7.8633
7.48883
7.69548
7.36571
7.40028
7.48347
7.4258
7.34536
7.3531
7.31275
6.92616
7.04713
6.74091
6.82072
6.86862
7.21458
7.43429
7.39038
7.23824
7.55276
7.66358
7.72939
8.02474
7.86533
7.34091
7.53841
7.46811
7.98795
7.52623
7.41955
7.36228
7.70761
7.60336
8.05303
8.07827
8.27823
8.27815
8.22226
8.16646
8.01495
7.95793
8.07064
7.92475
7.82874
7.70946
7.18561
7.25844
7.16128
7.34698
7.14484
7.10524
7.42408
7.36129
7.01879
7.53579
7.24298
7.5548
7.78774
7.88466
7.91858
7.99489
8.27761
8.54109
8.30549
8.38552
8.04288
7.79448
7.98397
7.48461
7.74342
7.32076
7.71268
7.9554
8.1366
8.5357
8.40838
7.98266
7.93823
8.30719
8.15913
8.5831
8.20328
8.59646
8.35775
8.24388
7.95228
7.63837
8.09253
7.79221
7.41758
7.25582
7.45848
7.60199
7.83002
7.70012
7.76126
7.68483
7.30658
7.37621
7.47848
7.80108
7.8871
8.03363
8.40393
8.27685
8.16101
8.13292
8.15737
8.32168
8.0579
8.00844
8.25522
8.26826
8.26875
8.25529
8.02842
7.92591
7.78762
8.07026
8.27884
8.07594
7.55148
7.34352
7.73913
7.51124
7.45131
8.01835
8.13787
8.23255
8.03157
8.13797
8.02634
7.95247
8.46785
8.47818
8.57267
8.60615
8.81196
8.9235
8.966
8.73666
8.54339
8.51723
8.62139
8.70413
8.5847
8.5673
8.38501
7.95948
8.28174
9.06044
8.70356
8.42173
8.35537
7.97331
7.6128
7.59106
7.73818
7.91504
7.99522
7.99803
8.24049
7.83818
7.72482
7.35419
7.56092
6.88528
7.42014
7.09478
7.46689
8.28219
8.36827
7.93637
8.05858
8.19838
7.43462
7.85301
7.6727
7.98608
8.13585
7.92439
7.61481
7.59184
7.0861
7.01423
7.00729
7.1271
7.09885
7.42864
7.4503
6.95509
7.50621
7.28927
7.22346
7.44346
7.52914
7.80848
7.34823
7.32276
7.59366
7.25961
6.92481
7.49246
7.55351
8.06496
8.05126
7.96746
8.24519
7.82097
7.74981
7.89739
7.89844
7.90494
7.88907
8.15134
8.01648
7.94366
7.81401
7.80924
8.36514
8.40153
7.77505
7.59663
7.45681
7.70907
7.21861
7.16054
7.23651
7.21098
7.29712
7.048
7.31033
7.33579
7.15677
7.14731
7.1589
7.25674
6.95464
7.48779
7.53453
7.66299
7.9598
7.31043
6.95528
7.34963
7.39374
6.72846
6.56024
7.19387
7.26893
7.31636
7.14632
7.41687
7.53592
7.42847
7.50602
7.55599
7.5583
7.80115
7.93254
7.65445
7.42023
7.2767
7.25455
7.64742
7.6314
7.2565
7.11175
7.53766
7.33533
7.04706
7.39538
7.1622
7.52425
7.22576
7.15466
7.07463
7.3318
7.62309
7.89711
7.90425
7.95479
7.86792
7.64112
7.45965
7.89223
7.73955
8.05668
7.73224
7.86759
8.50511
7.97661
8.00893
8.38345
8.10485
7.90173
7.70518
7.66435
8.21828
8.08056
8.05722
7.93415
7.84587
7.45832
7.49452
7.6915
7.63499
7.01727
7.41586
7.29638
7.61103
7.87124
7.60824
7.63702
7.39123
7.40467
7.65786
8.04217
8.04455
7.93481
7.49079
7.64921
7.8892
7.62374
7.94798
7.55439
7.58074
7.84978
7.88234
7.93515
7.56268
7.63236
7.66969
7.51269
7.47103
7.02247
7.18388
6.72767
6.50839
6.91003
6.98718
6.86907
6.90249
7.03261
7.39679
7.9261
8.19699
7.69682
7.60251
7.64084
7.83561
7.95412
8.02778
8.05269
7.72028
7.75792
7.40518
7.38982
7.1002
6.97492
6.67557
6.88399
6.87532
6.87008
6.77187
6.49132
6.67635
6.42332
6.66682
6.74152
6.64399
6.34915
6.4257
6.42096
6.37666
6.75444
6.97231
6.95806
6.86318
6.96121
6.89463
6.69533
6.85335
7.12758
7.30872
7.44139
8.05932
7.24476
7.27659
7.37385
7.43104
7.99933
7.4134
7.61929
7.43047
7.33394
7.54204
7.44415
7.76158
7.81527
7.67411
7.60137
7.26675
7.53504
8.16828
8.29496
8.28698
8.39603
8.4719
8.57021
8.55733
8.39271
8.17039
8.01193
8.22331
8.38481
8.18243
8.62894
8.65449
7.93222
7.86781
7.33598
7.3612
6.89616
6.98263
7.62863
7.70918
7.73818
7.90719
7.91955
8.05736
8.12564
7.9696
7.59056
7.41835
7.92069
8.07697
8.74031
8.42432
7.99365
7.94459
8.25537
7.69578
7.8576
8.27619
7.91069
7.63653
7.28947
7.29823
7.52683
7.40501
7.24455
7.22476
7.29976
7.15515
7.00766
7.05591
6.82545
6.98287
6.75292
6.89085
6.51444
6.37329
6.51104
6.43216
6.81459
6.99475
7.25284
6.89828
6.66963
7.29314
7.34403
7.41593
7.70076
7.13581
7.22597
7.41303
7.00749
7.10739
6.74355
6.70385
7.01017
6.95714
6.45844
6.15539
6.29689
6.133
6.17421
6.47459
6.45121
6.76804
6.90401
6.72842
6.4899
6.37739
6.50173
6.18999
6.30147
6.74073
7.04795
6.82857
6.89916
7.04284
6.67909
6.64295
7.17427
7.1946
7.46116
7.53296
7.40128
7.64918
7.55719
7.88597
7.64065
7.48602
7.94716
7.71249
7.61644
8.14089
8.08312
7.93695
8.21797
7.87452
7.93846
8.26156
8.42227
7.88127
7.98887
7.73977
7.05103
6.85505
7.35697
7.46157
7.19475
7.44996
7.49153
7.31602
7.39146
7.43426
7.8322
7.96584
7.96353
7.60999
7.16113
6.86031
6.97367
6.84847
6.84476
6.43233
6.46253
6.63981
7.27873
6.98537
7.04618
6.78742
6.48972
6.83098
7.20431
7.07839
7.25986
7.09756
7.28041
7.76163
7.22916
7.47025
7.36304
7.60078
7.35451
7.08363
7.45051
7.19122
7.19076
7.33628
7.04167
6.99041
6.97107
6.76676
7.3827
6.88247
7.23533
7.2954
6.64684
6.811
6.98596
6.93785
6.93387
6.64971
7.02067
7.37961
7.30213
7.11221
7.57933
7.25705
7.28489
7.06305
7.50701
7.33869
7.67065
7.62734
7.42635
7.61238
7.62114
7.78147
7.91943
8.12755
8.44655
8.25325
8.40789
8.39865
7.92554
7.88104
8.28619
8.03535
8.68533
8.25986
8.19932
7.88169
7.86858
7.88634
7.82097
7.56557
7.17885
6.91569
7.22339
7.65044
8.19897
7.83777
7.42739
7.32203
7.40015
7.60724
7.47858
7.89345
7.70534
7.27173
7.32623
6.7522
7.13386
7.17672
6.74572
6.93777
7.10188
7.36868
6.99896
6.87138
7.0863
6.94079
7.33967
7.52309
7.53118
7.55589
7.50101
7.54142
7.61895
7.65479
7.84954
7.86161
7.72206
7.45262
7.2583
7.2739
7.54787
7.46185
7.61846
7.42647
7.63555
7.48564
7.58777
6.97922
7.30731
7.40936
7.39085
7.33835
7.40355
7.72344
7.25204
7.26884
7.24716
7.47417
7.87935
7.78468
7.73397
8.05329
7.73857
8.03427
7.87132
7.42041
7.12599
7.08448
7.25322
7.38771
7.38576
7.65755
7.653
7.58445
7.7199
7.48588
7.37846
7.17682
7.34644
7.45259
7.34727
7.86071
7.90778
7.83782
7.82741
8.01614
7.90426
7.65625
7.31974
7.43946
7.4271
7.34887
7.3011
7.46958
7.1414
6.87658
7.07316
7.02598
6.67605
6.95764
7.24804
7.19099
7.40661
7.29177
7.38093
7.34323
7.24735
7.33358
7.17119
7.30659
7.59252
7.62821
7.71998
7.46418
7.65788
7.73444
7.68696
7.35611
7.53331
7.4473
7.60086
7.27215
7.02966
7.40389
7.32229
7.32591
7.19033
7.46415
7.06681
7.05913
7.1287
6.76301
7.09256
6.86169
6.99652
6.97326
7.32426
7.27309
7.84326
8.01051
7.47668
7.47877
7.29231
7.52624
7.28178
7.03799
6.98989
6.8967
6.5354
7.12272
6.87893
7.05776
7.1763
7.51139
7.22084
7.54586
7.41897
7.06314
7.26968
7.03247
6.75516
6.87939
7.14546
7.52494
7.29714
7.25137
7.41634
7.48767
7.29959
7.74915
7.47674
7.20543
7.89482
8.23325
8.17922
7.88341
7.80784
7.72847
8.08116
7.92725
8.04499
7.65213
7.70087
7.76347
7.53509
7.83721
7.63118
7.88345
8.04637
8.16709
8.41228
8.24325
8.19634
8.24739
8.14526
8.01227
7.69589
7.76982
7.46889
7.28895
7.21664
7.17603
7.61818
7.87189
6.96229
7.04413
7.5082
7.85688
8.00133
8.28613
8.41273
8.32314
8.14242
7.93275
7.86347
7.35386
7.51925
7.28366
7.81339
7.66064
7.84427
7.75532
7.86258
7.65397
7.51079
7.90568
7.7763
7.37737
7.18466
7.43919
7.7326
7.81437
7.92291
7.63849
8.06119
7.76813
7.7794
7.81466
7.5806
7.71534
7.93199
7.70375
7.93987
8.37676
8.09849
8.01914
7.92207
8.01712
8.17741
7.92003
7.67642
7.52606
7.64336
7.66488
7.51004
7.58485
7.7808
7.72116
8.0325
7.71087
7.48074
7.65682
7.29838
7.13283
7.20541
7.29313
7.2433
7.34891
7.45614
7.57516
7.09499
6.95908
6.83778
7.38525
7.34285
7.27756
7.39985
7.7714
8.26745
8.48171
8.40865
8.32308
8.48452
8.59852
8.45905
7.90214
8.04295
7.88459
8.12777
7.94718
7.70152
7.43353
7.6993
7.16734
7.6742
7.61236
6.9366
7.13372
7.13888
7.34133
7.83574
7.34323
7.74782
7.90461
7.88168
7.69275
7.56503
7.78082
7.86162
8.18789
8.07328
7.94729
7.59862
7.66306
7.92353
7.76402
7.16965
7.1249
7.31392
7.40418
7.38302
7.74014
7.40384
6.99276
7.2033
7.42945
7.38926
7.5129
7.47876
7.19405
7.86634
7.60638
7.95479
8.115
7.61473
7.88207
8.02761
7.84709
7.37513
7.61487
7.22214
7.30637
7.09741
6.84618
7.30624
7.07513
6.78402
7.38987
7.55308
7.74861
8.45013
8.60604
8.74167
9.04636
8.56673
8.94495
9.02886
8.84263
8.64485
8.05081
8.33819
7.96003
8.17198
7.8618
7.59611
7.79193
8.02487
7.83332
8.17834
8.22278
8.76224
8.45307
8.57889
8.21482
8.36909
8.17149
8.36486
8.41287
8.17782
8.24481
7.88907
8.2878
8.45109
7.9848
7.61433
7.62933
7.80527
7.60748
7.13894
6.87651
7.20011
7.23469
7.51613
7.91591
7.64465
7.54794
7.19335
7.22437
7.31386
7.24814
7.21902
7.70496
7.63381
7.39925
7.51977
7.30761
7.314
6.51893
6.5249
6.87016
7.02475
7.40599
7.65015
7.78751
7.86473
7.67852
8.01508
7.89732
7.54432
7.09597
6.85974
7.03341
7.40685
7.3928
7.42523
7.04656
6.84256
6.63435
7.41078
7.48995
7.21683
7.25544
7.32564
7.57414
7.1588
7.40946
7.35771
7.3661
7.81629
7.98293
8.1202
7.9754
8.53399
8.94639
8.83226
8.82702
8.58179
8.23036
8.45912
8.34385
8.41004
7.82761
8.03324
7.89259
7.84519
8.19029
8.42627
8.08425
8.10074
8.48148
8.30005
7.80516
7.38639
7.72754
6.82657
6.83795
7.05793
7.05762
7.11169
7.20666
7.06164
6.90543
7.21881
7.12648
6.92111
7.08881
7.63718
7.21724
7.00512
7.28661
7.56977
7.7086
8.16039
8.25526
8.19402
8.17577
7.89169
7.70729
7.64082
7.52103
7.0833
7.46929
7.37658
7.50749
7.32204
7.89232
7.56867
7.38545
7.58839
7.57559
7.79634
7.30338
7.2171
7.28618
7.66393
7.70926
7.51872
7.26696
7.30241
7.84125
7.56977
7.93676
7.93446
8.23712
8.85986
8.75434
8.52033
8.46066
8.30268
8.05646
8.57286
8.57782
8.04311
8.13699
8.18072
7.90357
7.6378
8.04198
8.36359
7.81306
8.07809
8.02061
7.95823
7.67594
8.14048
8.16892
8.15178
7.75018
7.9669
7.97663
7.97101
7.40437
7.13761
7.14622
7.16662
7.47268
7.53211
7.728
7.72417
7.47077
7.20844
6.82825
7.15568
6.66699
6.94849
6.69925
7.05574
7.10476
6.61087
6.80932
7.04696
7.79574
7.86995
7.42081
7.62156
7.69553
7.54197
7.84857
7.63968
7.54989
7.76981
7.86531
7.43679
7.41357
7.70343
7.94285
7.83338
7.69014
7.6243
7.94195
7.488
7.63121
7.22157
7.45716
7.27024
7.2924
7.60439
7.52793
8.09332
8.06344
8.11007
8.43275
8.26307
7.77621
7.76364
7.34198
7.15305
7.04671
7.3532
7.35169
7.28524
7.55981
7.82307
7.5418
7.84654
7.95629
7.85573
7.62348
8.11067
8.51912
8.35447
8.6287
8.28401
7.80115
8.13496
8.29619
8.04356
7.68329
7.60147
7.90624
8.05953
7.77934
8.00157
7.84099
7.87765
7.44327
7.96681
8.16808
8.04364
7.82952
7.80688
7.8741
8.07234
8.25027
7.99848
8.02782
7.80962
7.46192
7.07043
7.34658
7.14289
7.19363
7.03434
7.12763
7.08429
7.44202
7.55536
7.80841
7.95922
7.55411
6.94155
7.55414
7.15044
7.20445
7.00141
6.83861
6.72687
6.68637
6.94319
7.49048
7.43416
7.56496
7.48283
7.33236
7.27358
7.44987
7.45719
7.03991
7.09029
6.86339
6.79377
7.13605
7.07746
7.40662
7.5661
7.61263
7.77102
7.85189
7.42332
7.41106
7.01786
6.99714
7.41392
7.17696
7.13699
7.57934
7.51863
7.31593
7.88407
7.78593
7.72744
7.58295
7.35986
7.08383
7.1104
7.42196
7.58698
7.19185
6.98627
6.65052
6.76864
6.93616
6.78878
7.05588
7.21177
7.42484
7.48708
7.65291
7.81178
7.79242
7.78522
7.99201
8.0941
8.64211
8.4495
7.92148
7.62531
7.64721
7.62508
7.39588
8.15176
8.2171
7.85043
7.67477
7.24358
7.10255
7.50453
7.34089
7.46226
7.44235
7.43918
7.46094
7.05436
7.30086
7.40538
7.37569
7.01847
6.80633
7.11437
7.31363
7.6696
7.57223
8.36049
8.00893
7.91791
7.71961
7.35571
7.39429
7.8877
7.38715
7.49511
7.43753
7.50022
7.9677
7.53764
7.7275
7.84567
7.69075
7.94145
7.70821
7.24524
6.94636
7.41616
7.79718
7.36747
7.67723
7.27661
7.57445
7.73172
8.20613
7.65839
7.93216
7.67559
7.62226
7.1968
7.16305
6.88846
6.84929
7.10373
6.72877
6.95178
6.77735
7.18245
7.42119
7.17849
6.71913
7.01727
7.24956
7.61297
7.22521
7.32658
7.05611
7.81514
7.4374
7.42717
7.31351
7.12605
7.06217
7.35413
7.41896
7.35175
7.37031
7.72005
7.81074
7.83046
7.61957
7.23888
6.81881
7.34781
6.76063
6.88077
7.0339
7.2727
7.32313
7.20343
7.3138
7.61711
7.57048
7.61619
7.44325
7.4402
7.17561
7.23284
7.03709
7.1249
7.16012
7.30904
7.14778
7.5438
7.97967
7.61712
7.76105
7.0861
7.09941
7.0847
7.24935
7.61205
8.00348
7.86151
7.86104
7.54815
7.37699
7.55017
7.07878
6.86049
7.02361
7.67718
7.78353
7.79243
8.24821
7.85654
7.58328
7.91696
8.3667
7.95463
7.68973
7.6647
8.44405
8.585
8.5093
8.49804
8.51793
9.01535
8.84626
8.41667
8.1765
8.24705
8.02153
8.18952
8.49961
8.49467
8.6692
8.69343
8.36662
7.73475
7.39813
7.36518
7.61598
7.65604
7.44133
7.12448
7.08288
7.02534
7.36719
7.39748
7.38475
7.58991
7.52349
6.96326
7.23246
7.28134
7.17989
7.18692
7.19134
7.62582
7.57137
7.58633
7.52672
7.39413
7.10051
7.07145
6.97175
7.09696
7.19061
6.76349
6.83673
7.09361
7.19035
7.17674
7.12668
6.94001
6.77553
6.85985
6.4051
6.34859
6.5584
7.05326
6.51208
6.51901
6.99449
7.29601
7.56606
7.34131
7.57142
7.58389
7.08254
7.59852
7.34553
7.35145
7.07641
7.1103
6.92155
6.82396
6.65101
7.03416
7.18181
7.65756
7.47008
7.23434
7.20069
7.16001
6.84102
7.28178
7.64846
8.04626
8.28478
8.35731
8.20176
8.21075
7.96272
8.09606
8.13971
8.13828
8.07595
7.84307
7.76668
8.21887
7.86947
7.16079
7.02782
7.40061
7.30989
7.47201
8.02155
7.55336
7.13549
6.88655
6.9303
7.42193
7.36248
7.38282
7.53049
7.86635
7.74123
7.95985
7.78912
7.72294
8.27233
7.72118
7.69427
6.98731
7.11371
7.15265
6.88389
7.25245
7.15465
7.21141
6.89119
7.12612
7.10216
7.30464
7.93793
7.68532
7.82014
7.42271
8.46752
8.42517
8.82675
8.31275
8.50865
8.2399
8.44488
8.6203
8.7069
8.57044
8.34993
8.04111
8.78229
8.82043
9.18608
8.76072
8.81495
7.78439
8.41793
8.36762
8.43874
8.51912
8.5408
8.16423
7.89701
7.74585
7.75622
7.42388
7.91837
7.94725
7.94353
7.50858
7.82091
8.32484
8.8292
8.68593
8.77763
8.27406
8.31594
8.04034
8.34078
8.04657
8.23886
8.29563
8.05875
8.05557
7.97079
8.16082
7.74707
7.65196
7.88618
7.98731
8.12057
7.96447
7.88564
8.22971
7.93448
8.0799
7.85754
7.7136
7.85147
7.82279
7.55465
7.66287
7.52474
7.78815
7.63863
7.11134
7.10198
7.28392
7.4385
7.35244
7.18336
6.84277
6.6162
6.51092
6.85302
7.16529
7.2196
7.22805
7.58902
7.86516
7.39803
7.71376
8.11058
8.38951
8.28782
8.14533
7.73983
7.6727
7.20885
7.58016
7.62299
7.71164
7.35745
7.0648
7.39184
7.20286
7.49245
7.63759
7.46134
7.51545
7.68397
7.98652
7.98264
7.50336
7.52936
7.52096
7.67901
7.52021
7.36844
6.98498
7.17239
7.16014
7.38092
7.01545
7.23027
7.40884
7.76993
7.86371
7.51485
7.38503
7.71123
7.74904
7.87075
7.90122
8.29026
8.17506
8.37593
8.05043
8.09575
8.0163
8.32118
8.45153
8.61882
8.70504
8.73523
8.57832
8.35643
8.48951
8.18721
8.16173
7.96844
7.86224
8.0296
8.24262
8.28882
8.58536
8.34587
8.08169
8.18584
7.54883
7.68723
8.03891
8.28815
8.29623
7.49038
7.38758
7.30518
7.81897
7.31482
7.71236
7.09634
7.70309
7.45871
7.71736
7.72207
8.0569
7.80552
7.6694
7.43079
7.88402
7.69916
7.61045
7.53277
7.93124
7.91337
7.95127
7.80535
7.23415
6.84609
7.16987
6.98039
7.3182
7.29632
7.51394
7.99923
8.02364
8.0605
8.04157
8.09559
8.17234
8.04204
8.13707
7.42848
7.4732
7.08831
6.96381
6.93198
7.35594
7.38692
7.25524
7.11951
7.06561
7.65393
7.38302
8.22277
8.43567
8.60657
8.99694
8.81036
8.33934
8.21056
8.28373
7.93217
8.03089
8.23983
7.99474
8.1379
7.95843
7.79512
8.06375
8.51424
8.43189
8.23349
7.77874
7.78492
8.02018
8.23049
7.95356
8.40435
8.25217
7.89119
7.76266
7.55781
7.30151
7.222
7.41617
7.56154
7.60491
7.59478
7.50986
7.58574
7.46197
7.34708
7.52906
7.66036
7.159
7.52197
7.39123
6.99991
7.51582
7.36789
7.28343
6.90434
7.14569
6.9635
6.95663
6.65944
6.72969
6.31452
6.78866
6.57154
6.72855
6.68026
6.5934
6.5606
6.56529
6.76914
6.79988
6.85154
7.50041
7.3465
7.24122
7.27311
7.04414
7.24584
7.15856
7.27436
7.27778
6.99165
7.15587
7.71537
7.24421
6.55415
6.79954
6.64442
6.88978
6.82183
7.21782
7.49717
7.93929
7.45763
7.45433
7.64091
7.23566
7.40943
7.35348
7.23749
7.39146
7.40505
7.51383
7.58639
7.08643
6.86774
6.8379
6.69521
6.56788
6.48941
6.22412
6.42206
6.73934
7.25995
7.47467
7.24861
7.15958
7.15736
7.07467
7.16036
7.16743
7.66985
7.32383
7.36059
7.59991
7.79384
7.60751
7.56537
7.45877
7.94024
8.24589
8.20256
8.2787
7.9893
8.11852
8.21939
8.20159
7.71332
7.82121
7.90659
7.94404
7.60144
7.49367
7.18423
7.41417
7.40402
7.24795
7.08018
7.37064
7.26422
7.38676
7.60699
7.71208
7.85347
8.14855
8.11507
7.96618
8.69667
7.80327
7.55207
7.78004
7.99566
7.8069
8.22423
7.99509
7.95998
7.89251
7.64912
7.49183
7.72934
7.54586
8.0694
7.68703
7.21938
7.05834
7.28301
7.16806
7.95923
7.83402
7.9311
8.02594
8.17025
7.72564
7.91165
8.0322
8.0136
8.27351
8.1456
8.31782
8.1266
7.82604
7.90534
7.41759
7.36199
6.91808
6.67279
6.38905
6.86408
7.06725
7.02432
7.10717
7.10517
7.29326
7.52482
7.15101
7.31937
7.50527
7.38782
7.41232
7.23988
7.75152
8.1173
8.08539
7.89192
7.45119
7.39294
7.19494
7.25453
7.08402
7.47329
7.18131
6.79094
6.74789
7.07006
6.45547
6.72488
7.19603
7.60124
7.52206
7.36559
7.60826
7.16196
7.01263
7.16175
6.97025
6.97441
7.14299
7.32637
7.31231
7.04231
7.38464
7.27742
7.36498
7.07833
7.09985
7.25154
7.70471
7.86381
8.24033
7.72881
7.11808
6.91479
6.8949
7.29006
7.17071
7.40847
7.51145
7.68621
7.49576
7.55575
7.80837
8.14452
7.74895
7.61727
7.35007
7.21956
7.66824
7.41883
7.49447
7.77731
7.85639
7.74457
7.71802
7.42928
7.4393
7.24927
7.13129
7.37701
7.54843
7.41006
7.05806
6.67562
6.97832
7.20526
6.98678
6.8227
6.94899
7.17143
7.09476
7.18335
7.16115
7.23077
7.09568
6.95596
6.78989
6.658
6.74265
7.15511
7.38569
7.12882
7.10763
7.22098
7.58822
7.59832
6.90817
6.90375
6.81094
6.78645
6.87976
6.77317
6.66543
7.05584
7.27236
7.17623
7.16848
7.42305
7.18924
7.66743
7.43481
7.79667
7.47699
7.55945
7.29756
7.44347
7.53558
7.77169
7.97893
7.92887
7.6374
7.52645
7.66362
7.77266
7.76555
8.1956
7.69008
7.71203
7.56139
7.22389
7.26969
7.23797
7.44764
7.60079
7.56939
7.73612
7.50646
7.27673
7.03572
7.24054
7.25413
7.47128
7.4416
7.51492
7.20741
6.9148
7.13415
7.24189
7.32612
7.41969
7.59757
7.77455
7.73753
7.99624
8.24413
8.67415
8.4435
8.38558
8.02061
7.80442
7.76817
7.76166
7.10822
7.38794
7.531
7.59335
7.27222
7.65801
7.98843
7.58195
7.63641
7.44062
7.55659
7.75417
8.07479
7.55713
6.96433
7.00788
7.43485
7.91266
7.87146
7.99035
7.84665
7.69042
8.19431
7.94352
8.02513
7.5992
7.24632
7.11013
7.66024
7.97236
8.06774
7.75103
8.16479
7.89755
7.84733
7.40264
7.57912
7.84781
7.7808
8.07052
8.12382
8.24732
8.57601
8.2554
8.01387
8.18036
8.00781
7.7629
7.33208
6.60253
6.5761
6.88452
7.40766
7.47789
7.48442
7.67074
8.3713
8.24805
8.22806
8.16543
8.36065
8.42302
8.57293
8.48999
8.39429
7.92924
7.88081
8.36421
8.43642
8.43407
8.09766
7.8887
8.25995
8.23081
8.09524
8.29207
8.35092
7.979
8.21576
8.17751
7.96998
7.96771
8.22531
8.22605
8.66512
8.35253
8.04571
7.69655
7.48418
7.18471
7.01351
7.35995
7.25333
7.18302
7.17671
7.23146
6.97513
7.31151
7.6637
7.71293
7.46941
7.3347
7.46784
7.87556
8.02811
7.37837
7.3895
7.88053
7.99829
8.1038
8.83589
8.52903
8.33561
8.52207
8.17701
8.84386
9.35669
8.8624
9.08327
9.36871
9.03076
9.21023
8.99848
8.74156
8.80347
8.74656
8.33103
8.04021
7.8606
7.73693
7.85632
7.63419
7.52956
7.80098
7.87011
7.93983
7.89545
7.71724
7.73651
7.66864
7.98166
7.53196
7.54693
7.61963
7.56692
7.35694
7.88542
7.67462
7.0256
6.92108
7.4886
7.25474
7.56114
7.7195
7.421
7.55304
7.70298
7.66359
7.45713
7.69951
7.99513
8.23654
8.26319
7.9672
7.72928
7.58676
7.49597
8.21678
8.29844
8.42694
8.53367
8.23222
8.02762
7.94095
8.11742
8.23682
7.91229
8.03812
7.90418
8.09667
7.90268
7.83276
7.7749
7.8798
7.39644
7.43074
7.53937
7.87258
7.3479
7.07087
7.29774
7.9512
7.39515
7.41932
7.59579
7.5989
6.97509
7.40665
7.40737
7.66788
7.97957
7.86641
7.96145
8.15145
7.81792
7.78998
7.61167
7.25303
7.39267
7.51442
7.33863
7.82293
7.07893
6.56624
6.94614
7.07326
7.07546
7.01246
7.1967
7.12273
7.28351
7.36116
7.67702
7.4815
7.73858
7.81691
7.39726
7.53609
7.30478
7.39799
7.10591
8.08389
8.10097
8.04399
8.06749
7.92758
7.88039
7.61848
7.5979
7.45589
7.01202
7.0563
7.42686
8.04683
7.9419
8.3676
8.10319
8.71239
8.77174
7.99083
7.39913
7.64927
7.63776
7.57377
7.59911
7.47462
7.5456
7.43804
7.47184
7.69037
7.45483
7.49187
7.25471
7.18675
7.6211
7.61591
7.13854
7.20073
7.15744
7.23588
7.39229
7.51531
7.76618
7.00847
7.38033
7.42928
7.51641
7.70118
8.2518
8.40002
8.2568
8.10235
8.03366
7.64349
7.62085
7.82239
7.8179
7.53394
7.28454
7.45779
7.10345
7.30933
7.33745
6.88642
6.96105
7.1672
7.56996
7.8569
7.41126
7.27781
7.57328
7.38148
7.42933
7.62259
7.49865
7.53808
7.59927
7.89557
7.84381
7.97908
8.21383
8.20964
7.75256
8.41546
8.43315
8.35921
8.46852
8.20501
7.99076
7.64746
8.15148
8.84691
8.53781
8.08413
7.93866
7.63994
7.82754
7.91425
7.8463
7.65698
7.74792
7.55108
7.37566
7.44671
7.35309
7.57831
7.42548
7.38441
7.10018
7.13175
7.47938
7.4115
7.49868
7.57948
7.55994
7.92179
8.02018
7.79944
7.8111
7.36098
6.71034
6.83292
7.41304
8.06667
7.97852
8.10911
8.36578
8.27755
8.19831
7.83518
8.10295
8.12964
7.26835
7.38697
7.31451
7.40284
7.3365
7.27837
7.42064
7.32687
7.63368
7.64815
7.83212
7.48004
7.22585
7.41268
7.27826
7.30271
7.19483
7.51014
7.38191
7.00191
6.94099
6.56035
6.63228
6.75896
6.78219
6.45186
6.81119
6.87516
7.06295
6.91772
7.37917
7.63765
7.5331
7.27727
7.26811
6.93462
7.19429
7.02756
7.28193
7.08584
7.15019
6.97881
7.17899
6.45437
6.21506
6.35009
6.77867
6.54709
6.70248
6.91479
7.27849
7.29894
7.26516
7.59312
7.0304
6.99356
6.95939
6.8138
6.93185
7.174
7.07767
7.58463
7.63576
7.46239
7.68666
7.0147
7.14335
7.39854
7.57118
7.67033
7.43524
7.37541
7.55377
7.84024
7.78262
7.79198
7.24092
7.43985
7.81536
7.89099
7.92174
8.20339
8.07008
8.29552
8.33672
8.54546
8.37546
8.37805
7.97693
8.02473
7.9354
8.0018
8.27084
8.26989
8.00752
8.24621
8.02946
8.0371
7.83477
7.55165
7.55936
7.27458
7.10733
7.18413
6.99682
6.55362
6.82223
7.08
7.47557
7.3969
7.51894
7.3068
7.61154
7.51222
7.37125
7.53915
7.52175
7.44364
7.04936
7.12654
6.97736
7.30023
6.86487
7.22846
7.25117
7.34333
7.42409
7.08866
7.1685
7.13589
7.71323
7.32639
7.38952
7.3689
7.28194
7.60806
7.69251
7.45686
7.57159
7.85076
8.5811
8.3664
8.00438
7.96333
8.4085
8.37058
8.41783
8.13572
7.96112
7.41897
7.70315
8.08752
8.07172
7.57686
7.32784
6.76729
6.72733
6.64081
6.66394
6.68646
6.98845
6.85447
6.49215
6.57576
6.7388
6.4579
6.38272
6.63552
6.58183
6.37855
6.14305
6.59628
6.93778
7.21552
6.97274
6.92656
7.19778
7.05946
7.06395
7.2562
7.38527
7.33122
7.3321
7.13667
7.13932
6.71244
7.08404
7.49206
7.53109
8.09142
7.63473
7.23568
7.30325
7.47038
7.71874
7.41308
7.27777
7.5298
7.26083
7.35787
6.87407
6.73285
6.88987
6.91665
7.12816
7.41838
7.24597
6.9395
7.01822
7.18887
7.20472
7.35319
7.01777
7.07099
7.62856
7.66116
7.38507
7.32437
7.56479
7.19503
7.22051
7.1432
7.27314
7.12537
7.40596
7.46281
7.49465
7.46534
7.77924
7.92573
7.7179
7.64446
7.79181
7.61551
7.56839
7.72441
6.99357
6.76517
6.67463
6.90221
7.05241
7.43335
7.15659
6.91564
6.81504
6.88549
7.2317
7.1624
7.05636
7.41006
7.53766
7.18151
7.33875
7.40369
7.8805
7.86634
7.35633
7.3599
7.38196
7.49029
7.47166
7.58818
7.1742
7.23465
7.25714
7.50949
7.70935
7.86838
8.1547
7.87909
7.7528
7.12163
7.65368
7.48998
8.00519
8.14511
8.20926
8.15748
8.19414
7.84777
8.0545
7.89467
7.85853
8.19394
7.78695
7.84211
7.57973
7.70754
7.47958
7.39267
7.07906
7.36897
8.09294
8.15335
8.15862
7.52785
7.53284
7.6065
8.0522
7.76926
7.97955
7.78588
7.99047
7.91195
8.24253
7.82915
7.71281
7.60411
7.67631
7.77724
7.98218
7.95703
7.70567
7.69875
7.52747
7.32065
6.97313
6.57547
7.03722
6.73676
7.16388
7.32566
7.61176
7.88185
8.06064
7.79435
7.85059
7.99284
8.24308
8.05658
8.19695
8.39062
8.13596
7.71663
7.38801
7.80273
7.54295
7.45058
7.35353
7.13749
7.40715
7.18669
6.87804
7.26405
7.73915
7.73615
8.22483
7.71706
7.85899
7.92992
7.71044
7.69947
7.70651
7.59161
8.06954
8.41078
8.11547
8.08251
8.52891
8.61741
8.60439
8.47594
8.32958
8.35609
7.92628
7.56087
7.35049
7.26206
7.33707
7.41395
7.50363
7.55064
7.1143
7.16781
7.24191
7.09774
6.89093
7.11173
6.93108
7.17008
7.18649
7.42446
7.91013
7.47321
7.12553
7.26808
7.47587
7.53331
7.46029
7.99693
8.00851
8.3246
8.09811
7.95198
7.93075
7.9552
8.09387
8.4966
8.34609
8.12964
8.04487
7.70858
7.3823
8.15915
8.11354
7.76774
7.74583
6.93349
6.86327
7.17357
7.58689
7.28337
7.70868
7.29088
7.78902
7.69526
7.7177
7.56461
7.44749
7.44484
7.71001
7.08318
7.17742
6.97785
7.59032
8.05697
7.58669
7.53028
7.94063
7.75383
7.74896
7.39828
7.62297
7.95083
8.2544
7.96509
7.94741
8.11299
7.62798
7.28502
7.37312
7.11807
7.22865
6.65928
6.75039
6.80508
6.98291
7.0798
6.98133
7.15807
7.21084
6.79253
7.11795
7.1731
7.19561
7.23744
6.91381
6.88347
6.95976
6.8753
7.57419
7.53542
7.73663
7.46553
7.94226
7.6944
7.60913
7.75093
7.36219
7.02793
6.92087
7.22944
7.18089
7.30589
7.38649
7.16572
7.30611
7.41151
7.47621
7.27401
7.28828
6.89153
7.0623
7.05973
7.1523
7.15874
7.19871
7.12461
6.84592
7.18362
7.02691
7.36002
7.50274
7.43962
7.39461
7.2706
6.91512
6.94585
7.18643
6.76899
6.74585
6.5212
6.65078
6.95298
6.87504
7.11809
7.25661
7.18034
6.99628
6.75263
6.71481
6.3188
6.36823
6.4721
6.14508
6.49049
6.86095
7.51269
7.44859
6.95495
6.72661
6.79427
7.0217
6.7994
7.02767
7.36723
7.40154
7.14788
7.64457
7.39064
7.67183
7.75706
7.75238
7.30029
7.40547
7.74795
7.88193
7.79001
7.99016
7.98462
7.86932
7.94249
7.31348
6.81406
7.36265
7.38427
7.75818
7.80722
7.59652
7.28272
7.30866
7.30332
7.35452
7.18203
7.26851
7.04942
7.07648
6.68356
7.10845
7.68044
7.50678
7.41941
7.25539
7.67311
8.06272
7.92934
7.9678
7.93913
8.10386
7.64902
7.44061
7.42852
7.14445
7.34445
7.29753
7.92047
7.35378
7.14097
7.43307
7.62032
7.20328
7.0291
7.33416
7.51668
7.54329
7.80019
7.47739
7.1399
7.1855
7.22574
7.22801
7.5169
7.58006
7.4464
7.24055
7.27902
7.30448
7.57741
7.83159
7.92048
7.96251
7.67185
7.49899
7.60364
7.09251
7.28701
6.9928
6.9918
7.15595
6.98112
6.88883
6.80683
6.7762
6.51458
6.76474
7.23577
6.92952
7.10037
7.18889
7.82216
7.58895
7.79352
7.73649
7.31783
7.4665
7.51091
7.4154
7.77764
7.54828
7.58788
7.71438
7.61059
7.04225
7.10621
6.87845
7.02393
6.85859
7.09877
6.74174
6.70417
6.67119
6.66081
6.40989
6.74794
6.77539
7.10196
7.55561
7.83185
7.66249
7.69661
7.63902
7.76842
7.61841
7.23007
7.46931
7.7403
7.96953
7.82007
7.81986
7.68826
8.14103
7.78144
7.43424
7.30183
7.17328
7.42645
7.44837
7.83981
7.75141
7.58951
7.58778
7.61681
7.97028
7.66973
7.35567
7.41214
7.6774
7.2943
6.92706
7.13847
7.34176
7.84504
8.00949
7.66511
7.26534
7.45298
7.40717
7.067
6.92429
7.26516
7.27518
7.21851
7.02199
7.36816
7.69763
7.89372
7.46252
7.73055
7.28619
7.55561
7.60478
7.54453
7.4271
7.5745
7.46798
7.67927
7.10382
7.11866
7.09782
7.20461
6.97123
7.13369
7.30689
7.24629
7.13253
6.82333
6.73675
6.62743
7.0419
6.5569
6.79173
6.54721
6.47628
6.79358
6.56445
6.58939
6.38166
6.10443
5.83623
6.48152
6.17053
6.21919
6.43433
6.79399
7.2117
6.82522
6.57701
6.74845
6.8996
7.15333
7.04168
6.86298
7.5226
7.53015
7.05033
7.2667
7.08903
7.25993
7.39959
7.36407
7.31421
7.06016
7.21564
7.12992
7.47897
7.24694
7.42086
7.15283
6.90326
6.77494
6.98643
7.52976
7.49134
7.23901
6.95265
7.14571
7.27695
6.87419
7.17514
7.32143
7.48401
7.25025
7.52186
7.51252
7.28811
7.16343
7.26646
7.53237
7.8556
7.71081
8.05995
7.79562
7.77636
7.75706
7.32281
7.50257
7.74342
7.52207
7.46042
7.13455
7.06495
7.20506
7.19789
7.40078
7.44235
7.52163
7.60895
7.65859
7.70198
7.56737
7.56281
7.77853
7.47491
7.76063
7.70755
7.23837
7.15567
7.34342
7.09729
6.86288
7.12825
6.64816
7.0801
7.24773
7.28442
7.32103
7.59215
7.70699
7.64449
7.67082
7.32966
7.50415
7.64962
7.31745
7.50974
7.46405
7.88345
8.20212
8.1327
7.9074
7.7698
8.16007
7.979
7.82775
7.98717
8.19681
8.72407
8.47793
9.0178
8.79164
8.80555
8.53213
8.16645
8.44005
8.65052
8.26506
8.12085
8.10974
7.76465
7.59119
7.51284
7.88565
8.12521
7.85034
7.60375
7.55817
8.11225
7.89009
7.66795
7.38293
7.36623
6.99712
6.55422
7.00028
6.83931
7.03093
7.38843
7.49054
7.48804
7.03705
6.92065
7.06554
6.62316
6.5166
7.16117
7.37133
7.66823
7.64887
7.16724
7.40615
6.77507
7.12867
7.24348
7.51726
7.26636
6.99854
7.25271
7.5926
7.50917
7.55161
7.6309
7.58118
7.53008
7.98585
7.26447
7.28147
6.64273
6.92768
6.89458
7.10424
6.70657
6.24153
6.58069
6.89776
6.83215
7.0218
7.11058
7.05548
7.37993
7.38646
7.3901
7.61611
7.27174
7.20728
7.26129
7.54167
7.6402
7.45545
7.13329
7.0997
7.31468
7.57459
7.45671
7.16108
7.36262
7.46801
7.21461
7.07882
7.14106
7.21672
7.1958
7.44446
7.26436
7.48748
7.37835
7.37327
7.32665
7.38612
7.52105
7.48722
7.68319
7.71558
7.684
7.62823
7.98045
7.77883
7.91915
7.71869
7.8367
7.64207
7.72745
7.73873
8.17603
7.64355
7.62163
7.38014
7.2361
7.08681
7.15729
7.25929
7.12303
6.96588
6.99186
7.34754
7.39237
6.87833
7.07732
7.08548
7.4414
7.27893
7.48069
7.73914
7.4246
7.49063
7.63208
7.78084
8.12491
8.34948
8.05894
7.90998
7.96315
8.1699
7.81997
7.81391
7.69726
7.82475
7.65135
7.62135
7.62806
7.51005
7.34887
7.35805
7.22677
7.69317
8.01748
7.90867
7.70899
7.72859
7.65294
8.05749
7.95407
7.82166
7.89046
7.76576
8.07027
8.01366
7.97549
7.83456
7.5967
7.78353
8.40714
8.35441
7.67137
7.6506
7.38633
7.58885
7.48521
7.60984
7.5868
7.53677
7.78411
7.92089
8.19829
8.36633
8.00106
8.02231
7.82966
8.00975
8.09388
8.19229
7.73855
7.95045
8.30914
8.90634
8.6093
7.75508
8.05786
8.06958
7.82529
7.72968
7.75427
7.62974
7.20073
7.24426
7.23806
7.69715
7.58725
7.87632
7.74797
8.26263
8.48905
8.54801
8.48251
7.89857
7.41629
7.88876
8.0044
8.42421
8.32369
8.33398
8.25815
8.29425
8.37809
8.16276
7.51549
7.85578
7.78809
7.37904
7.48647
6.88191
6.86916
6.84822
6.44111
6.24592
6.68584
6.72101
6.58104
6.85165
6.93993
7.07835
6.85706
6.79525
6.88198
7.19648
7.54747
7.74748
7.30862
7.70834
7.68492
7.8089
8.25853
8.16691
7.93713
7.64631
7.58095
7.67239
7.47823
7.79175
7.78078
7.66538
7.19214
6.96862
7.25794
7.21516
6.95739
7.12291
6.91783
7.00602
7.22436
7.07756
7.13015
7.25524
7.23387
6.98535
6.71738
6.70438
7.00639
7.2584
6.90912
7.01682
7.3185
7.26849
7.4316
7.51673
8.03267
7.3225
7.37259
6.99931
7.19272
7.68363
7.54255
7.71069
7.7857
7.73916
8.13955
7.822
7.82887
8.00998
7.93943
7.43607
7.64826
7.55415
8.00028
7.89376
7.95295
7.69755
7.59133
7.72746
7.41484
6.9915
7.0868
7.43657
7.56349
7.12632
7.01312
6.94888
7.13096
7.29857
7.48804
7.32651
7.30163
7.0475
7.43163
7.90917
7.93863
7.58959
8.0215
7.7577
7.70804
7.38128
7.53861
7.46193
7.31638
7.30017
7.32652
7.31085
7.30169
7.26279
7.42008
7.70058
7.90932
7.44553
7.38471
8.04522
7.76823
7.67435
7.38864
7.53778
7.44002
6.83591
6.8039
6.81264
6.546
6.49696
6.65225
6.74168
7.38583
7.49322
7.20311
7.21094
7.1659
7.12741
7.06877
7.26875
7.1055
7.27575
7.20851
6.91499
7.08706
6.72987
6.51402
6.62607
7.04252
6.90174
7.06281
6.82759
7.08581
6.92634
6.9715
7.1457
6.80404
7.01007
7.03638
6.75629
6.90963
6.64922
6.56461
6.74144
6.61646
6.55199
6.59435
6.87972
7.01797
7.28516
7.43389
7.52937
7.07885
7.03124
6.8313
7.01765
7.01587
6.52644
6.74646
6.83124
7.31482
7.36269
7.89667
7.32013
7.25008
7.63831
7.33233
7.32002
7.36194
7.34331
7.25578
7.41943
7.35272
7.51855
7.34931
6.96992
6.83363
7.02297
7.65089
7.66946
7.4523
7.67879
7.91995
7.61854
7.61628
7.574
7.42198
7.79536
7.17641
7.2653
7.11223
7.53633
7.49507
7.74104
7.93063
8.02424
8.24198
8.29111
8.09307
8.01133
7.97337
7.74584
7.85692
7.83348
7.74116
7.68246
7.71861
7.97638
7.65265
7.58754
7.33564
7.59065
8.21773
8.00986
8.18846
7.99959
7.99938
7.53603
7.91323
8.12708
8.18086
8.16854
7.99772
7.64841
7.73619
7.52023
7.58245
7.50487
7.4214
7.47353
7.24069
7.23794
7.44414
7.43368
7.28066
7.82369
7.8566
7.7461
7.78478
7.6157
7.93817
7.66639
7.24832
7.18157
7.47691
7.55904
7.50466
7.48716
7.66672
7.01941
7.15742
6.95017
6.92188
6.93726
6.81509
7.08516
7.44338
7.95378
7.8239
7.70482
8.12743
8.16963
8.16045
7.88653
7.88842
7.68169
7.29297
7.28121
6.83989
6.94468
7.3899
7.50347
7.57152
7.51315
7.55704
7.55496
7.68266
7.68931
7.65626
7.44761
7.77071
8.04768
7.88693
7.33429
7.67082
7.2915
7.36364
7.0428
6.95802
7.00545
7.20287
7.04917
7.36832
7.04567
7.46954
7.31391
7.37296
7.0469
7.18639
7.40855
7.09487
7.06182
7.18489
7.46325
7.51761
7.46122
7.20665
7.24989
6.95341
7.04876
6.78327
6.83623
7.12179
7.31569
6.8522
6.51915
6.84653
7.00728
7.35156
7.26169
7.55638
7.9738
8.09763
8.49005
8.46419
8.39318
8.68473
8.04788
7.83191
7.92103
7.739
8.09885
7.99027
7.47604
7.6241
7.60615
8.07407
7.99767
7.95516
7.92228
8.02592
8.17114
7.95812
8.03914
7.88357
8.00309
8.34729
8.38574
8.11347
8.28681
8.33567
8.00549
8.01924
8.07824
7.83151
8.00459
8.23132
7.94415
7.9972
8.14019
8.08916
8.053
8.36327
8.28845
7.76954
7.19129
7.59025
7.09549
7.18339
7.06249
7.00533
7.21114
6.84423
7.23954
7.12917
7.02004
7.28485
7.02386
7.06262
7.22652
7.06386
7.72477
7.63343
7.54443
7.39698
7.38539
7.18902
7.12342
7.3453
7.41016
7.84279
7.98944
7.90907
7.84242
7.56013
7.08856
7.20819
7.38815
7.48655
7.83371
8.02157
7.80347
8.08962
8.26809
8.02411
7.74398
7.75046
7.79113
7.74051
7.58385
7.58982
7.53585
7.79962
7.8144
8.12215
7.8101
7.72311
7.74952
7.64257
8.06614
7.44396
7.60976
7.24616
6.90671
7.32878
7.43408
7.77787
7.47411
7.37812
7.60509
7.21574
7.44888
7.19607
7.32157
7.57206
7.50559
7.52376
7.36461
7.36162
7.16237
7.43104
7.94714
7.5898
7.38025
7.39965
8.0582
8.05745
7.47843
7.53565
7.94416
7.14207
7.2538
7.51643
8.09749
7.98682
7.89182
7.71934
7.24676
7.39863
8.06875
7.80651
7.67527
7.36708
7.42265
7.86905
7.72182
7.70954
7.68568
7.44748
7.1962
7.12954
7.3034
7.46805
7.53832
7.27026
8.0356
7.92302
7.98589
7.82398
7.80557
8.00427
8.02104
7.96537
8.18964
7.64289
7.97412
8.08866
8.33341
8.28
8.44349
8.48732
8.76756
8.10726
8.05571
8.00439
8.33074
8.08092
8.42249
8.32726
8.20508
7.98625
8.07984
8.01253
8.30935
8.22239
8.25737
8.13554
7.83615
8.07238
8.23628
7.78141
7.72797
7.96789
7.48212
7.24432
7.44848
7.33528
7.72553
7.59262
7.47468
7.48289
7.13033
7.35102
7.36076
7.14467
7.22743
6.77954
6.88255
7.06722
7.1754
6.42879
6.41288
6.56001
6.77222
7.2118
6.92853
6.63816
7.01575
6.87903
7.41475
7.82495
7.68921
8.01608
7.42309
8.0142
7.79348
7.79713
7.76808
7.67355
7.77145
7.18999
7.0803
7.47621
6.99197
7.22846
7.58433
7.62739
7.28399
6.6027
7.26527
7.0163
7.02884
7.31641
7.59153
7.71999
7.78381
8.0174
7.82438
7.52016
7.57341
7.64431
8.07802
7.41853
7.86
7.85774
7.49142
7.62463
8.03644
7.96998
7.64394
7.22114
7.00571
7.15001
7.58608
7.59132
7.56379
7.28073
7.32602
7.45086
7.92968
8.14254
8.60865
8.53616
8.17664
8.23619
8.18853
8.27309
8.30654
7.82504
8.4132
8.28704
7.91917
8.09554
7.93462
7.81305
7.91497
8.05764
7.86037
7.9484
7.74672
7.93691
7.73466
7.48372
7.80515
7.84956
8.11952
8.30673
8.21658
8.00896
7.77757
8.13894
8.07442
7.49302
7.69214
7.26709
7.53973
7.66412
7.77611
8.05866
7.49787
7.25994
7.42755
7.70044
7.67903
7.9707
8.08998
8.03916
8.07162
7.98451
7.95417
7.69478
7.47792
7.051
7.38846
7.23899
7.08917
7.11661
7.28342
7.31672
7.11825
6.87735
6.71709
6.43236
6.68903
6.92137
6.93938
6.68008
6.6694
6.62932
6.8782
7.33134
7.20012
6.65308
7.13096
6.89352
7.14066
7.226
7.49282
7.61369
7.34131
7.33419
7.61067
7.70902
7.56802
7.92278
7.73938
7.71987
8.14499
8.25521
8.13305
7.91392
7.7779
7.35241
7.72567
7.86294
7.99546
8.57166
8.24751
8.57268
8.30045
8.01109
7.85614
7.75165
7.45705
7.72084
6.90046
7.03058
7.00275
7.02548
7.10688
7.09088
7.19082
7.52051
7.4509
7.49362
7.27289
7.54253
7.696
8.11611
7.85308
8.07766
7.99181
7.34381
7.66313
7.2877
7.66351
7.55538
7.37375
7.6346
7.73862
7.53302
7.58557
7.7503
7.53708
7.80185
7.39992
7.38107
7.08137
7.02254
6.97018
7.2018
7.3265
7.60979
7.71304
7.72693
8.03368
7.98008
7.74851
8.21092
8.17311
8.15629
8.55204
8.431
8.74024
8.89248
8.58234
7.90851
7.8519
7.75606
7.79869
8.04449
7.70902
7.62948
7.66722
7.58424
8.06208
8.34467
8.11218
8.32502
8.14784
7.83823
7.43254
7.4706
7.39586
7.59883
7.25695
6.98442
7.21014
7.41105
7.49955
7.60769
7.78775
8.28671
8.15876
8.21628
8.02382
7.96642
8.37002
8.29511
8.19406
8.14523
8.01918
8.13866
7.8524
8.08839
7.90547
7.64138
7.41643
7.53469
7.20475
7.24046
7.14333
7.12219
7.50613
7.9659
7.66009
7.69539
7.66239
7.66314
8.326
8.40299
7.81745
7.4266
7.42875
7.24002
7.3282
7.33317
7.52979
7.31362
7.32389
6.98153
7.29305
7.29847
7.27996
7.58326
7.43392
7.24937
7.47126
7.05722
7.43865
7.30909
7.32187
7.05042
6.85465
7.20068
6.88789
6.59459
7.18525
7.60963
7.57443
7.59513
7.6172
7.60338
7.836
7.76457
7.85161
7.28802
7.00155
7.11912
7.02998
7.11136
7.44585
7.664
7.19128
7.1308
6.79492
6.55763
6.42738
6.41277
6.9411
6.93431
7.02135
6.90576
6.74804
7.20258
7.12851
6.94258
6.78685
7.12979
7.62404
7.20801
7.34281
7.60141
7.47846
7.44725
7.25469
7.37403
7.31614
7.45203
7.32729
7.28713
6.7722
7.58495
7.71305
7.24818
7.33299
7.40499
7.47354
7.76062
7.84983
8.15727
8.4154
8.96122
8.77219
8.56357
8.25607
8.12265
8.41019
8.3789
8.18757
7.76535
7.54392
7.32278
7.088
7.20959
6.99736
7.22456
7.23128
7.15799
7.57997
7.77299
7.46721
8.28321
8.13932
7.76954
7.94322
8.29418
7.72641
7.01306
7.15338
6.9039
7.18204
7.08448
7.50233
7.7227
7.96958
7.99744
8.35174
8.14168
7.68141
7.53092
7.77946
8.07741
7.9852
7.70543
7.6768
7.10652
7.55995
7.02341
7.00301
7.51916
7.00203
7.39904
6.87916
6.94574
6.93399
7.16068
7.53335
7.6741
7.78801
7.67668
8.19873
8.11295
8.01555
8.12897
8.39005
7.68237
7.65658
7.72944
7.67738
7.6246
7.80004
7.85501
7.9433
8.07484
8.10681
7.78311
7.59792
7.84642
8.0546
8.03716
7.87853
7.83196
7.54578
7.3597
7.4121
7.31428
7.98161
7.88774
7.68112
8.19371
8.11574
7.56522
7.63952
7.78778
7.57912
7.4131
7.29822
7.59481
7.44537
7.61339
7.76258
7.92223
8.27656
8.32632
7.80398
7.22119
7.71855
7.47127
7.44728
6.99683
7.30679
7.50281
7.75333
7.50312
7.26759
7.47812
7.59587
7.76065
7.44252
7.07215
7.11368
6.93883
7.36659
7.674
7.24465
7.19613
6.78435
6.66541
6.7253
6.78135
6.80968
6.80964
7.12787
7.29802
7.26174
7.41296
6.80781
7.05684
7.05029
7.25405
7.52788
7.23673
6.85402
7.46723
7.24579
7.09078
7.34941
7.67162
7.71668
7.91283
7.63705
7.38505
7.55232
7.6094
7.18581
7.56265
7.551
7.56052
8.12746
8.09306
8.0388
7.67114
7.62466
7.18218
7.21098
6.86846
7.33734
7.2375
7.43698
7.65736
7.52776
7.44046
7.18861
7.21617
7.61857
7.76528
7.54545
7.2628
7.32844
7.60192
7.18927
7.1373
7.12313
7.51847
7.66092
7.90085
8.21472
8.3432
8.02383
7.79633
7.68127
7.95609
7.8021
7.75587
7.82294
8.19446
8.08469
7.65772
7.81485
8.22244
8.76487
8.50059
8.83032
8.61323
9.29778
8.85935
8.08781
8.04749
7.66503
7.69511
7.51248
7.90886
8.21906
8.31622
8.50161
8.35327
8.33053
8.16764
7.6484
7.67027
7.48705
7.49573
7.31325
7.25302
7.08038
7.01137
7.13594
7.80906
7.8625
8.29395
8.42008
7.81168
7.71219
8.08894
8.09275
8.12763
8.03093
8.12667
8.16665
8.12145
8.02678
8.02665
7.55664
7.6353
7.91687
8.11687
7.7035
8.0667
7.76299
7.50614
7.38283
8.1037
8.3057
8.48077
8.59103
8.36645
8.8385
8.23879
8.06035
7.82915
7.8867
7.69616
7.17272
7.57151
7.67292
7.39891
7.46832
7.55342
7.58944
7.84039
7.81508
7.30601
7.48924
8.0906
8.04376
7.87892
7.88263
7.54157
7.99393
7.77383
7.51005
7.25715
6.96674
6.85372
6.68286
6.90961
6.71191
7.16509
7.45705
7.32726
7.59431
7.47825
7.27484
7.55551
7.39496
7.40099
6.98962
7.20472
7.25562
7.5035
7.9773
7.91023
7.38043
7.27355
7.55001
8.0663
7.81427
7.65312
7.45777
7.56732
7.93025
8.25441
8.23265
8.01712
8.27895
7.78624
7.77472
7.45324
7.6936
7.71602
7.86176
7.99496
7.99955
8.68363
8.49902
8.24924
8.09572
7.7677
7.47302
7.63006
7.73639
7.40607
7.38435
7.28499
7.3714
7.36697
7.40897
7.20001
7.56515
7.46696
7.46542
7.67869
7.67555
7.48399
8.46239
8.76357
8.48548
8.44763
8.27163
8.28915
7.92318
7.7157
7.78997
8.35012
8.18529
7.95179
8.05942
7.98011
7.87885
8.43501
8.54672
8.17951
8.10883
8.31566
8.17101
8.3322
8.39985
7.85493
8.40833
8.10223
8.18042
8.46944
8.52414
8.76999
8.5265
8.35971
8.63736
8.81638
8.79548
8.99576
8.98297
8.877
8.70264
9.21669
9.38602
9.23405
8.75803
8.35979
7.94032
7.95408
8.04499
8.54442
7.79515
7.56698
7.76588
7.80992
8.07836
7.63071
7.47232
8.07612
7.72425
8.42707
7.86391
8.19811
8.22125
8.51642
8.02481
7.86793
7.80817
7.53577
7.89635
7.8113
7.89014
7.90495
8.08557
7.81935
7.40755
7.13541
7.43359
7.45441
7.34782
7.19886
7.57916
7.45113
7.70103
7.93121
7.58068
7.56631
7.52321
7.62996
7.84769
8.06778
7.76218
7.75311
7.81015
7.55811
7.84557
7.72532
7.91306
8.13015
8.39132
8.56033
8.06999
8.26794
8.34095
8.13547
8.0946
7.8614
7.87692
7.6225
7.78063
7.68256
7.99889
8.67147
8.14412
7.8874
8.01447
7.83204
7.48493
7.32034
7.822
8.10197
8.23813
8.26144
8.14291
8.05902
7.83303
8.02791
8.07527
7.97153
7.99572
7.84361
7.64974
7.81597
7.93125
7.83143
7.98636
7.65861
7.70243
7.6357
7.42466
7.27832
7.22217
7.47789
7.06928
7.20433
7.45075
6.95739
6.84648
7.21093
7.4208
7.33342
7.18358
7.07225
7.26034
7.13462
7.35576
7.42168
6.98578
7.39608
7.29277
7.86293
7.62268
7.56291
7.2868
6.6707
6.78009
7.18766
7.12527
7.44832
7.3817
7.59831
7.61466
7.79734
6.96668
7.07194
6.93269
6.59826
6.56726
6.26264
7.11502
7.25062
7.32392
7.54314
7.86824
7.6912
7.37151
6.95154
7.40005
7.26743
7.24289
7.12258
7.90059
8.17841
8.40101
7.83074
8.22398
7.93246
7.94901
7.87379
7.89084
7.59199
7.69549
7.74118
7.79783
8.10295
7.91048
7.95392
7.80758
7.50123
7.71953
7.73309
7.88324
7.61267
7.60244
7.56481
7.3403
7.23981
7.31376
7.04324
6.99766
6.99578
6.80539
7.27186
7.66177
8.02748
7.76318
7.71692
7.85208
7.55746
7.91421
8.06629
8.05696
7.65728
7.81427
7.90972
7.51894
7.5262
7.49226
7.53355
7.71374
7.64382
7.5738
7.39678
7.99307
8.10994
7.76901
7.88642
7.50618
7.74219
8.1903
7.86599
7.64233
7.45314
7.58556
7.33269
6.89883
7.03117
6.98235
6.82023
7.50753
7.94267
7.78514
7.54547
8.02608
7.64698
7.61407
7.26709
7.55686
7.17961
7.43805
7.54887
7.2656
7.36802
7.32586
7.548
7.13967
7.39288
6.94315
6.92123
6.89255
7.13364
7.0444
7.21258
7.55623
7.54565
7.7123
7.66376
7.98323
8.1149
8.0732
8.06382
8.08846
8.28374
8.24147
8.26853
8.22221
8.46317
8.36862
8.11891
8.23113
7.98927
7.75572
7.71041
7.9043
7.8177
7.80613
7.51769
8.19788
7.78122
7.63904
7.53962
7.22183
7.51714
7.06247
7.34104
7.38137
7.31417
7.3303
7.1355
7.61892
7.86544
8.15253
7.60518
7.58602
7.68771
7.76184
8.18168
8.25307
8.80999
8.37637
8.22051
7.5207
7.57227
7.77984
7.79279
7.90257
7.55892
7.65363
7.42361
7.74788
7.95124
7.89151
7.53889
7.42172
7.27712
6.97606
6.65877
6.73704
7.00973
7.07045
7.09935
7.34512
7.09708
7.65068
7.48202
7.01661
6.96109
7.02277
7.19519
7.17119
7.18867
7.45995
6.97388
7.41457
7.29919
6.91612
6.93996
7.14222
6.98299
7.03406
7.19624
7.64264
7.46745
6.81988
6.66542
6.76819
6.37327
6.7689
7.27866
6.82712
6.80828
6.82774
6.83725
6.91556
6.73453
6.73945
7.20529
7.39258
7.54344
7.38559
7.37305
7.69172
7.70983
7.92758
7.40829
7.20274
7.39591
7.06367
7.532
7.37587
7.66576
7.2899
7.57597
7.61084
7.38344
7.69743
8.03787
8.47699
8.22777
7.6562
7.60816
7.81152
8.4098
8.20814
7.7715
8.01416
7.94634
8.13137
8.05334
8.0216
7.45177
7.57549
7.60609
7.51994
7.89187
7.7352
7.25541
7.2582
7.39568
6.80296
7.153
7.50569
7.23424
8.1447
7.39148
7.57091
7.83174
8.05175
7.87421
7.84489
7.49676
7.49257
7.50495
8.03418
8.37997
8.1206
7.79597
7.44282
7.61225
7.04238
7.50641
7.12239
7.18742
7.69719
7.65523
7.37061
7.44433
7.6133
7.6402
7.47753
7.96977
7.60444
7.92376
7.99876
7.6626
7.59579
7.90025
7.65843
7.61563
7.25335
7.47187
7.72771
7.99736
8.01208
8.00672
8.24754
7.78638
7.78848
7.72025
7.86185
7.81717
7.68289
7.80879
8.03732
8.12865
7.99604
8.07139
7.97692
7.6669
7.32883
7.28547
7.44488
7.30433
7.33556
7.80176
7.92916
8.19038
7.5175
7.18306
7.04578
7.19356
7.66571
7.10664
7.30597
7.12038
7.31386
7.18329
7.10691
7.01748
7.07408
7.17788
6.96655
6.98797
7.16048
7.07243
7.47325
7.39392
7.14947
7.01951
7.033
7.41758
7.23722
6.98976
6.94374
7.3671
7.61741
7.9414
7.63846
7.60627
7.78054
7.7529
7.96675
7.6311
7.90697
7.76035
7.74083
7.66444
7.7509
7.79982
7.26666
7.24952
6.88993
6.67812
6.78891
7.14156
7.26146
6.99225
7.1396
7.23482
7.42985
7.20592
7.2115
7.26259
7.45408
6.99806
7.24347
7.33367
7.75414
7.25048
7.39766
7.17978
7.09925
7.33625
7.39826
7.28823
7.37125
7.66124
7.75252
7.32015
7.6219
7.06745
7.16793
7.64693
7.43502
7.32988
7.35873
7.02188
7.13327
7.36486
7.54682
7.35927
7.27275
7.43778
6.97819
6.84187
6.42961
