-0.466811   0.311895   0.307338
-0.164759   -0.360984   0.397508
-0.237303   0.199167   0.158763
0.0110213   0.111704   -0.322307
0.235522   -0.279748   -0.491746
0.237385   -0.483514   0.18382
0.102742   0.454922   -0.259561
0.164538   -0.311551   0.322081
0.0455236   0.16079   0.467188
0.455386   -0.468013   0.334988
0.248637   0.49988   -0.464408
0.390008   0.290401   -0.431371
-0.364499   -0.110163   -0.0282015
-0.161764   -0.14674   0.378474
0.00342066   0.0533828   -0.130251
0.445042   -0.478525   0.126357
0.311477   -0.118557   0.390786
0.191418   0.0332318   -0.48231
0.0930648   0.392689   0.338975
-0.0466846   -0.354853   -0.272594
-0.0425367   -0.0293276   -0.494349
0.445281   -0.0650598   -0.222899
-0.379028   0.137103   -0.041441
0.21584   -0.13115   -0.348904
-0.388367   -0.115242   -0.304573
-0.421645   0.275395   -0.270454
-0.349856   -0.279475   0.407812
0.329429   -0.297709   0.134069
-0.435021   -0.108489   0.450789
-0.154252   0.188144   -0.167012
-0.172572   0.158868   0.403649
0.361742   0.180748   0.389901
-0.00270286   -0.430459   0.310644
0.321463   0.305751   -0.203852
-0.0026065   -0.122748   -0.221406
0.430588   -0.272798   0.324089
0.462039   0.464137   -0.41871
-0.243672   -0.422056   -0.196338
0.475197   0.0158935   0.307445
-0.133237   0.487526   -0.00713868
-0.26971   -0.286319   0.0118859
0.310684   0.493674   -0.266837
-0.140957   0.365862   -0.250558
-0.392944   0.318717   -0.484357
0.426608   -0.281978   -0.281318
-0.00939589   -0.230379   0.261097
0.17484   0.198593   0.296147
0.173067   -0.329782   -0.292565
0.356337   0.0769179   -0.0818224
-0.0744412   -0.316173   -0.0376717
-0.184876   0.184637   -0.36721
0.243855   0.0664744   -0.249053
0.418964   -0.359097   -0.494462
-0.0853373   -0.0991707   -0.0262647
-0.132078   0.0183307   0.270453
0.426291   -0.296847   -0.0298857
0.357134   -0.0858876   0.0409551
-0.137733   -0.432247   0.17421
0.213754   -0.382669   -0.0583227
-0.0116424   -0.264172   -0.467153
0.156623   0.282682   -0.393417
-0.47411   0.309233   0.0933579
0.169734   0.33718   0.135094
-0.395869   -0.0983947   0.193548
-0.111433   0.164666   0.0199818
0.0608803   -0.421399   0.0886659
-0.251525   -0.00487048   -0.453599
0.426328   0.129166   -0.2952
-0.349373   -0.459861   0.0123718
0.379203   -0.495775   -0.0655073
-0.00443547   0.328196   -0.0779906
0.154908   0.211859   -0.107174
-0.252612   0.348406   -0.0986652
-0.218793   -0.0238581   0.093142
-0.399151   0.0617782   -0.227707
-0.209757   -0.213293   0.205618
-0.213234   -0.465495   -0.438252
0.215114   -0.143886   0.191852
0.0785917   -0.111989   0.387066
-0.336757   -0.333305   -0.348806
0.349596   0.281304   0.00486421
0.313978   0.394214   0.358271
-0.0713312   0.327098   -0.444884
0.165213   0.414932   -0.0607023
-0.449051   -0.368497   -0.15077
-0.343957   -0.427294   0.229673
-0.484806   0.095217   0.118498
-0.227073   -0.199532   -0.171895
0.294653   0.0347284   0.223675
0.0739679   -0.209174   0.0254024
0.00859819   -0.496526   -0.492638
-0.464065   0.455761   -0.217598
0.39443   -0.143729   -0.418209
-0.0452276   0.217325   0.290741
-0.0591071   0.345312   0.143369
-0.430011   -0.286878   0.150236
-0.358321   0.147923   0.339657
0.367805   0.209831   0.200698
-0.276615   0.392456   0.15353
-0.384435   -0.474859   0.455333
-0.146935   0.373305   0.331996
0.0694876   -0.00161449   0.172227
-0.17916   -0.180385   -0.373133
-0.487971   0.0839673   -0.488493
-0.168223   0.00788143   -0.22185
0.267576   -0.196686   -0.134995
0.162848   -0.0391044   -0.0149946
0.211923   0.149039   0.0554886
