0.441992   -0.422515   0.268521
-0.226063   0.107213   0.245437
0.472605   0.250625   0.292476
0.294617   -0.433975   0.468928
0.276854   -0.224071   -0.445339
0.1549   -0.351615   0.030404
0.356705   0.120881   0.408977
-0.0227019   -0.362369   0.121993
0.106026   0.422449   0.115443
0.469384   -0.0636047   0.48111
-0.171717   -0.483533   -0.274955
0.14641   0.478757   -0.211012
-0.293422   0.41171   0.140301
0.0280247   -0.139271   -0.0468708
0.300077   -0.385524   -0.353157
-0.21882   -0.331355   -0.0820417
0.329742   0.204115   -0.0553742
-0.0111561   0.0433756   0.0524735
-0.456133   -0.260745   -0.324153
0.434681   0.407785   -0.199134
-0.481574   0.333183   -0.196279
0.109104   0.489962   -0.0080597
-0.119234   0.260331   -0.386295
0.292594   -0.0850307   -0.35195
0.435961   0.435212   0.150842
-0.400784   -0.328433   0.439005
0.427986   -0.0538211   0.0437369
0.150523   0.144349   -0.314079
0.163736   0.304558   -0.486064
0.362982   0.189612   0.194444
-0.381527   0.487713   -0.309537
0.125365   -0.302574   0.484624
-0.0537958   -0.324011   -0.229953
-0.465804   -0.405951   -0.285363
-0.302582   -0.253335   0.0176257
-0.391756   -0.160932   0.465941
0.199182   0.139001   0.294652
-0.215591   -0.0811519   0.143763
0.207463   0.371931   -0.243851
-0.0335543   -0.245256   0.236712
0.303551   -0.208146   -0.339309
-0.169582   -0.390535   0.294284
0.13069   0.0545185   0.148345
-0.334657   0.111135   -0.444411
-0.146662   -0.0559906   -0.225969
0.41593   0.3348   0.33221
-0.131273   -0.0292891   0.209215
0.0860543   0.420188   0.030897
-0.138884   0.306064   0.339511
0.256863   -0.268132   -0.0717163
-0.0771436   -0.290401   0.102334
0.457796   -0.381835   0.205301
0.281168   0.143688   -0.437033
-0.138204   -0.241306   -0.0420459
-0.378933   -0.246813   0.303626
0.391226   -0.33143   0.29857
0.202308   -0.409513   -0.330165
-0.197041   -0.00930274   0.147993
0.265209   0.396198   0.284986
0.379238   -0.00417541   0.0874841
-0.277441   0.046428   0.362907
-0.302904   -0.204891   0.426858
-0.412257   -0.262511   0.221266
0.193178   0.251302   -0.141194
0.0216487   0.444305   -0.0291178
-0.109148   0.438302   0.233366
0.447085   -0.185087   -0.373223
-0.416319   -0.345638   -0.173678
-0.270818   -0.33486   -0.292735
-0.327524   -0.151338   -0.225871
-0.243013   0.218719   -0.045998
0.390755   -0.436527   0.372371
-0.0628185   0.41158   0.113505
0.473777   0.45092   0.409836
-0.265807   0.11752   -0.0663982
0.484107   -0.0458458   -0.420398
-0.120196   0.225019   0.371612
0.382252   -0.476284   0.242735
-0.355513   0.481279   0.00845771
-0.282633   -0.378929   -0.0335082
0.0826062   0.473532   -0.273332
0.212335   0.0755499   0.179614
0.12678   0.481973   -0.11487
0.123867   0.317539   -0.254586
0.013288   0.241794   -0.435513
-0.290001   0.212735   -0.255003
-0.121233   -0.0755666   -0.03674
-0.159099   -0.356615   -0.202967
-0.264   0.443736   -0.303177
0.268417   0.327626   -0.105259
0.105184   -0.0581723   -0.0196558
0.147425   -0.462362   -0.309985
0.132412   0.141648   0.240721
-0.170706   -0.112525   -0.0863813
-0.48678   -0.262589   -0.184771
-0.197851   0.18306   0.29248
0.0207551   -0.0433862   0.0232905
-0.0446178   0.139908   0.315216
0.206968   0.206836   -0.490259
0.340113   -0.1054   -0.277053
-0.269371   0.277951   0.439156
-0.33568   0.289242   -0.0592905
-0.0787662   -0.103123   -0.255493
-0.182997   -0.484392   -0.373638
0.0527994   0.176683   0.267516
-0.23845   -0.282698   -0.0207822
0.0195579   0.432472   0.30658
-0.457713   -0.142319   -0.154657
