0.451207   0.436845   -0.450999
-0.251933   -0.143597   -0.489681
-0.481789   -0.21279   -0.456509
-0.409258   -0.416251   -0.40793
-0.234835   -0.354507   0.460932
-0.0669117   -0.200596   0.417084
-0.116514   -0.301351   -0.371935
-0.153093   0.479836   -0.429789
0.232196   -0.484461   0.441906
0.458575   -0.393913   0.422074
0.264209   -0.227865   0.487202
0.335531   -0.36761   -0.339058
-0.447192   -0.0369391   -0.341879
-0.218584   -0.00834023   -0.323246
-0.303695   -0.0189658   -0.128053
-0.316889   -0.19576   -0.29879
0.0986582   -0.200193   -0.375965
0.121642   -0.0818672   0.428207
-0.0766373   -0.0211954   -0.469594
0.0512188   -0.374279   -0.4875
0.240762   -0.147965   0.227802
0.347938   -0.0529281   0.488634
0.186   -0.0314961   -0.366358
0.366564   -0.127663   -0.311422
-0.479818   0.106924   -0.482329
-0.383255   0.32665   -0.41836
0.465801   0.257146   -0.310024
-0.343413   0.13955   -0.250227
-0.219311   0.202712   -0.436038
-0.0213581   0.315474   -0.493497
-0.279159   0.441475   -0.275475
-0.0805498   0.240351   -0.284264
0.105353   0.154003   -0.470871
0.258494   0.40215   -0.36957
0.0565096   0.459048   -0.346988
0.313774   0.127957   -0.436262
0.476277   0.462444   -0.238846
-0.292242   -0.373372   -0.185275
0.495506   -0.346257   -0.00210306
-0.436629   0.460952   -0.0017447
-0.0864534   -0.444647   -0.216179
0.0446334   -0.327453   -0.069246
-0.149794   -0.424463   -0.0273626
0.0691124   0.451463   0.042754
0.138749   -0.369705   -0.23599
0.321293   -0.46979   0.0448559
0.135973   -0.340404   0.133685
0.195903   0.314169   0.13891
-0.488537   -0.309593   -0.247855
-0.0901374   -0.011654   -0.12472
-0.489634   -0.00255349   0.0129066
-0.355749   -0.210798   -0.059275
-0.13023   -0.239266   -0.172152
0.083589   0.125272   -0.232658
-0.263945   0.0350113   0.100694
0.0364794   -0.120869   0.0366542
0.351411   -0.411332   -0.14269
0.401641   -0.17848   -0.116281
0.139159   -0.128981   -0.173653
0.255177   -0.19511   0.031317
0.46352   0.0518082   -0.172
-0.40761   0.306011   -0.159196
0.377599   0.352714   -0.068751
-0.405042   0.188727   0.0271577
-0.182486   0.166571   -0.0759657
-0.00230667   0.364233   -0.137802
-0.187773   0.361419   -0.0342413
0.0512023   0.0981782   -0.0394375
0.301212   0.165934   -0.220633
0.204865   0.433263   -0.167764
0.165459   0.258586   -0.0607025
0.283148   0.000327514   -0.0863433
0.498899   -0.444422   0.190321
-0.261334   -0.328977   0.114089
-0.389459   -0.302539   0.32267
-0.408446   0.444586   0.393594
-0.280458   0.499153   0.232556
-0.0622729   -0.311953   0.12624
-0.194546   -0.186828   0.24852
-0.0524327   -0.421791   0.33581
0.158602   0.484174   0.249001
0.311527   -0.36747   0.252415
0.119833   -0.286569   0.340848
0.385962   0.422933   0.284888
0.432008   -0.202822   0.127438
-0.362287   -0.133455   0.139914
-0.426266   -0.0773045   0.336213
-0.287661   0.0638017   0.427939
-0.172805   -0.158289   0.0432589
-0.0522442   0.0547502   0.149244
-0.125222   -0.023274   0.329722
0.0403294   -0.133689   0.243604
0.174592   0.0373797   0.0950513
0.356832   -0.0107135   0.159858
0.106337   0.093618   0.295389
0.411783   -0.214482   0.340024
-0.482327   0.154014   0.251142
-0.433407   0.348654   0.177817
0.46157   0.287553   0.399108
-0.328731   0.253121   0.364006
-0.214514   0.219256   0.211963
-0.0961613   0.41145   0.175631
-0.179575   0.399377   0.376248
-0.088413   0.177255   0.372482
0.0146538   0.239054   0.153948
0.374174   0.210768   0.104729
0.251312   0.309784   0.454489
0.306574   0.111957   0.328541
