0.819938
0.817927
0.814358
0.809034
0.801679
0.79195
0.779408
0.763547
0.743834
0.71979
0.691101
0.657758
0.620212
0.579536
0.537439
0.496145
0.458083
0.425445
0.399824
0.381989
0.371863
0.368619
0.37092
0.377172
0.385781
0.395362
0.404862
0.413589
0.421214
0.427693
0.433173
0.437851
0.441888
0.445365
0.448256
0.45047
0.451942
0.452701
0.452893
0.452763
0.452608
0.452701
0.453229
0.454312
0.455968
0.458105
0.46053
0.46295
0.465068
0.466636
0.467509
0.467699
0.467363
0.466741
0.466115
0.465714
0.465698
0.466156
0.467108
0.468499
0.470197
0.471983
0.473551
0.474595
0.474858
0.474194
0.47264
0.470431
0.467986
0.465781
0.464156
0.46314
0.46242
0.46151
0.459994
0.457727
0.454863
0.451797
0.449058
0.447193
0.446679
0.447832
0.450745
0.45525
0.460989
0.467497
0.474297
0.480964
0.487153
0.492595
0.497087
0.500459
0.502572
0.503351
0.502776
0.500899
0.497826
0.493695
0.488629
0.482745
0.476138
0.468943
0.461368
0.453712
0.446357
0.439707
0.434101
0.429747
0.426676
0.424794
0.423944
0.424017
0.424993
0.426968
0.430094
0.434506
0.440241
0.447161
0.454982
0.4633
0.471654
0.479559
0.48654
0.492151
0.496002
0.497842
0.497595
0.495338
0.491312
0.485872
0.479439
0.472459
0.465333
0.458402
0.451935
0.446154
0.441264
0.437491
0.435077
0.434313
0.435469
0.438704
0.443952
0.450862
0.458843
0.467178
0.475177
0.482259
0.487995
0.492115
0.494485
0.495087
0.494018
0.491466
0.487685
0.482977
0.477631
0.471895
0.465945
0.459914
0.453935
0.448233
0.443156
0.439165
0.436721
0.436137
0.437435
0.440311
0.444211
0.448479
0.452485
0.455724
0.457824
0.458544
0.457767
0.455466
0.451741
0.446814
0.441043
0.434949
0.429199
0.424544
0.421709
0.421249
0.423395
0.427974
0.434448
0.442029
0.449849
0.457089
0.463098
0.467428
0.469852
0.470341
0.46906
0.466314
0.462516
0.458148
0.453704
0.449648
0.446358
0.444105
0.443037
0.443165
0.444395
0.446542
0.449356
0.452546
0.455782
0.45872
0.461041
0.462466
0.462793
0.461923
0.45988
0.456825
0.45307
0.449045
0.445258
0.442189
0.440153
0.439241
0.439333
0.440166
0.441434
0.442858
0.444227
0.445422
0.446409
0.4472
0.447817
0.448283
0.448605
0.448748
0.448648
0.448227
0.447407
0.446131
0.444411
0.44235
0.440211
0.438391
0.437353
0.437495
0.439033
0.441977
0.446138
0.451207
0.456816
0.46256
0.468053
0.472917
0.476817
0.479483
0.480754
0.480564
0.47896
0.476093
0.472196
0.46754
0.462434
0.457192
0.452114
0.447467
0.443453
0.440206
0.437765
0.43607
0.434997
0.434376
0.434046
0.433897
0.433877
0.433997
0.434315
0.434925
0.43588
0.43719
0.438753
0.440401
0.441906
0.443012
0.443505
0.443276
0.442332
0.440836
0.439067
0.437392
0.436139
0.43551
0.435504
0.435918
0.436441
0.436753
0.436674
0.436218
0.435561
0.43498
0.434742
0.434987
0.43567
0.436582
0.437392
0.437801
0.43765
0.436991
0.436065
0.43516
0.434431
0.433786
0.432961
0.431718
0.429981
0.427886
0.425702
0.423702
0.422074
0.420903
0.420199
0.419984
0.420326
0.42133
0.423059
0.425482
0.428399
0.431489
0.434396
0.436823
0.438556
0.439495
0.439593
0.438844
0.437228
0.434755
0.431515
0.427703
0.423635
0.419702
0.4163
0.413716
0.412076
0.411364
0.411491
0.412381
0.414009
0.416364
0.419401
0.422971
0.426852
0.430807
0.434645
0.43823
0.441464
0.444242
0.446398
0.447723
0.447991
0.447008
0.444647
0.440893
0.435863
0.429795
0.423096
0.416315
0.410105
0.405134
0.401958
0.400902
0.401996
0.404987
0.409473
0.415028
0.421226
0.427627
0.433768
0.439203
0.443557
0.44659
0.448233
0.448552
0.447712
0.445951
0.443535
0.440748
0.437891
0.435253
0.433082
0.431572
0.430807
0.430814
0.431595
0.433162
0.43552
0.438612
0.442247
0.446102
0.44978
0.452912
0.455217
0.456551
0.456916
0.456434
0.455326
0.453849
0.452223
0.450573
0.448916
0.447179
0.445274
0.443165
0.44089
0.438543
0.436232
0.434077
0.432209
0.430768
0.429885
0.429625
0.429969
0.430785
0.431891
0.433115
0.434333
0.435482
0.43654
0.437492
0.43831
0.438974
0.439472
0.439819
0.440094
0.440421
0.440944
0.441799
0.443088
0.444844
0.446971
0.449306
0.451618
0.453641
0.455137
0.455882
0.455688
0.454448
0.452141
0.448881
0.444908
0.44059
0.436381
0.432774
0.430193
0.42894
0.429127
0.430687
0.433439
0.437106
0.441411
0.446091
0.450925
0.455715
0.460275
0.464428
0.468014
0.470896
0.472974
0.474193
0.474565
0.47415
0.473052
0.471386
0.469257
0.466732
0.463852
0.460652
0.45718
0.45354
0.449894
0.44644
0.443408
0.440985
0.439285
0.438317
0.437969
0.438054
0.438377
0.438756
0.439087
0.43934
0.439563
0.439834
0.440272
0.441
0.442121
0.44371
0.445781
0.448263
0.451006
0.453809
0.456446
0.458717
0.460453
0.461549
0.461961
0.461671
0.460693
0.459053
0.456764
0.453829
0.450249
0.446031
0.441199
0.435815
0.429993
0.423939
0.417967
0.412461
0.40783
0.404398
0.402304
0.401457
0.401567
0.402293
0.403379
0.40473
0.406378
0.408412
0.410928
0.414009
0.417729
0.422171
0.427367
0.433247
0.439629
0.446234
0.452741
0.458855
0.464346
0.469062
0.472881
0.475657
0.477201
0.477325
0.475954
0.473185
0.469326
0.464828
0.460201
0.455901
0.452271
0.449508
0.447662
0.446667
0.446348
0.44652
0.447006
0.447663
0.448385
0.449091
0.449686
0.450024
0.449902
0.44908
0.447328
0.444501
0.440634
0.436009
0.431145
0.426731
0.423462
0.42184
0.422035
0.423874
0.426944
0.430739
0.434794
0.438752
0.442357
0.44543
0.447838
0.449472
0.450269
0.450204
0.449331
0.447802
0.445858
0.443802
0.44192
0.440409
0.439329
0.438582
0.437982
0.437341
0.436556
0.435671
0.434874
0.434479
0.434832
0.436201
0.438694
0.442205
0.446375
0.450671
0.454473
0.457213
0.458457
0.458028
0.45603
0.452814
0.448884
0.444795
0.441006
0.43784
0.435489
0.434067
0.433673
0.43437
0.436152
0.438887
0.442314
0.446062
0.449731
0.452986
0.455631
0.457635
0.459096
0.460187
0.46109
0.461948
0.462879
0.463955
0.465216
0.466685
0.468353
0.47016
0.471986
0.473655
0.474946
0.475611
0.475412
0.474174
0.471799
0.468291
0.463774
0.458461
0.452627
0.446595
0.440715
0.435367
0.430927
0.427704
0.425897
0.425552
0.426523
0.428512
0.431129
0.433951
0.436577
0.438658
0.439917
0.44016
0.43928
0.43725
0.434153
0.4302
0.425739
0.421218
0.417107
0.41379
0.411451
0.410019
0.40923
0.408734
0.408244
0.407588
0.406766
0.405913
0.405276
0.405122
0.405689
0.407135
0.409527
0.412827
0.416901
0.421513
0.42628
0.430724
0.434347
0.436746
0.437692
0.437158
0.435312
0.432455
0.428957
0.425212
0.421596
0.418443
0.416037
0.414594
0.414272
0.415155
0.41722
0.420332
0.424265
0.428713
0.433332
0.437781
0.441745
0.444945
0.447187
0.448379
0.448558
0.447868
0.446547
0.444861
0.443041
0.441218
0.439398
0.437474
0.435315
0.432817
0.429983
0.426949
0.423998
0.4215
0.419872
0.419454
0.420476
0.422998
0.426887
0.431829
0.437375
0.442975
0.448059
0.452111
0.454706
0.455562
0.454531
0.451602
0.446858
0.440453
0.432629
0.423712
0.414116
0.404375
0.39513
0.387047
0.38075
0.37677
0.375498
0.377141
0.381641
0.388601
0.397285
0.406774
0.416128
0.424558
0.431493
0.436605
0.439803
0.441197
0.441052
0.43973
0.437616
0.435084
0.432468
0.430075
0.428171
0.426999
0.426795
0.427733
0.429913
0.433315
0.437789
0.443078
0.448817
0.454593
0.459972
0.464541
0.467964
0.469991
0.470511
0.469559
0.467356
0.464271
0.460809
0.457521
0.45487
0.453121
0.452288
0.45217
0.45248
0.452947
0.453421
0.453862
0.454307
0.454781
0.455255
0.455611
0.455656
0.455181
0.454035
0.452216
0.44988
0.447311
0.444871
0.442943
0.441881
0.441972
0.443369
0.446056
0.449838
0.454393
0.459322
0.464215
0.468687
0.472383
0.474966
0.47616
0.475761
0.47367
0.469934
0.464745
0.458459
0.45154
0.44452
0.437927
0.432206
0.427666
0.424419
0.422385
0.421317
0.420867
0.420636
0.420295
0.419644
0.418672
0.417541
0.41648
0.415663
0.415128
0.414786
0.414505
0.414179
0.413724
0.413073
0.412185
0.411069
0.409804
0.408539
0.407466
0.406771
0.406593
0.407011
0.408058
0.409731
0.411993
0.414773
0.417956
0.421351
0.42468
0.427592
0.4297
0.43068
0.430358
0.428797
0.42634
0.423576
0.421215
0.419875
0.41992
0.421423
0.424212
0.427963
0.432291
0.436801
0.441097
0.444796
0.447538
0.449001
0.448945
0.447231
0.443843
0.438887
0.432572
0.425206
0.417179
0.408933
0.40092
0.39356
0.387185
0.381997
0.378056
0.375309
0.373611
0.372767
0.372584
0.372901
0.373629
0.374772
0.376433
0.378721
0.381708
0.385359
0.389509
0.393918
0.398329
0.402498
0.406255
0.409503
0.41224
0.414548
0.416553
0.418366
0.42005
0.421606
0.422973
0.424072
0.424849
0.425318
0.425568
0.425736
0.42596
0.426297
0.426698
0.426982
0.4269
0.426225
0.424823
0.422695
0.420006
0.417032
0.41411
0.411577
0.409712
0.408691
0.40858
0.409355
0.410906
0.413071
0.415669
0.418507
0.421421
0.424272
0.426948
0.429381
0.431526
0.433366
0.434911
0.436176
0.437139
0.437747
0.437884
0.437396
0.436117
0.433944
0.43086
0.426968
0.422489
0.417738
0.413065
0.408796
0.405175
0.402313
0.400175
0.3986
0.397324
0.396047
0.394495
0.39252
0.390195
0.387842
0.38598
0.385145
0.3856
0.387166
0.389271
0.391198
0.392332
0.392316
0.391124
0.38907
0.386798
0.38521
0.385199
0.38733
0.391623
0.397587
0.404486
0.411609
0.418441
0.424656
0.430076
0.434576
0.438051
0.440389
0.441479
0.441241
0.439664
0.436826
0.43292
0.858464
0.845897
0.830033
0.811884
0.792527
0.77303
0.754316
0.737183
0.722225
0.709837
0.700196
0.693325
0.689142
0.687425
0.68776
0.68945
0.691472
0.692676
0.692107
0.689318
0.684531
0.678552
0.672537
0.667693
0.664949
0.664703
0.66676
0.670426
0.674739
0.678677
0.6814
0.682401
0.681509
0.678781
0.674415
0.668645
0.661856
0.654826
0.648968
0.646213
0.648267
0.655687
0.667705
0.682771
0.699166
0.715264
0.729694
0.741471
0.750108
0.755574
0.758205
0.758612
0.757572
0.755893
0.754268
0.753117
0.752575
0.752617
0.753313
0.75487
0.757404
0.760715
0.76432
0.767749
0.770695
0.773031
0.774662
0.775408
0.774948
0.772888
0.768959
0.763255
0.756411
0.74947
0.743435
0.738796
0.735347
0.732408
0.729276
0.725668
0.721979
0.719248
0.718699
0.721133
0.72666
0.734856
0.745019
0.756217
0.767293
0.77706
0.784547
0.789222
0.791023
0.790267
0.787517
0.783348
0.778154
0.772049
0.765
0.75699
0.74822
0.739211
0.730703
0.723314
0.717247
0.712351
0.70856
0.706047
0.704982
0.705176
0.706115
0.707317
0.708657
0.710412
0.713039
0.716891
0.722043
0.72827
0.735136
0.742075
0.74849
0.753798
0.757491
0.759219
0.758829
0.756414
0.752291
0.746892
0.740622
0.733803
0.72667
0.719463
0.712478
0.706069
0.700632
0.696582
0.694269
0.693916
0.695557
0.699021
0.703934
0.709691
0.715393
0.719908
0.722151
0.721399
0.717542
0.711208
0.703618
0.69627
0.690544
0.687417
0.687278
0.689991
0.695007
0.701521
0.708684
0.71584
0.722666
0.729079
0.734867
0.7394
0.741693
0.740857
0.736569
0.729272
0.720072
0.71043
0.701782
0.695212
0.691277
0.689958
0.690764
0.692936
0.695652
0.698219
0.700203
0.701438
0.701973
0.701989
0.701682
0.701235
0.700786
0.700411
0.700175
0.700211
0.70071
0.701881
0.703942
0.707147
0.711815
0.718202
0.726254
0.735411
0.744631
0.752731
0.758769
0.762268
0.763198
0.761836
0.758634
0.754122
0.748872
0.74347
0.738516
0.734596
0.732153
0.73136
0.732013
0.733581
0.735398
0.736875
0.737709
0.737903
0.737708
0.737512
0.737673
0.73838
0.739475
0.740436
0.74052
0.739014
0.735536
0.730178
0.723544
0.716583
0.710312
0.705503
0.702575
0.701644
0.702774
0.706139
0.711993
0.720405
0.731037
0.743041
0.755186
0.76612
0.77463
0.779838
0.781322
0.779168
0.773862
0.766147
0.756847
0.746692
0.736249
0.725917
0.715998
0.706788
0.698631
0.691896
0.686943
0.684102
0.683716
0.686071
0.691399
0.699773
0.711088
0.724959
0.740493
0.756222
0.770304
0.780963
0.786953
0.78782
0.783969
0.776529
0.767156
0.75774
0.750085
0.7456
0.745031
0.748336
0.754737
0.762962
0.77154
0.779117
0.784646
0.787571
0.787865
0.785961
0.782573
0.778289
0.773314
0.767468
0.760505
0.752445
0.743728
0.735175
0.727748
0.722288
0.719274
0.7187
0.720096
0.722698
0.725726
0.728603
0.73098
0.732662
0.733556
0.73356
0.732516
0.730273
0.726738
0.721954
0.716217
0.710167
0.704786
0.701149
0.700021
0.701515
0.705105
0.70995
0.715174
0.720061
0.724127
0.727134
0.729043
0.729935
0.729939
0.729217
0.72801
0.726618
0.725453
0.72496
0.7255
0.72721
0.729854
0.732852
0.735355
0.736434
0.735301
0.731462
0.724902
0.716126
0.706162
0.696432
0.688488
0.683608
0.682299
0.684087
0.687667
0.691445
0.694132
0.695135
0.694728
0.693906
0.693964
0.695856
0.699708
0.704947
0.710816
0.716769
0.722453
0.727508
0.731413
0.733613
0.73371
0.731682
0.727916
0.723134
0.718222
0.71405
0.711304
0.7103
0.710907
0.712595
0.71464
0.716362
0.717352
0.717582
0.717286
0.716773
0.716224
0.715592
0.714612
0.712974
0.710498
0.707344
0.704075
0.701499
0.70034
0.700846
0.702645
0.704901
0.706724
0.70751
0.707146
0.705972
0.704643
0.703898
0.704285
0.705975
0.70865
0.711611
0.714014
0.715144
0.714622
0.712508
0.709313
0.705998
0.703876
0.704274
0.707973
0.714765
0.723449
0.732283
0.739474
0.743604
0.743813
0.739858
0.732057
0.721216
0.708597
0.695826
0.684647
0.676623
0.672748
0.673247
0.677559
0.684462
0.692256
0.698956
0.702626
0.70183
0.696013
0.685841
0.673325
0.661619
0.65428
0.65402
0.661535
0.67522
0.69204
0.708776
0.723027
0.733507
0.740001
0.743078
0.743839
0.743671
0.743991
0.745977
0.750299
0.75695
0.765226
0.773962
0.781859
0.787808
0.791063
0.791263
0.78832
0.782314
0.773497
0.762291
0.74933
0.735539
0.722054
0.709996
0.700185
0.692951
0.68818
0.685533
0.684687
0.685422
0.687552
0.690797
0.69473
0.698814
0.702488
0.705297
0.706985
0.707504
0.706962
0.70554
0.70339
0.700645
0.697453
0.694083
0.690877
0.688077
0.685627
0.683196
0.680422
0.677194
0.673846
0.671064
0.669672
0.670312
0.673232
0.678225
0.684716
0.692003
0.699476
0.706734
0.713617
0.720158
0.726493
0.732661
0.738454
0.743307
0.746361
0.746741
0.744005
0.738567
0.731829
0.725596
0.720896
0.717218
0.713121
0.7076
0.700902
0.694239
0.688886
0.685454
0.68379
0.683382
0.683728
0.684606
0.68616
0.688905
0.693575
0.700811
0.71084
0.723225
0.736877
0.750302
0.762016
0.770881
0.776267
0.778045
0.77646
0.771963
0.765047
0.756133
0.745582
0.733784
0.721298
0.708931
0.697619
0.688238
0.681351
0.677076
0.675039
0.674594
0.675269
0.677122
0.680877
0.687451
0.697042
0.708473
0.719446
0.727587
0.731379
0.730618
0.726424
0.720816
0.716045
0.713768
0.714606
0.718234
0.723776
0.730255
0.736822
0.742811
0.74766
0.750807
0.751574
0.749261
0.743352
0.733742
0.721004
0.70652
0.692315
0.680412
0.672039
0.667344
0.665858
0.667095
0.670737
0.676583
0.684416
0.693917
0.704566
0.715455
0.725262
0.732584
0.736359
0.736326
0.733164
0.728302
0.723302
0.719029
0.715303
0.711355
0.706685
0.701462
0.696426
0.692477
0.690322
0.690225
0.691945
0.694785
0.697746
0.699801
0.700232
0.698878
0.696174
0.692854
0.689527
0.68638
0.683212
0.679682
0.675592
0.670961
0.666093
0.661569
0.658261
0.657269
0.659693
0.666288
0.677081
0.691206
0.707097
0.722896
0.736859
0.747704
0.754742
0.757907
0.757722
0.755135
0.75126
0.74703
0.742962
0.739111
0.735257
0.731243
0.727171
0.723463
0.720662
0.719206
0.719217
0.720509
0.722814
0.725915
0.729703
0.734053
0.738646
0.74291
0.746027
0.747178
0.745796
0.741729
0.735326
0.727421
0.719213
0.71207
0.70727
0.705762
0.707973
0.713742
0.722395
0.732913
0.74413
0.754865
0.764071
0.770913
0.774845
0.775605
0.773243
0.768176
0.761121
0.752986
0.744674
0.736903
0.730159
0.72476
0.720918
0.718689
0.717923
0.71826
0.719212
0.720328
0.721311
0.721975
0.722154
0.721612
0.720036
0.717141
0.71284
0.707403
0.701466
0.695898
0.691602
0.689293
0.689394
0.691992
0.696835
0.703302
0.710427
0.716995
0.721745
0.723693
0.722407
0.718128
0.711665
0.704062
0.696333
0.689356
0.683881
0.680465
0.679319
0.680236
0.682612
0.685641
0.688568
0.690861
0.69226
0.692835
0.692949
0.693231
0.694442
0.697198
0.701705
0.707557
0.713825
0.719308
0.722942
0.724047
0.72249
0.718648
0.713275
0.707329
0.701785
0.697494
0.695022
0.694593
0.696144
0.699407
0.704015
0.709575
0.715688
0.721951
0.72792
0.733139
0.737135
0.739525
0.740135
0.739045
0.736523
0.732949
0.728736
0.724297
0.719998
0.716067
0.712478
0.708845
0.704499
0.698758
0.691326
0.682734
0.674506
0.668802
0.66749
0.671071
0.67837
0.687154
0.695198
0.701013
0.704116
0.704861
0.704167
0.703136
0.702791
0.703849
0.706645
0.711168
0.717152
0.724116
0.731392
0.73813
0.743471
0.746665
0.747288
0.745322
0.741188
0.735669
0.729768
0.724473
0.720494
0.718133
0.717379
0.718074
0.720027
0.72297
0.726473
0.729973
0.73286
0.734604
0.734843
0.733431
0.730576
0.726843
0.722996
0.719682
0.71719
0.71543
0.714088
0.712851
0.711544
0.710177
0.708916
0.708001
0.70766
0.708084
0.70932
0.711196
0.713272
0.714967
0.715742
0.71535
0.713937
0.712025
0.710313
0.709496
0.710066
0.712187
0.715682
0.720104
0.724886
0.729542
0.733791
0.737665
0.74157
0.746112
0.751744
0.758378
0.765204
0.770917
0.77422
0.774332
0.771229
0.765578
0.758294
0.749993
0.740887
0.731124
0.7211
0.711436
0.702753
0.695456
0.689789
0.685962
0.684214
0.684745
0.687518
0.692128
0.697819
0.703719
0.709134
0.713712
0.717441
0.720513
0.723159
0.725539
0.727706
0.729715
0.731706
0.733861
0.736211
0.738463
0.739978
0.739934
0.737657
0.733055
0.727043
0.72157
0.718841
0.720086
0.724723
0.730759
0.735918
0.738645
0.738406
0.735451
0.730436
0.72412
0.717292
0.710747
0.705232
0.70132
0.699254
0.698967
0.700157
0.70251
0.705855
0.710242
0.715754
0.722144
0.728523
0.73343
0.735331
0.733177
0.726732
0.716579
0.703904
0.69019
0.676924
0.665381
0.656527
0.651005
0.649071
0.650571
0.654967
0.661589
0.669877
0.679453
0.689887
0.700477
0.710298
0.718549
0.724822
0.729115
0.731594
0.732436
0.731875
0.730352
0.72856
0.727272
0.727008
0.727775
0.728969
0.729577
0.728613
0.725593
0.720824
0.715376
0.710617
0.707522
0.706177
0.705818
0.705345
0.703951
0.701411
0.698024
0.694307
0.690706
0.687465
0.684683
0.682521
0.681391
0.681928
0.684678
0.689625
0.696064
0.702981
0.709621
0.715796
0.721775
0.727951
0.734514
0.741311
0.747915
0.753749
0.758224
0.760774
0.760918
0.75837
0.753231
0.746088
0.737716
0.728644
0.718857
0.708162
0.696804
0.685887
0.677166
0.672358
0.67229
0.676516
0.683598
0.691863
0.70007
0.70761
0.714308
0.720124
0.72491
0.728344
0.729992
0.729459
0.726526
0.721273
0.714172
0.706082
0.69811
0.691411
0.686932
0.685145
0.686006
0.819938
0.817927
0.814358
0.809034
0.801679
0.79195
0.779408
0.763547
0.743834
0.71979
0.691101
0.657758
0.620212
0.579536
0.537439
0.496145
0.458083
0.425445
0.399824
0.381989
0.371863
0.368619
0.37092
0.377172
0.385781
0.395362
0.404862
0.413589
0.421214
0.427693
0.433173
0.437851
0.441888
0.445365
0.448256
0.45047
0.451942
0.452701
0.452893
0.452763
0.452608
0.452701
0.453229
0.454312
0.455968
0.458105
0.46053
0.46295
0.465068
0.466636
0.467509
0.467699
0.467363
0.466741
0.466115
0.465714
0.465698
0.466156
0.467108
0.468499
0.470197
0.471983
0.473551
0.474595
0.474858
0.474194
0.47264
0.470431
0.467986
0.465781
0.464156
0.46314
0.46242
0.46151
0.459994
0.457727
0.454863
0.451797
0.449058
0.447193
0.446679
0.447832
0.450745
0.45525
0.460989
0.467497
0.474297
0.480964
0.487153
0.492595
0.497087
0.500459
0.502572
0.503351
0.502776
0.500899
0.497826
0.493695
0.488629
0.482745
0.476138
0.468943
0.461368
0.453712
0.446357
0.439707
0.434101
0.429747
0.426676
0.424794
0.423944
0.424017
0.424993
0.426968
0.430094
0.434506
0.440241
0.447161
0.454982
0.4633
0.471654
0.479559
0.48654
0.492151
0.496002
0.497842
0.497595
0.495338
0.491312
0.485872
0.479439
0.472459
0.465333
0.458402
0.451935
0.446154
0.441264
0.437491
0.435077
0.434313
0.435469
0.438704
0.443952
0.450862
0.458843
0.467178
0.475177
0.482259
0.487995
0.492115
0.494485
0.495087
0.494018
0.491466
0.487685
0.482977
0.477631
0.471895
0.465945
0.459914
0.453935
0.448233
0.443156
0.439165
0.436721
0.436137
0.437435
0.440311
0.444211
0.448479
0.452485
0.455724
0.457824
0.458544
0.457767
0.455466
0.451741
0.446814
0.441043
0.434949
0.429199
0.424544
0.421709
0.421249
0.423395
0.427974
0.434448
0.442029
0.449849
0.457089
0.463098
0.467428
0.469852
0.470341
0.46906
0.466314
0.462516
0.458148
0.453704
0.449648
0.446358
0.444105
0.443037
0.443165
0.444395
0.446542
0.449356
0.452546
0.455782
0.45872
0.461041
0.462466
0.462793
0.461923
0.45988
0.456825
0.45307
0.449045
0.445258
0.442189
0.440153
0.439241
0.439333
0.440166
0.441434
0.442858
0.444227
0.445422
0.446409
0.4472
0.447817
0.448283
0.448605
0.448748
0.448648
0.448227
0.447407
0.446131
0.444411
0.44235
0.440211
0.438391
0.437353
0.437495
0.439033
0.441977
0.446138
0.451207
0.456816
0.46256
0.468053
0.472917
0.476817
0.479483
0.480754
0.480564
0.47896
0.476093
0.472196
0.46754
0.462434
0.457192
0.452114
0.447467
0.443453
0.440206
0.437765
0.43607
0.434997
0.434376
0.434046
0.433897
0.433877
0.433997
0.434315
0.434925
0.43588
0.43719
0.438753
0.440401
0.441906
0.443012
0.443505
0.443276
0.442332
0.440836
0.439067
0.437392
0.436139
0.43551
0.435504
0.435918
0.436441
0.436753
0.436674
0.436218
0.435561
0.43498
0.434742
0.434987
0.43567
0.436582
0.437392
0.437801
0.43765
0.436991
0.436065
0.43516
0.434431
0.433786
0.432961
0.431718
0.429981
0.427886
0.425702
0.423702
0.422074
0.420903
0.420199
0.419984
0.420326
0.42133
0.423059
0.425482
0.428399
0.431489
0.434396
0.436823
0.438556
0.439495
0.439593
0.438844
0.437228
0.434755
0.431515
0.427703
0.423635
0.419702
0.4163
0.413716
0.412076
0.411364
0.411491
0.412381
0.414009
0.416364
0.419401
0.422971
0.426852
0.430807
0.434645
0.43823
0.441464
0.444242
0.446398
0.447723
0.447991
0.447008
0.444647
0.440893
0.435863
0.429795
0.423096
0.416315
0.410105
0.405134
0.401958
0.400902
0.401996
0.404987
0.409473
0.415028
0.421226
0.427627
0.433768
0.439203
0.443557
0.44659
0.448233
0.448552
0.447712
0.445951
0.443535
0.440748
0.437891
0.435253
0.433082
0.431572
0.430807
0.430814
0.431595
0.433162
0.43552
0.438612
0.442247
0.446102
0.44978
0.452912
0.455217
0.456551
0.456916
0.456434
0.455326
0.453849
0.452223
0.450573
0.448916
0.447179
0.445274
0.443165
0.44089
0.438543
0.436232
0.434077
0.432209
0.430768
0.429885
0.429625
0.429969
0.430785
0.431891
0.433115
0.434333
0.435482
0.43654
0.437492
0.43831
0.438974
0.439472
0.439819
0.440094
0.440421
0.440944
0.441799
0.443088
0.444844
0.446971
0.449306
0.451618
0.453641
0.455137
0.455882
0.455688
0.454448
0.452141
0.448881
0.444908
0.44059
0.436381
0.432774
0.430193
0.42894
0.429127
0.430687
0.433439
0.437106
0.441411
0.446091
0.450925
0.455715
0.460275
0.464428
0.468014
0.470896
0.472974
0.474193
0.474565
0.47415
0.473052
0.471386
0.469257
0.466732
0.463852
0.460652
0.45718
0.45354
0.449894
0.44644
0.443408
0.440985
0.439285
0.438317
0.437969
0.438054
0.438377
0.438756
0.439087
0.43934
0.439563
0.439834
0.440272
0.441
0.442121
0.44371
0.445781
0.448263
0.451006
0.453809
0.456446
0.458717
0.460453
0.461549
0.461961
0.461671
0.460693
0.459053
0.456764
0.453829
0.450249
0.446031
0.441199
0.435815
0.429993
0.423939
0.417967
0.412461
0.40783
0.404398
0.402304
0.401457
0.401567
0.402293
0.403379
0.40473
0.406378
0.408412
0.410928
0.414009
0.417729
0.422171
0.427367
0.433247
0.439629
0.446234
0.452741
0.458855
0.464346
0.469062
0.472881
0.475657
0.477201
0.477325
0.475954
0.473185
0.469326
0.464828
0.460201
0.455901
0.452271
0.449508
0.447662
0.446667
0.446348
0.44652
0.447006
0.447663
0.448385
0.449091
0.449686
0.450024
0.449902
0.44908
0.447328
0.444501
0.440634
0.436009
0.431145
0.426731
0.423462
0.42184
0.422035
0.423874
0.426944
0.430739
0.434794
0.438752
0.442357
0.44543
0.447838
0.449472
0.450269
0.450204
0.449331
0.447802
0.445858
0.443802
0.44192
0.440409
0.439329
0.438582
0.437982
0.437341
0.436556
0.435671
0.434874
0.434479
0.434832
0.436201
0.438694
0.442205
0.446375
0.450671
0.454473
0.457213
0.458457
0.458028
0.45603
0.452814
0.448884
0.444795
0.441006
0.43784
0.435489
0.434067
0.433673
0.43437
0.436152
0.438887
0.442314
0.446062
0.449731
0.452986
0.455631
0.457635
0.459096
0.460187
0.46109
0.461948
0.462879
0.463955
0.465216
0.466685
0.468353
0.47016
0.471986
0.473655
0.474946
0.475611
0.475412
0.474174
0.471799
0.468291
0.463774
0.458461
0.452627
0.446595
0.440715
0.435367
0.430927
0.427704
0.425897
0.425552
0.426523
0.428512
0.431129
0.433951
0.436577
0.438658
0.439917
0.44016
0.43928
0.43725
0.434153
0.4302
0.425739
0.421218
0.417107
0.41379
0.411451
0.410019
0.40923
0.408734
0.408244
0.407588
0.406766
0.405913
0.405276
0.405122
0.405689
0.407135
0.409527
0.412827
0.416901
0.421513
0.42628
0.430724
0.434347
0.436746
0.437692
0.437158
0.435312
0.432455
0.428957
0.425212
0.421596
0.418443
0.416037
0.414594
0.414272
0.415155
0.41722
0.420332
0.424265
0.428713
0.433332
0.437781
0.441745
0.444945
0.447187
0.448379
0.448558
0.447868
0.446547
0.444861
0.443041
0.441218
0.439398
0.437474
0.435315
0.432817
0.429983
0.426949
0.423998
0.4215
0.419872
0.419454
0.420476
0.422998
0.426887
0.431829
0.437375
0.442975
0.448059
0.452111
0.454706
0.455562
0.454531
0.451602
0.446858
0.440453
0.432629
0.423712
0.414116
0.404375
0.39513
0.387047
0.38075
0.37677
0.375498
0.377141
0.381641
0.388601
0.397285
0.406774
0.416128
0.424558
0.431493
0.436605
0.439803
0.441197
0.441052
0.43973
0.437616
0.435084
0.432468
0.430075
0.428171
0.426999
0.426795
0.427733
0.429913
0.433315
0.437789
0.443078
0.448817
0.454593
0.459972
0.464541
0.467964
0.469991
0.470511
0.469559
0.467356
0.464271
0.460809
0.457521
0.45487
0.453121
0.452288
0.45217
0.45248
0.452947
0.453421
0.453862
0.454307
0.454781
0.455255
0.455611
0.455656
0.455181
0.454035
0.452216
0.44988
0.447311
0.444871
0.442943
0.441881
0.441972
0.443369
0.446056
0.449838
0.454393
0.459322
0.464215
0.468687
0.472383
0.474966
0.47616
0.475761
0.47367
0.469934
0.464745
0.458459
0.45154
0.44452
0.437927
0.432206
0.427666
0.424419
0.422385
0.421317
0.420867
0.420636
0.420295
0.419644
0.418672
0.417541
0.41648
0.415663
0.415128
0.414786
0.414505
0.414179
0.413724
0.413073
0.412185
0.411069
0.409804
0.408539
0.407466
0.406771
0.406593
0.407011
0.408058
0.409731
0.411993
0.414773
0.417956
0.421351
0.42468
0.427592
0.4297
0.43068
0.430358
0.428797
0.42634
0.423576
0.421215
0.419875
0.41992
0.421423
0.424212
0.427963
0.432291
0.436801
0.441097
0.444796
0.447538
0.449001
0.448945
0.447231
0.443843
0.438887
0.432572
0.425206
0.417179
0.408933
0.40092
0.39356
0.387185
0.381997
0.378056
0.375309
0.373611
0.372767
0.372584
0.372901
0.373629
0.374772
0.376433
0.378721
0.381708
0.385359
0.389509
0.393918
0.398329
0.402498
0.406255
0.409503
0.41224
0.414548
0.416553
0.418366
0.42005
0.421606
0.422973
0.424072
0.424849
0.425318
0.425568
0.425736
0.42596
0.426297
0.426698
0.426982
0.4269
0.426225
0.424823
0.422695
0.420006
0.417032
0.41411
0.411577
0.409712
0.408691
0.40858
0.409355
0.410906
0.413071
0.415669
0.418507
0.421421
0.424272
0.426948
0.429381
0.431526
0.433366
0.434911
0.436176
0.437139
0.437747
0.437884
0.437396
0.436117
0.433944
0.43086
0.426968
0.422489
0.417738
0.413065
0.408796
0.405175
0.402313
0.400175
0.3986
0.397324
0.396047
0.394495
0.39252
0.390195
0.387842
0.38598
0.385145
0.3856
0.387166
0.389271
0.391198
0.392332
0.392316
0.391124
0.38907
0.386798
0.38521
0.385199
0.38733
0.391623
0.397587
0.404486
0.411609
0.418441
0.424656
0.430076
0.434576
0.438051
0.440389
0.441479
0.441241
0.439664
0.436826
0.43292
