1.19039
1.1575
1.10253
1.02723
0.934275
0.827831
0.71361
0.598761
0.491401
0.399585
0.329985
0.286625
0.270145
0.277891
0.304751
0.344361
0.390328
0.437082
0.480344
0.51724
0.546219
0.566841
0.579531
0.5853
0.585613
0.582118
0.576501
0.570371
0.565175
0.562009
0.561593
0.564255
0.569938
0.578313
0.588709
0.600405
0.612652
0.624758
0.636136
0.646278
0.654835
0.661476
0.665893
0.667863
0.667157
0.663648
0.657322
0.648469
0.637748
0.626171
0.61503
0.605698
0.599443
0.597264
0.599652
0.606478
0.61699
0.630058
0.644248
0.658069
0.670137
0.679387
0.68507
0.686816
0.684587
0.678754
0.66999
0.659229
0.647473
0.635654
0.624439
0.614147
0.604845
0.596432
0.588881
0.582404
0.577498
0.574844
0.575035
0.578192
0.583787
0.590677
0.597538
0.603419
0.607993
0.611483
0.614379
0.617098
0.619679
0.621834
0.622985
0.622584
0.620288
0.616042
0.610147
0.60307
0.595352
0.587464
0.579884
0.573032
0.567324
0.563154
0.560966
0.561096
0.563716
0.56878
0.57601
0.584881
0.594773
0.605037
0.615076
0.624475
0.633018
0.640582
0.647049
0.652279
0.656052
0.658137
0.658351
0.656559
0.65281
0.647427
0.640833
0.633649
0.626488
0.619947
0.614423
0.610088
0.606906
0.604699
0.603164
0.601972
0.600825
0.599597
0.598312
0.597234
0.596836
0.597662
0.600131
0.604432
0.610334
0.617145
0.623908
0.629525
0.633046
0.633834
0.631741
0.627149
0.620777
0.613569
0.606411
0.599824
0.594009
0.588756
0.583608
0.578173
0.572335
0.566378
0.560992
0.557174
0.55595
0.558099
0.563996
0.573532
0.586123
0.600867
0.61674
0.632705
0.647881
0.661585
0.67329
0.682708
0.689646
0.693984
0.695602
0.694534
0.690859
0.684783
0.676589
0.66662
0.655239
0.642702
0.629222
0.615027
0.600417
0.585868
0.571997
0.559527
0.549125
0.541315
0.536371
0.534289
0.534853
0.537693
0.542429
0.548717
0.556247
0.564752
0.573994
0.583739
0.593698
0.603617
0.613249
0.622394
0.63103
0.639195
0.647
0.654533
0.661825
0.668764
0.675073
0.680334
0.684121
0.685978
0.685596
0.682673
0.67702
0.668611
0.657678
0.644813
0.630777
0.616459
0.60275
0.590372
0.579874
0.571643
0.566026
0.563428
0.564123
0.568075
0.574924
0.583934
0.594121
0.604491
0.614077
0.622066
0.62784
0.630956
0.631252
0.628828
0.624019
0.617345
0.609558
0.601458
0.59382
0.587235
0.582196
0.579059
0.578127
0.579617
0.583597
0.589988
0.59847
0.608389
0.61899
0.629512
0.639274
0.647779
0.654819
0.660423
0.664644
0.667559
0.669151
0.66928
0.667672
0.664056
0.658293
0.650517
0.641078
0.630602
0.619859
0.609549
0.600239
0.592284
0.58578
0.580551
0.576382
0.573034
0.570299
0.568205
0.566971
0.566953
0.568595
0.572258
0.578118
0.586011
0.595372
0.60541
0.615112
0.623413
0.629387
0.632479
0.632578
0.630122
0.625949
0.621035
0.616308
0.612404
0.609616
0.607926
0.607176
0.607137
0.607582
0.608325
0.609274
0.610448
0.611909
0.613731
0.61593
0.618444
0.6211
0.6235
0.625129
0.625415
0.623899
0.620279
0.614617
0.607441
0.599593
0.592153
0.586199
0.582577
0.581729
0.583681
0.587964
0.593792
0.600115
0.605905
0.610367
0.613069
0.614088
0.613917
0.613299
0.612988
0.613556
0.615259
0.61815
0.622058
0.626663
0.631513
0.636071
0.639739
0.641889
0.641909
0.639407
0.634344
0.627022
0.618194
0.608923
0.600508
0.594182
0.590918
0.591172
0.594834
0.60128
0.609443
0.618067
0.625891
0.631856
0.635155
0.635389
0.632551
0.627001
0.619306
0.61022
0.600427
0.590563
0.58122
0.572995
0.566598
0.562791
0.562259
0.565469
0.572536
0.583163
0.596638
0.611991
0.628034
0.643465
0.657029
0.667662
0.67456
0.677249
0.675661
0.670143
0.661445
0.650617
0.638862
0.627354
0.617059
0.608686
0.602643
0.598974
0.597483
0.597693
0.598961
0.600448
0.601283
0.600793
0.598621
0.594817
0.589758
0.584107
0.578623
0.573962
0.570666
0.569059
0.569306
0.571503
0.575652
0.581714
0.589493
0.598695
0.608929
0.619648
0.630234
0.639981
0.648186
0.654336
0.658038
0.65918
0.657882
0.654479
0.649514
0.643586
0.637375
0.631523
0.626567
0.622762
0.620163
0.618613
0.617718
0.616954
0.615703
0.613423
0.609719
0.604539
0.598097
0.590919
0.583872
0.577998
0.574317
0.573581
0.576088
0.581495
0.588927
0.59706
0.60456
0.610447
0.6143
0.61641
0.617677
0.619267
0.622171
0.626721
0.632565
0.638844
0.644568
0.649035
0.65189
0.653008
0.652515
0.650586
0.647329
0.642927
0.637649
0.631792
0.625822
0.620021
0.614599
0.609649
0.605259
0.601567
0.598786
0.597275
0.597497
0.599857
0.604565
0.611593
0.620506
0.630566
0.640739
0.649782
0.656597
0.660082
0.659427
0.654189
0.644411
0.63062
0.613799
0.595395
0.577175
0.56095
0.548414
0.540876
0.539148
0.543347
0.552782
0.566064
0.581282
0.596199
0.6087
0.617172
0.620795
0.619674
0.61478
0.607714
0.600324
0.594245
0.590651
0.590001
0.592105
0.596318
0.601636
0.607028
0.611606
0.614735
0.616173
0.61604
0.614784
0.613043
0.611506
0.610785
0.6113
0.613211
0.616434
0.620818
0.626117
0.632175
0.638827
0.645926
0.653256
0.660546
0.667395
0.673362
0.678065
0.681162
0.682279
0.681136
0.677545
0.671397
0.66279
0.652128
0.640079
0.627492
0.615092
0.603341
0.592333
0.581837
0.571561
0.561343
0.551294
0.541835
0.533563
0.527167
0.523298
0.522411
0.524703
0.530137
0.538494
0.549318
0.562118
0.576306
0.591238
0.606267
0.620766
0.634139
0.645833
0.655291
0.662076
0.665933
0.666764
0.664654
0.659769
0.652393
0.642926
0.631813
0.619654
0.607189
0.595242
0.584718
0.576561
0.571497
0.570119
0.572733
0.579209
0.588815
0.600336
0.61228
0.623249
0.632187
0.638528
0.642171
0.643335
0.642477
0.640087
0.636772
0.633117
0.629639
0.62681
0.624872
0.623783
0.623316
0.623205
0.623167
0.623016
0.622728
0.622311
0.621874
0.621587
0.621643
0.622148
0.623172
0.624616
0.626191
0.627397
0.627594
0.626187
0.622704
0.616923
0.608997
0.59945
0.589147
0.579171
0.570674
0.564661
0.5618
0.562328
0.566064
0.57247
0.580703
0.58975
0.598454
0.605599
0.610127
0.611342
0.609142
0.60412
0.597461
0.590748
0.585652
0.583567
0.5854
0.591384
0.601042
0.613366
0.626901
0.64012
0.651671
0.660603
0.666407
0.66906
0.668913
0.666529
0.66252
0.657354
0.651353
0.644623
0.637235
0.629317
0.621104
0.612976
0.605508
0.599387
0.595217
0.593407
0.594096
0.59706
0.601716
0.607212
0.612622
0.6171
0.619962
0.620852
0.619689
0.616637
0.612006
0.606211
0.599769
0.59322
0.587131
0.582004
0.578447
0.576999
0.578108
0.582107
0.589109
0.598937
0.611111
0.624773
0.638765
0.651825
0.662764
0.670704
0.675018
0.675294
0.671311
0.663086
0.65092
0.635587
0.618364
0.601028
0.585627
0.574187
0.568138
0.568141
0.573887
0.584261
0.59758
0.612053
0.626041
0.638244
0.647725
0.653849
0.656217
0.654634
0.649156
0.640175
0.628396
0.614858
0.600805
0.587523
0.576121
0.567386
0.561767
0.55939
0.560072
0.563387
0.568715
0.575332
0.58251
0.589678
0.596499
0.60291
0.609095
0.615246
0.621581
0.628152
0.634826
0.64126
0.646959
0.651387
0.654025
0.654385
0.65215
0.647199
0.639646
0.629866
0.618467
0.606316
0.594387
0.583741
0.575408
0.57025
0.568718
0.57068
0.575484
0.582006
0.588947
0.59515
0.59983
0.602725
0.60404
0.604335
0.604407
0.605105
0.607146
0.610935
0.616434
0.623236
0.63068
0.638027
0.644627
0.649987
0.653718
0.655499
0.655065
0.652136
0.64665
0.638718
0.628841
0.61785
0.606895
0.59735
0.590434
0.587062
0.58751
0.591332
0.597467
0.604591
0.611374
0.616775
0.620124
0.621197
0.620154
0.617396
0.613499
0.609067
0.604697
0.60084
0.597907
0.596243
0.59617
0.597856
0.601365
0.606475
0.612779
0.619597
0.626173
0.631659
0.635326
0.636713
0.635711
0.632575
0.627762
0.621833
0.615536
0.609701
0.605181
0.602691
0.602734
0.605375
0.610327
0.616922
0.624335
0.631707
0.63831
0.643571
0.647153
0.648993
0.64923
0.648158
0.64614
0.643342
0.639675
0.634988
0.629163
0.622242
0.614529
0.606601
0.599195
0.592918
0.588118
0.584823
0.582745
0.581432
0.580508
0.579755
0.579212
0.579069
0.579729
0.581597
0.584994
0.590054
0.59663
0.604304
0.612504
0.620576
0.627871
0.633789
0.637864
0.639769
0.639324
0.636583
0.631784
0.625321
0.617783
0.6099
0.602441
0.596107
0.591376
0.588539
0.587777
0.589139
0.592565
0.597939
0.604994
0.613314
0.622227
0.630912
0.638488
0.644119
0.647217
0.647481
0.645049
0.640332
0.63385
0.626238
0.618084
0.609933
0.602269
0.595558
0.590271
0.586775
0.585202
0.58543
0.586934
0.588934
0.590554
0.590939
0.589491
0.586053
0.581057
0.575502
0.570819
0.568581
0.570115
0.576249
0.587111
0.602039
0.619712
0.638352
0.656012
0.670875
0.681498
0.687092
0.687608
0.683656
0.676419
0.667303
0.657661
0.648577
0.640681
0.634235
0.629268
0.625711
0.623483
0.622452
0.622366
0.622761
0.622883
0.62192
0.619034
0.613637
0.605464
0.594707
0.581953
0.568249
0.554947
0.543409
0.534797
0.529915
0.52906
0.53221
0.539068
0.549174
0.561989
0.576963
0.593503
0.611013
0.628887
0.646402
0.662768
0.67703
0.688184
0.695341
0.697868
0.695457
0.688203
0.676498
0.661112
0.643041
0.623489
0.603887
0.585737
0.570554
0.559736
0.55435
0.554807
0.560791
0.571316
0.584931
0.600082
0.615299
0.629346
0.641182
0.650055
0.655468
0.657177
0.655294
0.65022
0.642587
0.633129
0.622606
0.611736
0.601275
0.592039
0.584744
0.579992
0.578101
0.579087
0.582692
0.588378
0.595575
0.603793
0.6127
0.622078
0.631758
0.641486
0.650825
