0.793591
0.771664
0.735023
0.684817
0.62285
0.551887
0.47574
0.399174
0.3276
0.26639
0.21999
0.191083
0.180096
0.185261
0.203167
0.229574
0.260219
0.291388
0.320229
0.344826
0.364146
0.377894
0.386354
0.3902
0.390409
0.388079
0.384334
0.380247
0.376784
0.374673
0.374395
0.37617
0.379959
0.385542
0.392473
0.40027
0.408435
0.416505
0.42409
0.430852
0.436557
0.440984
0.443929
0.445242
0.444771
0.442432
0.438215
0.432313
0.425166
0.417447
0.41002
0.403799
0.399628
0.398176
0.399768
0.404319
0.411326
0.420039
0.429499
0.438713
0.446758
0.452924
0.456714
0.457878
0.456391
0.452503
0.44666
0.439486
0.431649
0.423769
0.416293
0.409431
0.40323
0.397621
0.392587
0.388269
0.384999
0.383229
0.383357
0.385461
0.389191
0.393785
0.398359
0.402279
0.405329
0.407655
0.409586
0.411398
0.413119
0.414556
0.415323
0.415056
0.413526
0.410694
0.406765
0.402046
0.396901
0.391643
0.386589
0.382022
0.378216
0.375436
0.373978
0.374064
0.375811
0.379186
0.384007
0.389921
0.396516
0.403358
0.410051
0.416317
0.422012
0.427055
0.431366
0.434853
0.437368
0.438758
0.438901
0.437706
0.435206
0.431618
0.427222
0.422432
0.417659
0.413298
0.409615
0.406725
0.404604
0.403133
0.402109
0.401315
0.40055
0.399732
0.398875
0.398156
0.397891
0.398441
0.400087
0.402955
0.406889
0.41143
0.415938
0.419683
0.42203
0.422556
0.421161
0.418099
0.413851
0.409046
0.404274
0.399883
0.396006
0.392504
0.389072
0.385449
0.381556
0.377586
0.373995
0.371449
0.370633
0.372066
0.375997
0.382355
0.390749
0.400578
0.41116
0.421803
0.431921
0.441057
0.44886
0.455139
0.459764
0.462656
0.463735
0.463023
0.460573
0.456522
0.451059
0.444413
0.436826
0.428468
0.419481
0.410018
0.400278
0.390579
0.381331
0.373018
0.366083
0.360877
0.357581
0.356193
0.356569
0.358462
0.36162
0.365811
0.370831
0.376501
0.382663
0.389159
0.395799
0.402411
0.408833
0.41493
0.420687
0.42613
0.431334
0.436356
0.441216
0.445842
0.450049
0.453556
0.45608
0.457319
0.457064
0.455115
0.451346
0.445741
0.438452
0.429876
0.420518
0.410973
0.401833
0.393581
0.386583
0.381095
0.37735
0.375618
0.376082
0.378717
0.383283
0.389289
0.39608
0.402994
0.409385
0.414711
0.41856
0.420638
0.420835
0.419219
0.416013
0.411564
0.406372
0.400972
0.39588
0.39149
0.388131
0.386039
0.385418
0.386411
0.389065
0.393325
0.39898
0.405593
0.41266
0.419675
0.426183
0.431853
0.436546
0.440282
0.443096
0.445039
0.446101
0.446187
0.445115
0.442704
0.438862
0.433678
0.427385
0.420401
0.413239
0.406366
0.400159
0.394856
0.39052
0.387034
0.384255
0.382022
0.380199
0.378803
0.377981
0.377969
0.379063
0.381505
0.385412
0.390674
0.396914
0.403607
0.410075
0.415609
0.419592
0.421653
0.421719
0.420081
0.4173
0.414023
0.410872
0.408269
0.40641
0.405284
0.404784
0.404758
0.405054
0.40555
0.406183
0.406965
0.407939
0.409154
0.41062
0.412296
0.414067
0.415667
0.416752
0.416943
0.415933
0.41352
0.409745
0.404961
0.399729
0.394768
0.3908
0.388385
0.387819
0.38912
0.391976
0.395861
0.400077
0.403937
0.406911
0.408713
0.409392
0.409278
0.408866
0.408659
0.409037
0.410172
0.4121
0.414706
0.417775
0.421009
0.424047
0.426493
0.427926
0.427939
0.426271
0.422896
0.418014
0.41213
0.405949
0.400339
0.396121
0.393945
0.394115
0.396556
0.400853
0.406295
0.412045
0.417261
0.421237
0.423436
0.423593
0.421701
0.418001
0.412871
0.406813
0.400285
0.393708
0.38748
0.381997
0.377732
0.375194
0.37484
0.376979
0.38169
0.388776
0.397759
0.407994
0.41869
0.428977
0.43802
0.445108
0.449707
0.451499
0.450441
0.446762
0.440963
0.433745
0.425908
0.418236
0.411372
0.405791
0.401762
0.399316
0.398322
0.398462
0.399307
0.400298
0.400856
0.400529
0.399081
0.396545
0.393172
0.389405
0.385749
0.382642
0.380444
0.379373
0.379537
0.381002
0.383768
0.38781
0.392995
0.39913
0.405953
0.413099
0.420156
0.426654
0.432124
0.436224
0.438692
0.439453
0.438588
0.436319
0.433009
0.429057
0.424917
0.421015
0.417712
0.415175
0.413442
0.412409
0.411812
0.411303
0.410469
0.408948
0.40648
0.403026
0.398731
0.393946
0.389248
0.385332
0.382878
0.382387
0.384059
0.387664
0.392618
0.39804
0.40304
0.406964
0.409533
0.41094
0.411785
0.412844
0.414781
0.417814
0.42171
0.425896
0.429712
0.43269
0.434593
0.435339
0.43501
0.433724
0.431553
0.428618
0.425099
0.421195
0.417215
0.413347
0.409732
0.406432
0.403506
0.401044
0.39919
0.398183
0.398331
0.399905
0.403043
0.407728
0.41367
0.420377
0.427159
0.433188
0.437731
0.440055
0.439618
0.436126
0.429608
0.420413
0.4092
0.39693
0.384783
0.373967
0.365609
0.360584
0.359432
0.362231
0.368521
0.377376
0.387521
0.397466
0.4058
0.411448
0.413863
0.413116
0.409853
0.405142
0.400216
0.396163
0.393767
0.393334
0.394737
0.397545
0.401091
0.404685
0.407737
0.409823
0.410782
0.410693
0.409856
0.408695
0.40767
0.40719
0.407533
0.408807
0.410956
0.413879
0.417411
0.42145
0.425885
0.430618
0.435504
0.440364
0.44493
0.448908
0.452043
0.454108
0.454852
0.45409
0.451696
0.447598
0.44186
0.434752
0.426719
0.418328
0.410061
0.402227
0.394889
0.387891
0.38104
0.374228
0.36753
0.361224
0.355708
0.351444
0.348865
0.348274
0.349802
0.353425
0.358996
0.366212
0.374745
0.384204
0.394159
0.404178
0.413844
0.422759
0.430555
0.436861
0.441384
0.443955
0.444509
0.443102
0.439846
0.434929
0.428617
0.421208
0.413103
0.404793
0.396828
0.389812
0.384374
0.380998
0.380079
0.381822
0.386139
0.392543
0.400224
0.408186
0.415499
0.421458
0.425686
0.428114
0.42889
0.428318
0.426725
0.424514
0.422078
0.419759
0.417874
0.416581
0.415855
0.415544
0.41547
0.415445
0.415344
0.415152
0.414874
0.414582
0.414391
0.414429
0.414765
0.415448
0.416411
0.417461
0.418265
0.418396
0.417458
0.415136
0.411282
0.405998
0.399633
0.392764
0.386114
0.380449
0.376441
0.374533
0.374885
0.377376
0.381647
0.387135
0.393167
0.39897
0.403733
0.406751
0.407561
0.406095
0.402747
0.398308
0.393832
0.390435
0.389044
0.390266
0.394256
0.400695
0.408911
0.417934
0.426747
0.434447
0.440402
0.444271
0.44604
0.445942
0.444352
0.44168
0.438236
0.434235
0.429748
0.424823
0.419545
0.414069
0.40865
0.403672
0.399592
0.396812
0.395605
0.396064
0.39804
0.401144
0.404808
0.408415
0.4114
0.413308
0.413901
0.413126
0.411092
0.408004
0.404141
0.399846
0.39548
0.391421
0.388002
0.385631
0.384666
0.385405
0.388072
0.392739
0.399291
0.407407
0.416516
0.425844
0.43455
0.441842
0.447136
0.450012
0.450196
0.447541
0.442057
0.433947
0.423725
0.412242
0.400685
0.390418
0.382791
0.378759
0.37876
0.382591
0.389507
0.398387
0.408035
0.417361
0.425496
0.431817
0.4359
0.437478
0.436422
0.43277
0.426783
0.41893
0.409905
0.400537
0.391682
0.38408
0.378258
0.374511
0.372927
0.373381
0.375592
0.379143
0.383554
0.38834
0.393118
0.397666
0.40194
0.406063
0.410164
0.414387
0.418768
0.423218
0.427506
0.431306
0.434258
0.436017
0.436257
0.434767
0.431466
0.426431
0.41991
0.412312
0.40421
0.396258
0.38916
0.383606
0.380167
0.379145
0.380454
0.383656
0.388004
0.392631
0.396767
0.399887
0.401817
0.402693
0.40289
0.402938
0.403404
0.404764
0.40729
0.410956
0.415491
0.420453
0.425351
0.429751
0.433325
0.435812
0.436999
0.43671
0.434757
0.4311
0.425812
0.419227
0.4119
0.404596
0.398233
0.393623
0.391375
0.391673
0.394222
0.398311
0.403061
0.407583
0.411183
0.413416
0.414131
0.413436
0.411597
0.408999
0.406045
0.403131
0.40056
0.398604
0.397495
0.397446
0.398571
0.40091
0.404316
0.40852
0.413065
0.417448
0.421106
0.42355
0.424475
0.423807
0.421717
0.418508
0.414555
0.410357
0.406467
0.403454
0.401794
0.401823
0.403583
0.406885
0.411281
0.416224
0.421138
0.42554
0.429047
0.431436
0.432662
0.43282
0.432106
0.43076
0.428895
0.42645
0.423325
0.419442
0.414828
0.409686
0.404401
0.399463
0.395279
0.392078
0.389882
0.388497
0.387621
0.387005
0.386503
0.386141
0.386046
0.386486
0.387732
0.389996
0.393369
0.397754
0.40287
0.408336
0.413717
0.418581
0.422526
0.425243
0.426512
0.426216
0.424389
0.421189
0.416881
0.411855
0.4066
0.401627
0.397405
0.394251
0.392359
0.391851
0.392759
0.395043
0.398626
0.403329
0.408876
0.414818
0.420608
0.425659
0.429413
0.431478
0.431654
0.430032
0.426888
0.422567
0.417492
0.412056
0.406622
0.401513
0.397039
0.393514
0.391183
0.390135
0.390287
0.39129
0.392623
0.393703
0.39396
0.392994
0.390702
0.387371
0.383668
0.380546
0.379054
0.380076
0.384166
0.391408
0.401359
0.413142
0.425568
0.437341
0.44725
0.454332
0.458061
0.458405
0.455771
0.450946
0.444869
0.438441
0.432385
0.427121
0.422824
0.419512
0.417141
0.415655
0.414968
0.414911
0.415174
0.415255
0.414613
0.412689
0.409091
0.403643
0.396471
0.387968
0.378833
0.369965
0.362273
0.356531
0.353277
0.352707
0.354807
0.359378
0.366116
0.37466
0.384642
0.395669
0.407342
0.419258
0.430935
0.441845
0.451353
0.458789
0.46356
0.465245
0.463638
0.458802
0.450999
0.440741
0.428694
0.415659
0.402591
0.390492
0.380369
0.373158
0.369567
0.369872
0.373861
0.380878
0.389954
0.400054
0.410199
0.419564
0.427455
0.43337
0.436979
0.438118
0.436863
0.43348
0.428391
0.422086
0.415071
0.407824
0.40085
0.394693
0.38983
0.386662
0.385401
0.386058
0.388461
0.392252
0.39705
0.402529
0.408467
0.414718
0.421172
0.427657
0.433883
