1.35318
1.35321
1.35323
1.35326
1.35328
1.35329
1.35329
1.3533
1.3533
1.35332
1.35333
1.35335
1.35339
1.35343
1.35347
1.3535
1.35352
1.35353
1.35351
1.35348
1.35345
1.3534
1.35333
1.35328
1.35324
1.3532
1.35318
1.35317
1.35317
1.35319
1.3532
1.35322
1.35324
1.35327
1.35328
1.3533
1.35331
1.35332
1.35333
1.35334
1.35335
1.35336
1.35337
1.35337
1.35338
1.35338
1.35337
1.35336
1.35334
1.35332
1.35331
1.35329
1.35329
1.35328
1.35328
1.3533
1.35331
1.35333
1.35336
1.35339
1.35339
1.35339
1.35339
1.35339
1.35343
1.3535
1.3536
1.35371
1.35379
1.35379
1.35369
1.35354
1.35336
1.35323
1.35319
1.35321
1.35325
1.3533
1.3533
1.35326
1.35319
1.35312
1.35307
1.35304
1.35304
1.35307
1.35312
1.35317
1.35322
1.3533
1.35341
1.35357
1.35377
1.35399
1.35422
1.35444
1.3546
1.35467
1.3546
1.35434
1.35393
1.35342
1.35293
1.35255
1.35234
1.35226
1.35229
1.35237
1.35248
1.35258
1.35269
1.35281
1.35292
1.35301
1.35312
1.3532
1.35327
1.35333
1.35338
1.35344
1.35349
1.35355
1.35361
1.35369
1.35378
1.35389
1.35401
1.35412
1.3542
1.35419
1.35406
1.35382
1.35352
1.35323
1.35307
1.35305
1.35315
1.35334
1.35359
1.35383
1.35407
1.35425
1.35436
1.35437
1.35427
1.35405
1.35373
1.35337
1.35303
1.35275
1.35257
1.3525
1.35252
1.3526
1.35272
1.35286
1.35299
1.35313
1.35325
1.35336
1.35346
1.35355
1.35361
1.35367
1.35371
1.35374
1.35377
1.35379
1.35383
1.35387
1.3539
1.35391
1.35389
1.35382
1.35368
1.35349
1.35326
1.35304
1.35285
1.35273
1.3527
1.35272
1.35281
1.35289
1.353
1.35309
1.35319
1.35326
1.35332
1.35336
1.3534
1.35343
1.35346
1.35347
1.35348
1.3535
1.35351
1.35353
1.35354
1.35354
1.35354
1.35352
1.35351
1.35349
1.35347
1.35344
1.35342
1.35341
1.35339
1.35337
1.35336
1.35336
1.35334
1.35333
1.3533
1.35326
1.35321
1.35316
1.35312
1.35308
1.35306
1.35305
1.35305
1.35306
1.35307
1.35309
1.35311
1.35314
1.35316
1.35319
1.35323
1.35326
1.3533
1.35334
1.35338
1.35343
1.35344
1.35347
1.35347
1.35348
1.35348
1.35345
1.35343
1.3534
1.35337
1.35334
1.35332
1.3533
1.35331
1.35336
1.35343
1.35354
1.35363
1.35369
1.35361
1.35338
1.35302
1.35261
1.35231
1.35218
1.35221
1.35237
1.35256
1.35275
1.35291
1.35305
1.35315
1.35322
1.35327
1.3533
1.35332
1.35335
1.35337
1.3534
1.35342
1.35346
1.35349
1.35356
1.35361
1.35367
1.35371
1.35374
1.35374
1.35372
1.35365
1.35356
1.35344
1.35333
1.35323
1.35317
1.35317
1.35324
1.35339
1.35359
1.35381
1.35392
1.35387
1.35358
1.35311
1.35261
1.35226
1.35214
1.35221
1.35239
1.35257
1.35275
1.35289
1.353
1.35308
1.35314
1.35319
1.35323
1.35327
1.35331
1.35336
1.35339
1.35342
1.35342
1.35339
1.35332
1.35322
1.35309
1.35297
1.35289
1.35284
1.35282
1.35285
1.3529
1.35297
1.35305
1.35312
1.35319
1.35325
1.35332
1.35338
1.35342
1.35346
1.35349
1.35351
1.35352
1.35351
1.3535
1.35349
1.35349
1.35352
1.35356
1.35363
1.35369
1.35375
1.35378
1.35376
1.35368
1.35354
1.35336
1.35315
1.35294
1.35275
1.35262
1.35254
1.35251
1.35254
1.3526
1.35266
1.35275
1.35282
1.35289
1.35294
1.35298
1.35301
1.35304
1.35307
1.35311
1.35318
1.35326
1.35335
1.35347
1.35359
1.35372
1.35387
1.35397
1.35406
1.3541
1.35407
1.35396
1.35374
1.35343
1.35309
1.35277
1.35258
1.35255
1.35267
1.35288
1.35313
1.35334
1.3535
1.35357
1.35356
1.3535
1.35343
1.35339
1.35338
1.3534
1.35342
1.35342
1.35336
1.35326
1.35314
1.35302
1.35294
1.35291
1.35294
1.35301
1.35308
1.35317
1.35325
1.35332
1.35338
1.35342
1.35345
1.35345
1.35345
1.35343
1.35339
1.35334
1.3533
1.35325
1.35322
1.35321
1.35322
1.35323
1.35328
1.35334
1.3534
1.35344
1.35348
1.35351
1.35354
1.35356
1.35359
1.35362
1.35366
1.35369
1.3537
1.35367
1.35359
1.35347
1.35335
1.35323
1.35313
1.35306
1.35301
1.35297
1.35295
1.35296
1.35301
1.35308
1.35317
1.35328
1.3534
1.35354
1.35366
1.35378
1.35386
1.3539
1.35389
1.35382
1.35369
1.35352
1.3533
1.35309
1.35289
1.35274
1.35264
1.3526
1.3526
1.35265
1.35274
1.35283
1.35293
1.35305
1.35318
1.3533
1.35343
1.35355
1.35368
1.35379
1.3539
1.35398
1.35402
1.35403
1.35399
1.35389
1.35375
1.3536
1.35346
1.35335
1.35325
1.3532
1.35317
1.35315
1.35311
1.35306
1.353
1.35292
1.35287
1.35283
1.35282
1.35283
1.35285
1.35289
1.35294
1.35297
1.35301
1.35304
1.35308
1.35311
1.35313
1.35315
1.35316
1.35317
1.35317
1.35316
1.35315
1.35314
1.35314
1.35314
1.35314
1.35316
1.35318
1.35322
1.35325
1.35328
1.35331
1.35334
1.35337
1.35339
1.35343
1.35347
1.35352
1.35356
1.35359
1.35361
1.3536
1.35356
1.35347
1.35336
1.35325
1.35315
1.35306
1.353
1.35295
1.35292
1.35289
1.35286
1.35283
1.35282
1.35282
1.35284
1.35289
1.35295
1.35304
1.35312
1.35321
1.3533
1.3534
1.35349
1.35357
1.35364
1.35369
1.35369
1.35367
1.35362
1.35356
1.35347
1.3534
1.35335
1.35332
1.35333
1.35334
1.35337
1.35339
1.3534
1.3534
1.35338
1.35335
1.35332
1.35329
1.35326
1.35323
1.35322
1.35322
1.35323
1.35325
1.35328
1.35331
1.35334
1.35338
1.35342
1.35346
1.35349
1.35351
1.3535
1.35347
1.35343
1.35338
1.35332
1.35326
1.35321
1.35318
1.35316
1.35316
1.35315
1.35316
1.35318
1.3532
1.35323
1.35325
1.35327
1.35327
1.35326
1.35326
1.35325
1.35323
1.35323
1.35324
1.35325
1.35327
1.35332
1.35338
1.35347
1.35355
1.35365
1.35375
1.35385
1.35392
1.35395
1.3539
1.35377
1.3536
1.3534
1.35323
1.35311
1.35304
1.35303
1.35304
1.35306
1.35309
1.35311
1.35313
1.35317
1.35321
1.35327
1.35334
1.35342
1.35348
1.35355
1.3536
1.35364
1.35366
1.35367
1.35366
1.35363
1.35357
1.3535
1.35342
1.35332
1.35321
1.35313
1.35308
1.35306
1.35307
1.35311
1.35314
1.35318
1.35322
1.35326
1.35331
1.35336
1.35342
1.35351
1.3536
1.35368
1.35372
1.35369
1.3536
1.35343
1.35325
1.35309
1.35301
1.35303
1.35312
1.35329
1.35349
1.35369
1.35387
1.35396
1.35394
1.3538
1.35356
1.35328
1.35306
1.35295
1.35295
1.35304
1.35318
1.35332
1.35344
1.35355
1.35362
1.35366
1.35367
1.35365
1.35362
1.35357
1.35351
1.35346
1.3534
1.35335
1.3533
1.35327
1.35325
1.35324
1.35324
1.35323
1.35323
1.35324
1.35325
1.35326
1.35326
1.35327
1.35328
1.35328
1.35329
1.35329
1.35329
1.35331
1.35331
1.35331
1.35331
1.35333
1.35334
1.35337
1.35339
1.35341
1.35344
1.35347
1.35352
1.35356
1.35361
1.35368
1.35375
1.35385
1.35396
1.35407
1.35414
1.35417
1.35411
1.35395
1.35368
1.35335
1.35303
1.3528
1.35267
1.35263
1.35267
1.35277
1.35287
1.35297
1.35307
1.35316
1.35325
1.35333
1.35341
1.35348
1.35355
1.35359
1.35362
1.35362
1.35359
1.35355
1.3535
1.35346
1.35344
1.35344
1.35345
1.35346
1.35348
1.35349
1.35348
1.35345
1.35343
1.3534
1.35338
1.35336
1.35337
1.35338
1.35342
1.35346
1.3535
1.35353
1.35357
1.3536
1.35361
1.3536
1.35357
1.35352
1.35346
1.35338
1.3533
1.35323
1.35318
1.35316
1.35315
1.35317
1.3532
1.35324
1.35329
1.35333
1.35337
1.35341
1.35344
1.35347
1.35349
1.35353
1.35356
1.35359
1.35362
1.35366
1.3537
1.35373
1.35375
1.35376
1.35376
1.35374
1.35371
1.35367
1.35364
1.3536
1.35358
1.35357
1.35356
1.35357
1.35358
1.35357
1.35355
1.35351
1.35346
1.35338
1.3533
1.35323
1.35318
1.35316
1.35316
1.35317
1.3532
1.35323
1.35327
1.35332
1.35337
1.35342
1.35346
1.35348
1.3535
1.3535
1.3535
1.35349
1.35347
1.35346
1.35345
1.35344
1.35346
1.35348
1.35349
1.35351
1.35351
1.35351
1.3535
1.35348
1.35344
1.35341
1.35337
1.35336
1.35336
1.35338
1.35342
1.35349
1.35358
1.35371
1.35384
1.35399
1.35413
1.35424
1.35429
1.35426
1.35415
1.35395
1.35372
1.35348
1.35329
1.35315
1.35306
1.35302
1.353
1.35297
1.35297
1.35296
1.35296
1.35296
1.35295
1.35296
1.35299
1.35303
1.35309
1.35316
1.35323
1.3533
1.35336
1.35342
1.35348
1.35355
1.35363
1.35372
1.35383
1.35394
1.35404
1.35412
1.35416
1.35413
1.35404
1.35386
1.35364
1.35341
1.35321
1.35308
1.35303
1.35304
1.35309
1.35317
1.35326
1.35331
1.35334
1.35335
1.35335
1.35335
1.35333
1.35331
1.35329
1.35326
1.35325
1.35325
1.35326
1.35328
1.3533
1.35332
1.35336
1.35341
1.35345
1.3535
1.35354
1.35358
1.3536
1.35362
1.35362
1.35362
1.35361
1.35359
1.35359
1.35359
1.35363
1.35368
1.35376
1.35385
1.35393
1.35396
1.35392
1.35379
1.35359
1.35335
1.35314
1.35299
1.35293
1.35295
1.35301
1.35311
1.35321
1.35331
1.3534
1.35349
1.35357
1.35363
1.35369
1.35376
1.35381
1.35385
1.35388
1.35388
1.35384
1.35376
1.35365
1.3535
