0.0599347
0.0599572
0.0599719
0.0599784
0.0599778
0.0599723
0.0599641
0.0599549
0.059945
0.0599333
0.0599179
0.0598962
0.059866
0.0598259
0.0597756
0.0597164
0.0596508
0.0595825
0.0595161
0.0594566
0.0594086
0.0593755
0.0593594
0.0593603
0.0593766
0.0594051
0.0594424
0.0594844
0.0595276
0.0595691
0.0596068
0.0596393
0.0596659
0.0596865
0.0597013
0.0597107
0.0597155
0.0597163
0.0597139
0.059709
0.0597022
0.0596942
0.0596855
0.0596769
0.0596689
0.0596623
0.0596579
0.0596563
0.0596586
0.0596654
0.0596772
0.0596942
0.0597157
0.0597407
0.0597671
0.0597927
0.0598149
0.0598319
0.0598432
0.0598496
0.0598539
0.0598589
0.0598663
0.0598741
0.0598761
0.0598619
0.0598207
0.0597463
0.0596425
0.059526
0.0594228
0.0593587
0.059347
0.0593819
0.059443
0.0595069
0.0595584
0.0595946
0.0596236
0.0596585
0.0597109
0.0597864
0.0598826
0.0599908
0.0601006
0.0602028
0.0602926
0.060368
0.0604275
0.0604669
0.0604775
0.0604471
0.0603617
0.0602096
0.059984
0.059686
0.0593266
0.0589294
0.058531
0.0581802
0.0579299
0.0578228
0.0578742
0.0580649
0.0583506
0.058682
0.0590196
0.0593401
0.0596321
0.0598912
0.0601161
0.0603062
0.0604621
0.0605853
0.0606782
0.060744
0.0607861
0.0608077
0.0608116
0.0607996
0.0607725
0.0607297
0.0606694
0.0605879
0.0604805
0.0603415
0.0601661
0.059953
0.0597088
0.0594517
0.0592127
0.0590294
0.0589318
0.0589269
0.0589933
0.0590901
0.0591732
0.0592078
0.0591728
0.0590601
0.0588714
0.0586166
0.0583134
0.0579876
0.0576724
0.0574054
0.0572216
0.0571447
0.05718
0.0573133
0.0575164
0.0577565
0.0580034
0.058234
0.0584334
0.0585934
0.058711
0.0587861
0.058821
0.058819
0.0587843
0.0587211
0.0586342
0.0585278
0.0584059
0.0582719
0.0581278
0.0579745
0.0578119
0.0576394
0.0574572
0.0572681
0.0570792
0.0569029
0.0567562
0.0566584
0.0566255
0.0566645
0.0567698
0.0569241
0.057104
0.0572865
0.0574537
0.0575947
0.057705
0.0577849
0.0578372
0.057866
0.0578754
0.0578694
0.0578512
0.0578235
0.0577881
0.0577465
0.0576997
0.0576485
0.0575933
0.0575349
0.0574737
0.0574109
0.0573477
0.0572859
0.0572273
0.057174
0.0571275
0.0570891
0.057059
0.0570366
0.0570206
0.0570095
0.057002
0.0569977
0.0569972
0.0570024
0.0570158
0.05704
0.057077
0.0571275
0.0571906
0.0572643
0.0573453
0.0574303
0.0575161
0.0576001
0.0576804
0.0577555
0.0578247
0.0578872
0.0579423
0.0579893
0.0580272
0.0580551
0.0580719
0.058077
0.0580698
0.0580509
0.0580213
0.0579834
0.0579399
0.0578942
0.0578495
0.0578085
0.0577733
0.0577451
0.057725
0.0577133
0.0577096
0.0577118
0.0577148
0.0577104
0.0576877
0.0576358
0.0575489
0.0574338
0.0573166
0.0572421
0.05726
0.0574
0.0576538
0.0579782
0.0583182
0.0586291
0.0588866
0.0590839
0.0592255
0.0593206
0.0593796
0.0594115
0.0594238
0.0594221
0.0594104
0.0593911
0.0593653
0.0593328
0.0592922
0.0592414
0.0591776
0.0590981
0.0590009
0.0588855
0.0587535
0.0586093
0.0584599
0.058314
0.0581817
0.0580724
0.0579938
0.0579502
0.0579406
0.0579578
0.0579872
0.0580083
0.0579971
0.0579319
0.0578009
0.057613
0.057407
0.0572489
0.0572093
0.0573252
0.0575774
0.0579045
0.058239
0.0585344
0.0587713
0.0589494
0.0590776
0.0591671
0.0592277
0.0592667
0.0592888
0.0592968
0.0592916
0.0592735
0.0592424
0.0591992
0.0591468
0.0590909
0.0590405
0.0590069
0.0590018
0.0590334
0.0591044
0.0592097
0.0593391
0.059479
0.059617
0.0597428
0.0598501
0.0599354
0.0599976
0.0600369
0.0600547
0.0600526
0.0600326
0.0599972
0.0599494
0.0598925
0.0598303
0.0597666
0.0597044
0.0596453
0.059589
0.0595325
0.0594711
0.0593983
0.0593083
0.0591973
0.0590655
0.0589189
0.058769
0.058632
0.0585268
0.0584705
0.0584754
0.058546
0.058678
0.0588597
0.0590745
0.0593044
0.0595337
0.0597502
0.0599465
0.0601196
0.0602696
0.0603987
0.0605105
0.0606086
0.0606957
0.0607733
0.0608412
0.0608971
0.0609373
0.0609566
0.0609495
0.0609101
0.0608336
0.0607166
0.0605583
0.0603614
0.0601326
0.0598832
0.0596299
0.0593954
0.0592086
0.0591004
0.0590947
0.0591955
0.0593791
0.0596002
0.0598081
0.0599624
0.0600423
0.0600463
0.0599891
0.059895
0.0597905
0.0596968
0.0596242
0.059571
0.0595274
0.0594825
0.0594308
0.0593758
0.059329
0.0593055
0.0593174
0.059368
0.0594503
0.0595497
0.0596497
0.0597363
0.0598007
0.0598388
0.0598508
0.0598394
0.0598084
0.0597628
0.0597078
0.0596488
0.059591
0.0595395
0.0594981
0.0594699
0.059456
0.0594557
0.0594665
0.0594844
0.0595042
0.0595205
0.059528
0.0595227
0.0595022
0.059466
0.0594156
0.0593538
0.0592836
0.0592071
0.0591244
0.0590336
0.0589323
0.0588202
0.0587014
0.0585856
0.0584867
0.0584178
0.0583872
0.0583955
0.0584377
0.0585063
0.0585941
0.0586955
0.0588042
0.0589131
0.0590133
0.0590956
0.0591513
0.0591736
0.0591578
0.0591014
0.0590047
0.0588705
0.0587049
0.0585181
0.058324
0.0581404
0.0579863
0.0578799
0.0578344
0.057856
0.0579421
0.0580827
0.0582627
0.0584648
0.0586725
0.0588717
0.0590516
0.0592046
0.0593258
0.0594124
0.0594627
0.0594758
0.0594512
0.0593888
0.0592889
0.0591527
0.0589832
0.0587856
0.0585682
0.0583427
0.0581232
0.0579249
0.0577612
0.0576407
0.0575658
0.0575318
0.0575289
0.057546
0.0575739
0.0576079
0.0576493
0.0577028
0.0577742
0.0578666
0.0579791
0.0581066
0.0582424
0.0583794
0.0585121
0.0586364
0.0587498
0.058851
0.0589397
0.0590164
0.0590822
0.0591388
0.0591879
0.0592314
0.0592712
0.0593087
0.0593454
0.0593822
0.0594197
0.059458
0.0594965
0.0595343
0.0595697
0.0596009
0.0596257
0.0596424
0.0596495
0.0596462
0.0596323
0.0596082
0.0595742
0.0595306
0.0594769
0.0594121
0.0593351
0.0592452
0.0591436
0.0590341
0.0589237
0.0588221
0.0587402
0.0586871
0.0586681
0.0586829
0.0587268
0.058793
0.0588751
0.0589694
0.0590746
0.0591907
0.0593172
0.0594514
0.0595883
0.0597213
0.0598434
0.0599485
0.0600316
0.0600896
0.0601203
0.0601227
0.0600968
0.0600434
0.0599648
0.0598647
0.0597491
0.0596254
0.0595025
0.0593892
0.0592931
0.0592187
0.0591668
0.0591343
0.0591148
0.0591006
0.0590846
0.0590619
0.0590311
0.0589941
0.058955
0.0589188
0.0588899
0.0588707
0.0588623
0.0588637
0.0588731
0.0588877
0.058904
0.0589187
0.0589286
0.0589314
0.0589254
0.0589088
0.0588801
0.0588383
0.0587835
0.0587175
0.0586444
0.0585701
0.0585013
0.058444
0.058403
0.0583801
0.0583752
0.058386
0.0584092
0.0584409
0.0584775
0.0585155
0.0585517
0.0585833
0.0586086
0.0586264
0.0586372
0.0586424
0.0586446
0.0586467
0.0586512
0.0586598
0.0586727
0.0586888
0.0587055
0.0587195
0.058727
0.0587237
0.0587055
0.0586681
0.0586073
0.0585192
0.0584009
0.0582522
0.0580774
0.0578873
0.0576998
0.0575375
0.0574218
0.0573655
0.0573684
0.0574184
0.0574974
0.0575887
0.0576806
0.0577674
0.0578475
0.0579205
0.0579859
0.0580424
0.0580871
0.0581168
0.0581283
0.0581195
0.0580893
0.0580383
0.0579689
0.0578848
0.0577907
0.057692
0.057594
0.0575025
0.0574232
0.0573624
0.0573259
0.0573184
0.0573415
0.0573929
0.0574656
0.0575505
0.057638
0.0577205
0.057793
0.0578537
0.0579023
0.0579391
0.0579635
0.0579735
0.0579651
0.0579338
0.0578757
0.0577909
0.0576856
0.0575749
0.0574809
0.0574273
0.0574296
0.0574877
0.0575851
0.0576944
0.0577866
0.0578382
0.0578337
0.0577667
0.0576407
0.0574706
0.0572842
0.0571195
0.0570148
0.0569934
0.057053
0.0571672
0.057299
0.0574154
0.0574955
0.0575318
0.057526
0.0574855
0.0574195
0.0573376
0.0572486
0.0571599
0.0570781
0.0570081
0.0569536
0.0569168
0.0568982
0.0568968
0.0569103
0.0569357
0.0569699
0.0570097
0.0570529
0.0570974
0.0571421
0.0571861
0.057229
0.0572704
0.0573104
0.0573492
0.0573868
0.0574236
0.0574598
0.0574955
0.0575306
0.0575651
0.0575986
0.0576306
0.0576606
0.0576879
0.0577117
0.0577311
0.057745
0.0577524
0.057752
0.0577422
0.0577212
0.0576869
0.0576366
0.0575671
0.0574745
0.0573549
0.0572047
0.0570226
0.0568117
0.0565824
0.0563552
0.0561601
0.0560308
0.0559941
0.0560587
0.0562116
0.0564241
0.0566628
0.0568997
0.0571167
0.0573046
0.0574606
0.0575853
0.0576804
0.0577478
0.0577889
0.0578049
0.0577976
0.0577698
0.0577263
0.0576731
0.0576182
0.0575692
0.0575322
0.0575104
0.0575029
0.0575054
0.057512
0.0575171
0.0575167
0.0575099
0.0574986
0.0574865
0.0574782
0.0574777
0.0574872
0.0575066
0.0575337
0.0575644
0.0575938
0.0576173
0.0576305
0.0576308
0.0576169
0.0575894
0.0575507
0.0575052
0.0574584
0.0574171
0.0573882
0.0573779
0.0573906
0.057428
0.0574886
0.057568
0.0576601
0.0577577
0.0578541
0.057944
0.0580239
0.0580915
0.0581461
0.0581881
0.058218
0.0582368
0.0582452
0.058244
0.0582332
0.0582127
0.0581821
0.0581408
0.0580885
0.0580254
0.0579523
0.057871
0.0577846
0.0576969
0.0576123
0.0575351
0.0574683
0.0574139
0.0573716
0.0573392
0.057313
0.0572889
0.0572632
0.0572343
0.0572037
0.0571761
0.0571587
0.057159
0.0571824
0.0572306
0.0573014
0.0573899
0.0574897
0.0575945
0.0576988
0.0577981
0.0578884
0.0579669
0.0580315
0.0580812
0.0581162
0.0581379
0.0581488
0.0581523
0.0581522
0.058152
0.0581545
0.0581615
0.0581732
0.0581883
0.0582048
0.05822
0.0582315
0.0582377
0.0582383
0.0582341
0.0582276
0.0582223
0.0582218
0.0582298
0.0582485
0.0582781
0.0583164
0.0583591
0.0583998
0.058431
0.0584446
0.0584324
0.0583866
0.0583009
0.0581712
0.0579973
0.0577845
0.0575458
0.0573011
0.0570761
0.0568963
0.0567809
0.0567372
0.0567604
0.0568363
0.0569482
0.0570812
0.0572249
0.0573733
0.0575237
0.0576756
0.0578294
0.0579858
0.0581443
0.0583029
0.0584575
0.0586034
0.0587358
0.0588507
0.0589459
0.0590204
0.0590742
0.0591077
0.059121
0.0591132
0.0590825
0.0590262
0.0589411
0.0588244
0.0586755
0.0584977
0.0583001
0.0580989
0.0579162
0.0577761
0.0576983
0.0576919
0.0577522
0.0578628
0.0580013
0.0581454
0.0582782
0.0583902
0.0584787
0.0585463
0.0585984
0.0586415
0.0586813
0.0587225
0.058768
0.0588192
0.0588768
0.0589401
0.059008
0.0590787
0.0591497
0.0592183
0.0592817
0.0593369
0.0593815
0.0594136
0.0594317
0.0594353
0.0594249
0.0594018
0.0593682
0.0593272
0.0592825
0.0592376
0.0591953
0.0591573
0.0591227
0.0590886
0.0590492
0.0589976
0.0589262
0.0588297
0.0587076
0.0585671
0.0584244
0.0583038
0.0582311
0.0582253
0.0582906
0.0584144
0.058573
0.0587406
0.058896
0.0590259
0.0591243
0.0591907
0.059227
0.0592363
0.0592215
0.0591845
0.0591268
0.0590494
0.0589537
0.058842
0.0587184
0.0585896
0.0584652
0.0583575
0.0582795
0.0582424
