-0.447766
-0.448537
-0.449075
-0.449354
-0.44941
-0.449321
-0.449158
-0.448954
-0.448736
-0.448445
-0.448038
-0.447418
-0.44651
-0.44528
-0.443717
-0.44188
-0.439851
-0.437752
-0.435743
-0.433963
-0.432566
-0.431666
-0.431326
-0.431518
-0.432197
-0.433266
-0.434592
-0.436059
-0.437551
-0.438975
-0.440263
-0.44138
-0.442294
-0.443005
-0.443524
-0.443869
-0.444049
-0.444101
-0.444033
-0.44388
-0.443656
-0.44337
-0.443068
-0.442764
-0.442459
-0.442196
-0.441999
-0.441904
-0.441916
-0.442072
-0.442376
-0.442837
-0.443431
-0.444125
-0.444856
-0.445525
-0.44608
-0.446457
-0.446639
-0.446651
-0.446612
-0.446593
-0.44664
-0.44669
-0.446505
-0.445763
-0.444118
-0.441395
-0.43777
-0.43382
-0.430406
-0.42832
-0.427941
-0.429009
-0.430842
-0.432717
-0.43418
-0.435176
-0.435994
-0.437072
-0.438749
-0.441182
-0.444266
-0.447725
-0.451194
-0.454404
-0.457198
-0.459523
-0.461327
-0.462452
-0.462602
-0.461382
-0.458342
-0.453133
-0.445555
-0.435669
-0.423892
-0.411016
-0.398274
-0.387278
-0.379708
-0.376858
-0.379102
-0.385728
-0.395257
-0.40614
-0.417143
-0.427566
-0.43707
-0.445527
-0.452886
-0.459125
-0.464268
-0.468366
-0.471468
-0.473709
-0.475181
-0.475987
-0.476208
-0.475893
-0.475069
-0.473715
-0.471768
-0.4691
-0.465566
-0.46098
-0.455203
-0.448217
-0.440257
-0.431985
-0.424414
-0.418759
-0.415922
-0.416035
-0.418314
-0.421419
-0.42396
-0.424847
-0.423454
-0.41957
-0.413264
-0.404904
-0.395072
-0.384636
-0.374684
-0.366424
-0.360971
-0.359012
-0.360653
-0.365389
-0.372288
-0.380276
-0.388404
-0.395951
-0.40246
-0.407686
-0.411541
-0.414025
-0.415219
-0.415227
-0.414187
-0.412228
-0.40951
-0.406161
-0.402327
-0.398106
-0.393549
-0.3887
-0.383536
-0.378059
-0.372283
-0.366314
-0.360392
-0.35495
-0.350552
-0.347798
-0.347176
-0.348873
-0.352672
-0.357989
-0.36405
-0.370129
-0.375663
-0.380348
-0.384028
-0.386728
-0.388532
-0.389597
-0.390029
-0.389968
-0.389505
-0.388723
-0.38768
-0.386431
-0.385005
-0.383413
-0.381684
-0.379832
-0.377888
-0.375887
-0.373861
-0.371887
-0.370004
-0.368287
-0.366797
-0.365559
-0.364573
-0.363832
-0.363293
-0.362906
-0.362628
-0.362449
-0.362402
-0.362536
-0.362947
-0.363723
-0.364913
-0.366538
-0.368562
-0.370914
-0.373484
-0.376154
-0.378845
-0.381454
-0.383938
-0.386235
-0.388335
-0.390197
-0.391813
-0.393145
-0.394172
-0.394867
-0.39518
-0.395109
-0.394632
-0.393768
-0.392579
-0.391108
-0.389483
-0.387772
-0.386107
-0.384586
-0.38325
-0.382147
-0.381323
-0.38077
-0.380475
-0.380373
-0.380282
-0.379929
-0.378984
-0.37708
-0.374086
-0.370269
-0.366544
-0.364391
-0.365364
-0.370317
-0.378828
-0.389446
-0.400393
-0.410298
-0.418447
-0.424673
-0.429136
-0.432124
-0.433977
-0.434969
-0.435344
-0.435265
-0.434862
-0.434198
-0.433312
-0.432185
-0.430792
-0.429043
-0.426865
-0.424146
-0.420854
-0.416978
-0.41258
-0.407803
-0.402889
-0.398125
-0.393842
-0.390337
-0.387851
-0.386495
-0.386229
-0.386787
-0.387687
-0.38825
-0.387709
-0.385392
-0.380979
-0.374862
-0.368371
-0.363691
-0.363023
-0.36738
-0.375955
-0.386711
-0.397509
-0.406953
-0.41451
-0.420189
-0.424298
-0.427191
-0.429163
-0.430455
-0.431202
-0.431482
-0.431321
-0.430736
-0.429715
-0.428308
-0.426609
-0.424814
-0.423224
-0.422217
-0.42215
-0.423284
-0.425669
-0.429114
-0.43329
-0.437763
-0.442115
-0.446042
-0.449339
-0.451913
-0.45373
-0.4548
-0.455175
-0.454881
-0.454016
-0.452656
-0.45089
-0.448821
-0.446594
-0.444319
-0.442105
-0.439983
-0.437946
-0.435894
-0.43365
-0.431029
-0.427834
-0.423986
-0.419487
-0.41455
-0.409579
-0.405105
-0.401736
-0.400015
-0.40031
-0.40274
-0.407136
-0.413098
-0.420086
-0.427527
-0.434902
-0.441853
-0.448153
-0.453695
-0.458505
-0.462651
-0.466253
-0.469415
-0.472223
-0.474723
-0.476887
-0.478638
-0.47984
-0.480354
-0.479978
-0.47853
-0.475868
-0.471876
-0.466544
-0.46001
-0.45247
-0.444329
-0.436153
-0.42869
-0.42289
-0.419731
-0.419931
-0.423539
-0.429698
-0.436907
-0.443545
-0.448387
-0.450812
-0.450844
-0.448976
-0.44601
-0.442795
-0.43998
-0.437852
-0.436314
-0.435045
-0.433718
-0.432178
-0.43057
-0.429285
-0.428798
-0.429484
-0.431405
-0.434296
-0.437694
-0.441049
-0.443924
-0.446072
-0.44736
-0.447813
-0.447511
-0.446587
-0.445202
-0.443518
-0.441715
-0.439957
-0.438404
-0.437194
-0.4364
-0.436059
-0.436149
-0.436565
-0.437181
-0.437833
-0.43835
-0.43854
-0.438304
-0.437565
-0.436328
-0.434628
-0.432556
-0.430216
-0.42767
-0.424914
-0.421893
-0.418525
-0.414819
-0.410928
-0.407182
-0.40404
-0.401909
-0.401023
-0.401393
-0.402833
-0.405097
-0.407965
-0.411259
-0.414773
-0.418262
-0.421429
-0.423986
-0.425667
-0.426248
-0.425582
-0.423598
-0.420322
-0.41585
-0.410406
-0.404321
-0.398077
-0.392231
-0.387415
-0.384194
-0.382988
-0.383941
-0.386969
-0.39171
-0.39767
-0.404288
-0.411038
-0.417464
-0.423229
-0.428115
-0.431947
-0.434635
-0.436131
-0.436408
-0.435456
-0.433264
-0.429844
-0.425257
-0.419593
-0.41304
-0.405882
-0.39849
-0.391348
-0.384947
-0.379705
-0.375876
-0.373507
-0.372439
-0.372368
-0.372899
-0.373778
-0.374866
-0.376219
-0.377989
-0.38037
-0.383444
-0.38715
-0.391329
-0.395752
-0.40021
-0.404505
-0.408524
-0.412182
-0.41546
-0.418335
-0.420822
-0.422947
-0.424782
-0.426377
-0.427786
-0.429076
-0.430287
-0.43147
-0.432658
-0.433862
-0.435081
-0.436292
-0.437455
-0.438535
-0.439455
-0.44015
-0.44056
-0.440651
-0.440398
-0.439802
-0.438864
-0.437594
-0.436016
-0.434091
-0.431803
-0.429114
-0.426014
-0.422556
-0.418859
-0.415169
-0.411814
-0.409152
-0.407447
-0.406852
-0.407361
-0.408807
-0.41095
-0.413616
-0.416677
-0.420101
-0.423894
-0.428026
-0.432402
-0.436855
-0.441161
-0.445093
-0.448454
-0.451087
-0.452903
-0.453833
-0.453834
-0.452914
-0.451116
-0.448497
-0.445204
-0.441423
-0.43743
-0.433478
-0.429871
-0.426834
-0.424514
-0.422906
-0.42191
-0.421304
-0.420843
-0.420326
-0.419582
-0.418593
-0.417418
-0.416203
-0.415106
-0.41426
-0.413737
-0.413561
-0.413709
-0.414115
-0.414665
-0.415276
-0.415818
-0.416206
-0.416355
-0.416221
-0.415739
-0.414872
-0.413578
-0.411868
-0.409815
-0.407552
-0.405282
-0.403208
-0.401532
-0.400389
-0.399848
-0.399888
-0.400432
-0.401355
-0.402545
-0.403875
-0.405257
-0.406561
-0.407723
-0.408661
-0.409355
-0.409825
-0.410118
-0.410325
-0.41053
-0.410791
-0.411185
-0.411709
-0.412313
-0.412912
-0.413406
-0.413655
-0.413523
-0.412882
-0.411585
-0.409525
-0.406558
-0.402609
-0.397679
-0.391944
-0.385761
-0.379748
-0.374634
-0.371075
-0.369455
-0.369727
-0.371463
-0.37408
-0.37705
-0.380025
-0.382828
-0.385415
-0.387779
-0.389897
-0.391708
-0.393126
-0.394038
-0.394346
-0.393989
-0.392945
-0.391234
-0.388933
-0.386172
-0.383108
-0.379902
-0.376741
-0.373813
-0.371308
-0.369413
-0.368327
-0.36819
-0.369049
-0.370796
-0.373199
-0.375965
-0.378789
-0.381429
-0.38375
-0.385691
-0.387237
-0.388405
-0.389166
-0.38945
-0.389133
-0.388048
-0.386107
-0.383322
-0.379915
-0.376414
-0.373533
-0.372011
-0.372311
-0.374364
-0.377594
-0.381102
-0.383978
-0.385463
-0.385114
-0.38275
-0.378527
-0.372971
-0.367014
-0.361891
-0.358801
-0.358429
-0.360593
-0.3644
-0.368667
-0.372353
-0.374826
-0.375902
-0.375648
-0.374302
-0.372179
-0.369575
-0.366781
-0.36403
-0.361517
-0.359399
-0.357807
-0.356783
-0.356347
-0.356473
-0.357071
-0.35804
-0.359287
-0.360707
-0.362229
-0.3638
-0.365368
-0.3669
-0.368392
-0.369835
-0.371226
-0.372567
-0.373871
-0.375135
-0.376368
-0.377575
-0.378754
-0.37988
-0.380977
-0.382013
-0.382964
-0.383804
-0.38451
-0.385045
-0.385394
-0.385511
-0.385362
-0.384878
-0.384018
-0.382711
-0.380867
-0.378378
-0.375134
-0.370993
-0.365855
-0.359694
-0.352651
-0.345083
-0.337695
-0.33147
-0.327485
-0.326555
-0.328892
-0.333991
-0.340917
-0.348604
-0.35617
-0.363048
-0.368997
-0.373931
-0.377853
-0.380838
-0.382933
-0.384178
-0.384611
-0.384302
-0.383339
-0.381881
-0.380133
-0.378346
-0.376776
-0.375605
-0.37493
-0.374689
-0.374757
-0.374938
-0.375054
-0.374995
-0.37473
-0.37433
-0.373924
-0.373658
-0.373637
-0.373951
-0.37458
-0.375445
-0.376401
-0.377314
-0.37801
-0.378376
-0.378322
-0.377827
-0.376897
-0.375614
-0.374144
-0.372659
-0.371386
-0.370532
-0.370299
-0.370825
-0.372161
-0.37423
-0.376891
-0.379934
-0.383142
-0.386281
-0.389199
-0.391781
-0.393963
-0.395722
-0.397065
-0.398011
-0.398601
-0.398847
-0.398781
-0.398385
-0.397667
-0.396611
-0.395204
-0.393426
-0.391293
-0.388839
-0.386128
-0.383258
-0.380357
-0.37758
-0.375046
-0.372865
-0.371073
-0.369677
-0.368591
-0.367713
-0.366899
-0.366021
-0.365053
-0.364063
-0.363191
-0.362686
-0.362777
-0.363637
-0.365316
-0.367712
-0.370667
-0.373962
-0.377403
-0.380822
-0.384062
-0.38701
-0.389568
-0.391673
-0.393297
-0.394444
-0.395172
-0.395565
-0.395723
-0.39578
-0.395825
-0.395974
-0.396269
-0.396693
-0.397232
-0.397796
-0.398301
-0.398672
-0.398876
-0.398891
-0.398768
-0.398556
-0.39839
-0.398389
-0.398668
-0.399275
-0.400227
-0.401426
-0.40273
-0.403946
-0.404816
-0.405071
-0.404462
-0.402729
-0.399686
-0.39521
-0.389321
-0.38221
-0.374328
-0.366343
-0.359091
-0.353391
-0.349811
-0.348549
-0.349407
-0.351924
-0.355551
-0.359836
-0.364461
-0.369252
-0.374106
-0.379015
-0.383987
-0.389052
-0.39418
-0.399297
-0.404264
-0.408923
-0.413118
-0.416737
-0.419707
-0.421993
-0.423608
-0.424559
-0.424841
-0.424421
-0.423241
-0.421214
-0.418232
-0.414225
-0.40919
-0.403254
-0.39673
-0.390162
-0.384282
-0.379868
-0.377513
-0.377475
-0.379562
-0.383206
-0.387687
-0.392299
-0.396521
-0.400066
-0.402853
-0.405021
-0.406724
-0.408157
-0.409511
-0.410917
-0.41247
-0.414223
-0.416181
-0.418322
-0.420598
-0.422951
-0.425299
-0.42756
-0.429641
-0.431453
-0.432893
-0.433908
-0.434474
-0.434562
-0.434193
-0.4334
-0.43228
-0.430924
-0.429446
-0.427961
-0.426556
-0.425292
-0.424113
-0.422934
-0.421544
-0.419738
-0.417266
-0.413986
-0.409902
-0.405278
-0.40067
-0.396871
-0.394705
-0.394729
-0.397018
-0.401123
-0.406266
-0.411615
-0.41653
-0.420594
-0.423638
-0.425657
-0.426714
-0.426903
-0.426321
-0.425032
-0.423073
-0.420479
-0.417305
-0.413627
-0.409587
-0.405415
-0.401439
-0.398053
-0.395663
-0.39464
