1.20063
1.20117
1.20154
1.20174
1.20179
1.20174
1.20163
1.2015
1.20136
1.20118
1.20091
1.20051
1.19993
1.19914
1.19813
1.19692
1.19558
1.19419
1.19283
1.19163
1.19067
1.19004
1.18977
1.18987
1.19029
1.19098
1.19185
1.19282
1.19382
1.19477
1.19564
1.1964
1.19702
1.19751
1.19787
1.19811
1.19824
1.19828
1.19824
1.19815
1.198
1.19782
1.19762
1.19742
1.19722
1.19705
1.19692
1.19684
1.19684
1.19693
1.19712
1.19742
1.19781
1.19827
1.19875
1.19921
1.1996
1.19986
1.2
1.20003
1.2
1.19999
1.20002
1.20005
1.19996
1.19951
1.19848
1.19674
1.19437
1.19174
1.1894
1.1879
1.18753
1.18816
1.18936
1.19062
1.19162
1.19231
1.19287
1.19355
1.19463
1.1962
1.19822
1.20051
1.20283
1.20499
1.20688
1.20846
1.2097
1.2105
1.21068
1.20997
1.20807
1.20475
1.19985
1.19341
1.18566
1.17712
1.16858
1.16108
1.15576
1.15352
1.15469
1.15885
1.16506
1.17227
1.17962
1.18663
1.19303
1.19874
1.20372
1.20796
1.21146
1.21425
1.21639
1.21794
1.21897
1.21954
1.21973
1.21955
1.21904
1.21818
1.21692
1.21519
1.2129
1.20991
1.20614
1.20156
1.19631
1.19078
1.18565
1.18172
1.17963
1.17951
1.18092
1.18298
1.18474
1.18546
1.18469
1.18227
1.17822
1.17277
1.16629
1.15934
1.15264
1.14699
1.14313
1.14159
1.14245
1.14543
1.14991
1.15519
1.16061
1.1657
1.17012
1.17369
1.17636
1.1781
1.17898
1.17906
1.17843
1.17718
1.17542
1.17322
1.17069
1.1679
1.16488
1.16166
1.15824
1.15462
1.15079
1.14681
1.14286
1.13918
1.13616
1.13419
1.13363
1.13461
1.13702
1.14048
1.1445
1.14857
1.15231
1.15549
1.15802
1.15988
1.16115
1.1619
1.16223
1.16222
1.16194
1.16143
1.16076
1.15994
1.15899
1.15794
1.1568
1.15557
1.15428
1.15295
1.1516
1.15027
1.14901
1.14785
1.14684
1.146
1.14533
1.14483
1.14445
1.14419
1.14399
1.14387
1.14383
1.14391
1.14417
1.14465
1.14542
1.14647
1.14779
1.14933
1.15103
1.15281
1.1546
1.15634
1.15801
1.15955
1.16096
1.16222
1.16332
1.16423
1.16493
1.16542
1.16566
1.16563
1.16534
1.1648
1.16402
1.16305
1.16197
1.16083
1.15972
1.15869
1.15778
1.15703
1.15646
1.15607
1.15586
1.15578
1.15573
1.15553
1.15494
1.15374
1.15181
1.1493
1.14677
1.14518
1.14559
1.14862
1.15409
1.16108
1.1684
1.17511
1.18067
1.18495
1.18803
1.19012
1.19141
1.19213
1.19241
1.19238
1.19212
1.1917
1.19112
1.19039
1.18947
1.18833
1.18691
1.18513
1.18298
1.18043
1.17753
1.17436
1.17109
1.16789
1.165
1.1626
1.16086
1.15988
1.15964
1.15997
1.16057
1.16099
1.16073
1.15932
1.15652
1.15252
1.14816
1.14485
1.14409
1.14666
1.15214
1.15923
1.16648
1.17289
1.17806
1.18196
1.18479
1.18679
1.18816
1.18906
1.18959
1.18981
1.18973
1.18937
1.18872
1.1878
1.18668
1.18549
1.18441
1.18369
1.18358
1.18425
1.18576
1.188
1.19075
1.19372
1.19664
1.19929
1.20154
1.20331
1.20457
1.20533
1.20562
1.20547
1.20493
1.20405
1.2029
1.20154
1.20007
1.19856
1.19707
1.19565
1.19429
1.19292
1.19145
1.18973
1.18764
1.18512
1.18215
1.17888
1.17556
1.17252
1.17019
1.16892
1.16897
1.17045
1.17326
1.17715
1.18175
1.18669
1.19163
1.1963
1.20055
1.20429
1.20755
1.21036
1.21279
1.21493
1.21682
1.21851
1.21997
1.22117
1.22202
1.22241
1.22222
1.22133
1.21964
1.21707
1.21361
1.20932
1.20436
1.19896
1.19348
1.18843
1.18442
1.18211
1.18201
1.18421
1.18818
1.19297
1.19748
1.20085
1.20263
1.20279
1.20165
1.19972
1.19757
1.19565
1.19419
1.19313
1.19229
1.19141
1.1904
1.18932
1.18843
1.18804
1.18841
1.18962
1.19149
1.19374
1.19599
1.19795
1.19944
1.20036
1.20071
1.20056
1.19998
1.19908
1.19798
1.19678
1.1956
1.19455
1.19372
1.19316
1.1929
1.19293
1.19319
1.1936
1.19403
1.19439
1.19455
1.19443
1.19397
1.19318
1.19207
1.19071
1.18917
1.18749
1.18567
1.18368
1.18146
1.17901
1.17642
1.1739
1.17175
1.17026
1.16958
1.16975
1.17064
1.1721
1.17398
1.17615
1.17848
1.18081
1.18296
1.18471
1.18589
1.18635
1.18599
1.18476
1.18266
1.17975
1.17618
1.17215
1.16798
1.16404
1.16074
1.15847
1.15753
1.15802
1.15991
1.16297
1.16687
1.17126
1.17576
1.18008
1.18398
1.18729
1.18992
1.19179
1.19287
1.19314
1.19259
1.19121
1.18902
1.18603
1.18233
1.17801
1.17327
1.16835
1.16356
1.15923
1.15564
1.15299
1.15131
1.15052
1.15041
1.15073
1.1513
1.15201
1.15289
1.15404
1.15558
1.15758
1.16001
1.16277
1.16572
1.16869
1.17157
1.17428
1.17675
1.17896
1.18089
1.18257
1.18402
1.18526
1.18634
1.18729
1.18816
1.18897
1.18976
1.19055
1.19134
1.19215
1.19295
1.19373
1.19445
1.19508
1.19555
1.19585
1.19594
1.19579
1.19541
1.1948
1.19398
1.19294
1.19168
1.19018
1.18842
1.18638
1.18409
1.18164
1.17918
1.17691
1.17508
1.17387
1.1734
1.17367
1.17458
1.17597
1.17771
1.17973
1.182
1.1845
1.18724
1.19015
1.19312
1.196
1.19865
1.20094
1.20275
1.20402
1.20469
1.20476
1.20421
1.20307
1.20138
1.19923
1.19674
1.19408
1.19144
1.189
1.18693
1.18533
1.18421
1.1835
1.18308
1.18278
1.18244
1.18197
1.18132
1.18055
1.17974
1.17899
1.17841
1.17804
1.1779
1.17798
1.17823
1.17859
1.179
1.17937
1.17964
1.17976
1.17968
1.17939
1.17883
1.178
1.17689
1.17554
1.17404
1.17252
1.17112
1.16998
1.16918
1.16878
1.16877
1.16909
1.16969
1.17047
1.17135
1.17227
1.17315
1.17393
1.17457
1.17506
1.17538
1.17559
1.17573
1.17586
1.17603
1.17629
1.17663
1.17703
1.17743
1.17777
1.17795
1.1779
1.17751
1.1767
1.17538
1.17347
1.1709
1.16769
1.16391
1.15981
1.15576
1.15227
1.14978
1.14857
1.14864
1.14971
1.15142
1.15339
1.15538
1.15726
1.159
1.16059
1.16202
1.16325
1.16422
1.16487
1.16513
1.16494
1.16429
1.16319
1.16169
1.15987
1.15784
1.15571
1.1536
1.15163
1.14992
1.14861
1.14783
1.14767
1.14817
1.14928
1.15085
1.15269
1.15457
1.15636
1.15793
1.15925
1.16031
1.16111
1.16165
1.16187
1.1617
1.16104
1.15981
1.158
1.15576
1.15341
1.15142
1.1503
1.15037
1.15164
1.15374
1.15609
1.15806
1.15917
1.15907
1.15763
1.15493
1.15129
1.1473
1.1438
1.14157
1.14114
1.14244
1.1449
1.14775
1.15026
1.152
1.15281
1.15273
1.1519
1.15053
1.14882
1.14696
1.14512
1.14342
1.14198
1.14088
1.14016
1.13983
1.13988
1.14025
1.14088
1.14169
1.14263
1.14364
1.14469
1.14573
1.14676
1.14776
1.14873
1.14966
1.15056
1.15143
1.15228
1.1531
1.15391
1.1547
1.15546
1.15619
1.15688
1.15752
1.15809
1.15857
1.15894
1.15919
1.15928
1.1592
1.1589
1.15836
1.15751
1.15632
1.15471
1.15259
1.14989
1.14654
1.14251
1.13786
1.13284
1.12787
1.12361
1.12078
1.11994
1.12128
1.12453
1.12906
1.13416
1.13923
1.14388
1.14791
1.15126
1.15395
1.156
1.15745
1.15834
1.15868
1.15852
1.15792
1.15698
1.15583
1.15464
1.15358
1.15277
1.15228
1.1521
1.15213
1.15225
1.15234
1.15231
1.15214
1.15188
1.1516
1.15141
1.15138
1.15157
1.15197
1.15254
1.15318
1.1538
1.15428
1.15455
1.15455
1.15424
1.15364
1.15281
1.15184
1.15084
1.14997
1.14937
1.14917
1.14947
1.15031
1.15164
1.15338
1.1554
1.15753
1.15963
1.1616
1.16335
1.16483
1.16603
1.16696
1.16761
1.16803
1.16821
1.16818
1.16794
1.16748
1.1668
1.16588
1.16472
1.16333
1.16171
1.15992
1.15801
1.15608
1.15421
1.1525
1.15102
1.14981
1.14885
1.14812
1.14752
1.14697
1.14639
1.14576
1.14509
1.1445
1.14413
1.14416
1.14468
1.14574
1.1473
1.14923
1.15141
1.15371
1.15599
1.15817
1.16016
1.16189
1.16333
1.16444
1.16524
1.16575
1.16603
1.16615
1.16619
1.16622
1.16631
1.16649
1.16677
1.16712
1.16749
1.16784
1.1681
1.16825
1.16827
1.16818
1.16805
1.16793
1.16791
1.16807
1.16846
1.16907
1.16985
1.17073
1.17155
1.17216
1.17237
1.17203
1.17096
1.16902
1.16613
1.1623
1.15763
1.15241
1.14707
1.14216
1.13823
1.13568
1.13469
1.13513
1.13671
1.13908
1.1419
1.14497
1.14815
1.15138
1.15465
1.15797
1.16134
1.16476
1.16817
1.1715
1.17464
1.17747
1.17993
1.18196
1.18353
1.18465
1.18532
1.18555
1.18532
1.18458
1.18329
1.18137
1.17878
1.17549
1.17158
1.16726
1.16286
1.15888
1.15582
1.1541
1.15392
1.15518
1.15753
1.16048
1.16356
1.16641
1.16882
1.17074
1.17222
1.17337
1.17434
1.17524
1.17617
1.1772
1.17836
1.17964
1.18106
1.18257
1.18414
1.18571
1.18723
1.18863
1.18985
1.19083
1.19154
1.19195
1.19204
1.19182
1.19132
1.19059
1.1897
1.18871
1.18772
1.18678
1.18592
1.18513
1.18435
1.18345
1.18228
1.18069
1.17856
1.17588
1.17282
1.16973
1.16711
1.16553
1.16539
1.16677
1.16941
1.1728
1.17638
1.17969
1.18247
1.18457
1.18598
1.18675
1.18693
1.18659
1.18577
1.18451
1.18282
1.18074
1.17832
1.17564
1.17286
1.17019
1.16787
1.16621
1.16542
