-3.8809
-3.88075
-3.88034
-3.87969
-3.88002
-3.88085
-3.88064
-3.88103
-3.88227
-3.88206
-3.88277
-3.88363
-3.88446
-3.88401
-3.88451
-3.88453
-3.88463
-3.88481
-3.88544
-3.88455
-3.88363
-3.88261
-3.88289
-3.88265
-3.88223
-3.88303
-3.88359
-3.88442
-3.88383
-3.8832
-3.8832
-3.88388
-3.8835
-3.88255
-3.88315
-3.88246
-3.88172
-3.88256
-3.88331
-3.8846
-3.88537
-3.88625
-3.88747
-3.88849
-3.88827
-3.88775
-3.88714
-3.88578
-3.88453
-3.88497
-3.88401
-3.8841
-3.88389
-3.88294
-3.88406
-3.88327
-3.88355
-3.88487
-3.88593
-3.88567
-3.8857
-3.88581
-3.88565
-3.88603
-3.88576
-3.88593
-3.88577
-3.88587
-3.88543
-3.88507
-3.88499
-3.88438
-3.88486
-3.88481
-3.88477
-3.8858
-3.88627
-3.88644
-3.8856
-3.88552
-3.88409
-3.88488
-3.88528
-3.88607
-3.88756
-3.88863
-3.88863
-3.88796
-3.88705
-3.88485
-3.88462
-3.88343
-3.88484
-3.88408
-3.8842
-3.88351
-3.88347
-3.88389
-3.88415
-3.88487
-3.88447
-3.88571
-3.88619
-3.88509
-3.8852
-3.88602
-3.88671
-3.88669
-3.88653
-3.88764
-3.88682
-3.88791
-3.8878
-3.88794
-3.88846
-3.88918
-3.88912
-3.8896
-3.89012
-3.89022
-3.8902
-3.89052
-3.88999
-3.88973
-3.8899
-3.88983
-3.88938
-3.88977
-3.89054
-3.89061
-3.89012
-3.88938
-3.88962
-3.88978
-3.89032
-3.8911
-3.89209
-3.89234
-3.89243
-3.89246
-3.89314
-3.89367
-3.89263
-3.89181
-3.8911
-3.89016
-3.88944
-3.88997
-3.89078
-3.89039
-3.88948
-3.88946
-3.89037
-3.89074
-3.89097
-3.89148
-3.89138
-3.89148
-3.89216
-3.89221
-3.89248
-3.89228
-3.89141
-3.89102
-3.8899
-3.8888
-3.88872
-3.8894
-3.88898
-3.88812
-3.88882
-3.88915
-3.8898
-3.88923
-3.88896
-3.88811
-3.88707
-3.88631
-3.88634
-3.88566
-3.88546
-3.88606
-3.88577
-3.8867
-3.88583
-3.88576
-3.88527
-3.88634
-3.88745
-3.88757
-3.88881
-3.88931
-3.889
-3.88926
-3.88975
-3.88895
-3.88817
-3.88673
-3.88654
-3.88582
-3.88536
-3.88395
-3.88432
-3.8842
-3.8836
-3.88432
-3.88555
-3.88617
-3.88611
-3.88622
-3.88619
-3.88608
-3.88624
-3.88598
-3.88579
-3.88628
-3.88593
-3.88588
-3.88561
-3.88641
-3.88554
-3.88562
-3.88446
-3.88459
-3.88534
-3.88599
-3.88698
-3.88719
-3.88729
-3.8886
-3.88888
-3.88921
-3.89004
-3.89129
-3.8915
-3.89271
-3.89198
-3.89023
-3.89023
-3.89011
-3.89056
-3.88956
-3.89021
-3.89087
-3.89018
-3.89023
-3.89173
-3.89164
-3.891
-3.89179
-3.89205
-3.89283
-3.89308
-3.8934
-3.89439
-3.89497
-3.89589
-3.89604
-3.89525
-3.89628
-3.89738
-3.89736
-3.89652
-3.89416
-3.89313
-3.89227
-3.89142
-3.89056
-3.88917
-3.89027
-3.89034
-3.89093
-3.89128
-3.89215
-3.89355
-3.89406
-3.89292
-3.89243
-3.8927
-3.8917
-3.89045
-3.89099
-3.89091
-3.89032
-3.88986
-3.89025
-3.89077
-3.89104
-3.89024
-3.88962
-3.88934
-3.8889
-3.88941
-3.88941
-3.88837
-3.88731
-3.88748
-3.88786
-3.88773
-3.88804
-3.88787
-3.88783
-3.88715
-3.88675
-3.88709
-3.88672
-3.88689
-3.88783
-3.88809
-3.88839
-3.88803
-3.88836
-3.88855
-3.8887
-3.88824
-3.88856
-3.88882
-3.88845
-3.88808
-3.88699
-3.88682
-3.88625
-3.88664
-3.88604
-3.88553
-3.88631
-3.88685
-3.88707
-3.8872
-3.88749
-3.88699
-3.88751
-3.88685
-3.88629
-3.88593
-3.88544
-3.88489
-3.88542
-3.88654
-3.8889
-3.8908
-3.88994
-3.88997
-3.88985
-3.88894
-3.88845
-3.88841
-3.88772
-3.88772
-3.88874
-3.88908
-3.88927
-3.88888
-3.88794
-3.88906
-3.88858
-3.88737
-3.88728
-3.88744
-3.8878
-3.88872
-3.88786
-3.88807
-3.88679
-3.88728
-3.88807
-3.88774
-3.88712
-3.8865
-3.88593
-3.88486
-3.88487
-3.88465
-3.88312
-3.88357
-3.88353
-3.88327
-3.88281
-3.8828
-3.88287
-3.88308
-3.88256
-3.88214
-3.8823
-3.88248
-3.88308
-3.88367
-3.88238
-3.88188
-3.88164
-3.8826
-3.88248
-3.88381
-3.88495
-3.88478
-3.88445
-3.8844
-3.88469
-3.88375
-3.88302
-3.88396
-3.88438
-3.88371
-3.88343
-3.88441
-3.88552
-3.88511
-3.88494
-3.88352
-3.8837
-3.88286
-3.88174
-3.88134
-3.87934
-3.8799
-3.87991
-3.88057
-3.88027
-3.88206
-3.88184
-3.88324
-3.88434
-3.88461
-3.88371
-3.88187
-3.88102
-3.88096
-3.87951
-3.87906
-3.87963
-3.88086
-3.88274
-3.88479
-3.88542
-3.88568
-3.88612
-3.88499
-3.88388
-3.88282
-3.88195
-3.88148
-3.88115
-3.88169
-3.88166
-3.88291
-3.88452
-3.88548
-3.88512
-3.88557
-3.88508
-3.88539
-3.88446
-3.88353
-3.88293
-3.88362
-3.8826
-3.88204
-3.88245
-3.88309
-3.88364
-3.884
-3.88346
-3.88453
-3.88567
-3.88601
-3.88586
-3.88641
-3.88569
-3.88456
-3.88392
-3.88318
-3.88281
-3.88257
-3.88159
-3.88215
-3.88198
-3.8817
-3.88189
-3.88213
-3.88137
-3.88204
-3.88168
-3.88232
-3.88213
-3.88144
-3.88122
-3.88127
-3.88178
-3.8826
-3.88365
-3.88607
-3.88734
-3.88772
-3.88705
-3.88659
-3.88606
-3.88644
-3.88548
-3.88514
-3.8857
-3.88618
-3.88544
-3.88467
-3.88482
-3.88284
-3.88152
-3.88115
-3.88141
-3.88155
-3.88161
-3.88168
-3.88168
-3.88292
-3.88278
-3.88284
-3.88308
-3.88294
-3.88268
-3.88265
-3.88277
-3.88311
-3.88222
-3.883
-3.88326
-3.88349
-3.88447
-3.88562
-3.88465
-3.88431
-3.88319
-3.88292
-3.88205
-3.88157
-3.88164
-3.88256
-3.88189
-3.88221
-3.88201
-3.88135
-3.88102
-3.88164
-3.88135
-3.88233
-3.88283
-3.88276
-3.88257
-3.88338
-3.88429
-3.88463
-3.88571
-3.88744
-3.88727
-3.88644
-3.88582
-3.88473
-3.8845
-3.88341
-3.88354
-3.88422
-3.88467
-3.88513
-3.8853
-3.88452
-3.88552
-3.88576
-3.88648
-3.88544
-3.88578
-3.88492
-3.88362
-3.88212
-3.88156
-3.88106
-3.88138
-3.88076
-3.88094
-3.88231
-3.88194
-3.88223
-3.88229
-3.8832
-3.88393
-3.8843
-3.88519
-3.88564
-3.88616
-3.88517
-3.88287
-3.88225
-3.88199
-3.8818
-3.88149
-3.88189
-3.88204
-3.88222
-3.8821
-3.8827
-3.88251
-3.8828
-3.8828
-3.88336
-3.88361
-3.8839
-3.88342
-3.88333
-3.88275
-3.88178
-3.8807
-3.87975
-3.87985
-3.87928
-3.8787
-3.87881
-3.87947
-3.87859
-3.87851
-3.87897
-3.87974
-3.8804
-3.88039
-3.88178
-3.88265
-3.88434
-3.88591
-3.88637
-3.8869
-3.88577
-3.88415
-3.88321
-3.88232
-3.88204
-3.88184
-3.88169
-3.88275
-3.8822
-3.88222
-3.8831
-3.88307
-3.8834
-3.88383
-3.88377
-3.88467
-3.88465
-3.88532
-3.88474
-3.88579
-3.88516
-3.8851
-3.88509
-3.88554
-3.88536
-3.88384
-3.88299
-3.88233
-3.88194
-3.88252
-3.88186
-3.88268
-3.88418
-3.88672
-3.88823
-3.88828
-3.88951
-3.88976
-3.89007
-3.88939
-3.88913
-3.88768
-3.88856
-3.8867
-3.8861
-3.88638
-3.88592
-3.8855
-3.88616
-3.88708
-3.88823
-3.88852
-3.88869
-3.88779
-3.88851
-3.88943
-3.88965
-3.88904
-3.88914
-3.88906
-3.88864
-3.88816
-3.88746
-3.88627
-3.88526
-3.88434
-3.88418
-3.88497
-3.88532
-3.88457
-3.88493
-3.88632
-3.88732
-3.88831
-3.88892
-3.88866
-3.88742
-3.88618
-3.88553
-3.88425
-3.88438
-3.88381
-3.88343
-3.88277
-3.88254
-3.88268
-3.88298
-3.88365
-3.8831
-3.88224
-3.882
-3.88289
-3.88301
-3.88243
-3.88315
-3.88236
-3.88308
-3.88298
-3.88376
-3.88409
-3.88465
-3.88527
-3.88541
-3.88518
-3.88497
-3.88414
-3.88454
-3.88454
-3.88517
-3.88505
-3.88485
-3.88556
-3.88669
-3.88685
-3.88753
-3.88828
-3.8882
-3.88727
-3.88761
-3.88755
-3.88726
-3.8863
-3.88548
-3.88516
-3.88521
-3.88549
-3.88556
-3.8857
-3.88561
-3.88599
-3.88602
-3.88655
-3.88648
-3.88599
-3.88553
-3.88484
-3.88499
-3.88528
-3.88567
-3.88642
-3.88619
-3.88698
-3.88634
-3.8852
-3.88453
-3.88399
-3.88367
-3.88312
-3.8835
-3.88459
-3.88419
-3.88512
-3.88581
-3.88624
-3.8847
-3.88555
-3.88487
-3.88453
-3.88369
-3.8826
-3.88148
-3.8801
-3.87938
-3.8802
-3.88066
-3.88129
-3.88085
-3.88112
-3.88165
-3.88211
-3.88247
-3.8821
-3.88282
-3.88451
-3.88403
-3.88326
-3.88257
-3.88217
-3.88238
-3.88374
-3.88376
-3.88312
-3.88286
-3.88286
-3.883
-3.8833
-3.8832
-3.88299
-3.88298
-3.88345
-3.8836
-3.88429
-3.88472
-3.88473
-3.8839
-3.88427
-3.88503
-3.885
-3.88543
-3.88583
-3.88629
-3.8869
-3.88653
-3.88636
-3.88653
-3.88616
-3.88592
-3.88573
-3.88565
-3.8863
-3.88637
-3.88801
-3.88746
-3.88708
-3.88708
-3.88777
-3.88732
-3.88676
-3.8856
-3.88527
-3.88481
-3.88456
-3.88411
-3.88471
-3.88496
-3.88527
-3.88607
-3.88662
-3.88737
-3.88723
-3.88751
-3.88765
-3.88687
-3.88834
-3.88804
-3.88726
-3.88726
-3.88686
-3.8868
-3.88615
-3.8849
-3.88489
-3.8837
-3.88389
-3.88436
-3.88337
-3.88283
-3.88213
-3.88209
-3.88124
-3.88144
-3.8812
-3.88239
-3.88349
-3.88533
-3.88565
-3.88467
-3.88409
-3.8835
-3.88317
-3.88345
-3.88357
-3.8828
-3.88325
-3.88353
-3.88449
-3.88532
-3.88625
-3.88621
-3.88597
-3.88541
-3.88533
-3.88434
-3.88489
-3.88534
-3.88637
-3.88442
-3.88325
-3.88152
-3.87968
-3.87934
-3.87975
-3.88014
-3.88046
-3.88154
-3.88225
-3.88267
-3.88361
-3.88367
-3.88375
-3.88419
-3.88426
-3.88437
-3.88385
-3.88435
-3.88428
-3.88538
-3.88514
-3.88434
-3.88433
-3.88454
-3.88486
-3.88489
-3.88491
-3.88438
-3.88438
-3.8839
-3.88321
-3.88222
-3.88166
-3.8808
-3.88142
-3.88139
-3.88191
-3.8819
-3.88197
-3.88184
-3.88071
-3.88065
-3.88054
-3.88038
-3.88044
-3.88068
-3.88125
-3.88171
-3.88244
-3.88346
-3.88468
-3.88537
-3.88587
-3.88511
-3.88577
-3.88676
-3.88616
-3.88638
-3.88661
-3.88661
-3.88515
-3.88477
-3.88338
-3.88308
-3.88316
-3.88276
-3.88108
-3.8806
-3.87967
-3.87924
-3.88073
-3.88071
-3.88142
-3.88079
-3.88204
-3.88357
-3.88451
-3.8863
-3.88729
-3.88722
-3.88758
-3.88727
-3.88528
-3.88434
-3.88335
-3.88333
-3.88232
-3.8823
-3.88167
-3.88185
-3.88201
-3.88193
-3.88163
-3.8814
-3.88161
-3.88277
-3.88371
-4.71445
-4.71413
-4.71377
-4.71337
-4.7117
-4.70813
-4.70508
-4.70131
-4.6988
-4.69592
-4.6933
-4.68998
-4.68893
-4.68847
-4.68707
-4.68827
-4.68964
-4.69216
-4.694
-4.69621
-4.69786
-4.69973
-4.70069
-4.70192
-4.7024
-4.70218
-4.70253
-4.70264
-4.70272
-4.7025
-4.70217
-4.70264
-4.70252
-4.70256
-4.70213
-4.70274
-4.70289
-4.70261
-4.70252
-4.70218
-4.701
-4.70077
-4.70118
-4.70069
-4.7011
-4.70193
-4.70241
-4.70313
-4.70183
-4.70245
-4.70185
-4.70218
-4.70225
-4.70223
-4.70226
-4.70247
-4.70271
-4.70281
-4.70306
-4.70313
-4.70272
-4.7021
-4.70142
-4.70234
-4.70231
-4.70242
-4.70226
-4.70262
-4.70217
-4.70166
-4.70148
-4.70188
-4.70204
-4.70225
-4.7027
-4.70196
-4.70112
-4.70068
-4.70096
-4.7018
-4.70121
-4.70157
-4.70191
-4.70326
-4.70391
-4.70462
-4.70418
-4.70457
-4.70489
-4.70517
-4.70451
-4.70487
-4.7046
-4.70418
-4.70376
-4.70411
-4.70388
-4.70489
-4.70395
-4.70365
-4.70397
-4.70417
-4.70413
-4.70445
-4.70486
-4.7049
-4.70468
-4.70494
-4.7052
-4.70527
-4.70592
-4.70655
-4.70735
-4.70726
-4.70767
-4.70703
-4.70759
-4.70704
-4.70673
-4.70693
-4.70733
-4.70794
-4.7074
-4.70708
-4.70654
-4.70657
-4.70675
-4.70637
-4.7059
-4.70611
-4.70626
-4.70605
-4.70666
-4.70658
-4.70671
-4.70642
-4.70572
-4.70552
-4.70583
-4.70695
-4.70797
-4.70809
-4.70832
-4.70874
-4.70813
-4.70797
-4.70874
-4.70865
-4.70759
-4.70724
-4.70613
-4.70608
-4.70561
-4.70654
-4.70632
-4.70586
-4.70561
-4.70555
-4.70583
-4.70552
-4.7051
-4.7055
-4.70507
-4.70534
-4.70539
-4.70578
-4.70613
-4.70594
-4.70562
-4.70623
-4.70536
-4.70531
-4.70535
-4.70445
-4.70384
-4.70354
-4.70312
-4.70292
-4.70235
-4.70175
-4.70281
-4.70266
-4.70355
-4.70452
-4.70458
-4.70532
-4.70592
-4.70545
-4.70389
-4.70445
-4.70384
-4.70378
-4.70308
-4.70315
-4.70373
-4.70348
-4.70332
-4.70265
-4.70284
-4.70236
-4.7024
-4.70187
-4.70241
-4.70235
-4.70255
-4.70271
-4.70311
-4.70376
-4.70418
-4.70394
-4.70348
-4.70297
-4.70273
-4.70204
-4.70212
-4.70225
-4.70154
-4.70185
-4.70165
-4.70138
-4.70116
-4.70138
-4.70201
-4.70152
-4.70158
-4.70173
-4.7011
-4.70167
-4.70148
-4.70099
-4.70066
-4.70018
-4.7006
-4.70071
-4.70066
-4.70089
-4.7005
-4.70086
-4.70169
-4.70195
-4.70197
-4.70179
-4.70154
-4.70106
-4.7015
-4.70161
-4.70183
-4.70227
-4.70203
-4.70232
-4.70222
-4.70251
-4.70258
-4.70246
-4.70201
-4.70126
-4.70114
-4.7003
-4.70027
-4.70045
-4.7001
-4.7004
-4.70107
-4.70072
-4.70087
-4.70073
-4.70103
-4.70163
-4.70128
-4.70075
-4.70064
-4.70128
-4.70145
-4.70209
-4.70245
-4.70312
-4.70229
-4.70235
-4.70254
-4.70314
-4.70308
-4.70373
-4.70374
-4.70238
-4.7024
-4.70337
-4.70275
-4.70296
-4.70383
-4.70502
-4.70513
-4.70458
-4.70351
-4.70344
-4.7029
-4.70194
-4.70178
-4.70304
-4.70267
-4.70292
-4.703
-4.70286
-4.7034
-4.70421
-4.70454
-4.70461
-4.70354
-4.70356
-4.70359
-4.70404
-4.70397
-4.70357
-4.70393
-4.70434
-4.70405
-4.70457
-4.70481
-4.70475
-4.70439
-4.7045
-4.70326
-4.7034
-4.70309
-4.70397
-4.70419
-4.70403
-4.70411
-4.70459
-4.70398
-4.70381
-4.7044
-4.70377
-4.70314
-4.70328
-4.70329
-4.70305
-4.70229
-4.70236
-4.70281
-4.70209
-4.70258
-4.70307
-4.70262
-4.70293
-4.70292
-4.70262
-4.70319
-4.70358
-4.70362
-4.70361
-4.70326
-4.7032
-4.70266
-4.70346
-4.70301
-4.70236
-4.70273
-4.70291
-4.70263
-4.70266
-4.70212
-4.7012
-4.70037
-4.69983
-4.70017
-4.70064
-4.70105
-4.70119
-4.70084
-4.70209
-4.7025
-4.70251
-4.7029
-4.70243
-4.70339
-4.70305
-4.70355
-4.70327
-4.70254
-4.70169
-4.70253
-4.70313
-4.70258
-4.70284
-4.70316
-4.70248
-4.70229
-4.70153
-4.70245
-4.70291
-4.70307
-4.70277
-4.70278
-4.70322
-4.7042
-4.70375
-4.70428
-4.70429
-4.7041
-4.70375
-4.70417
-4.70402
-4.70452
-4.70477
-4.70551
-4.70491
-4.7046
-4.70427
-4.70468
-4.70449
-4.70492
-4.70491
-4.70599
-4.70603
-4.7055
-4.70575
-4.70542
-4.70525
-4.70551
-4.70604
-4.70532
-4.70578
-4.70623
-4.7053
-4.70543
-4.70586
-4.70538
-4.70595
-4.70622
-4.70665
-4.70634
-4.70591
-4.70597
-4.70574
-4.70538
-4.70441
-4.70447
-4.70448
-4.70384
-4.70375
-4.70256
-4.70284
-4.70218
-4.70257
-4.70206
-4.70114
-4.70118
-4.70132
-4.70049
-4.70082
-4.70001
-4.7009
-4.70195
-4.70206
-4.70152
-4.70122
-4.70208
-4.70213
-4.70199
-4.70166
-4.70144
-4.70179
-4.70151
-4.70226
-4.70224
-4.70237
-4.70356
-4.70401
-4.70449
-4.70348
-4.70355
-4.70392
-4.70401
-4.7038
-4.70345
-4.70373
-4.70391
-4.70427
-4.70468
-4.70452
-4.70498
-4.70557
-4.70552
-4.70498
-4.70486
-4.70471
-4.70424
-4.70377
-4.70377
-4.70379
-4.7046
-4.70467
-4.7046
-4.705
-4.70449
-4.7041
-4.70458
-4.70427
-4.70406
-4.70442
-4.70384
-4.7028
-4.7022
-4.70161
-4.70147
-4.70134
-4.70106
-4.70048
-4.70035
-4.70098
-4.70222
-4.70167
-4.7019
-4.70158
-4.70164
-4.70118
-4.7017
-4.70197
-4.70209
-4.70171
-4.70247
-4.70166
-4.70232
-4.70192
-4.70154
-4.70193
-4.70265
-4.70292
-4.70291
-4.70306
-4.70351
-4.70348
-4.70356
-4.70402
-4.70457
-4.70536
-4.70507
-4.7058
-4.70591
-4.70507
-4.70389
-4.70314
-4.70238
-4.70228
-4.70104
-4.70142
-4.70115
-4.70171
-4.70308
-4.7025
-4.70253
-4.70223
-4.70325
-4.70424
-4.70428
-4.70446
-4.70476
-4.7049
-4.70471
-4.70449
-4.70452
-4.7042
-4.70369
-4.70257
-4.70223
-4.70274
-4.70352
-4.70354
-4.70414
-4.70405
-4.7041
-4.70319
-4.70277
-4.70287
-4.70227
-4.70313
-4.70349
-4.70276
-4.70352
-4.70351
-4.70288
-4.70211
-4.70256
-4.7014
-4.70104
-4.70166
-4.70187
-4.70226
-4.70218
-4.70178
-4.70179
-4.70267
-4.70249
-4.70264
-4.70284
-4.70266
-4.70284
-4.70246
-4.70268
-4.70421
-4.70399
-4.70364
-4.70363
-4.70441
-4.70439
-4.70405
-4.70437
-4.70494
-4.7047
-4.70548
-4.70619
-4.7074
-4.70727
-4.70762
-4.70754
-4.70776
-4.70782
-4.70738
-4.70748
-4.70781
-4.7073
-4.70764
-4.70766
-4.70769
-4.70865
-4.70769
-4.70767
-4.70798
-4.70754
-4.70803
-4.70792
-4.7075
-4.70693
-4.7074
-4.70784
-4.70672
-4.70616
-4.70525
-4.70475
-4.70362
-4.70354
-4.70332
-4.70404
-4.70391
-4.70263
-4.70203
-4.70134
-4.70089
-4.70126
-4.70139
-4.70199
-4.70242
-4.70342
-4.70343
-4.70412
-4.70411
-4.70464
-4.70465
-4.70416
-4.70334
-4.70235
-4.70182
-4.70193
-4.70134
-4.70098
-4.70042
-4.70054
-4.70149
-4.70048
-4.69928
-4.69906
-4.69879
-4.69967
-4.69979
-4.69946
-4.69933
-4.6985
-4.69893
-4.69925
-4.69883
-4.69856
-4.69888
-4.69947
-4.69969
-4.69921
-4.69909
-4.69842
-4.69814
-4.69738
-4.69694
-4.6955
-4.69593
-4.69555
-4.69554
-4.69606
-4.69633
-4.69757
-4.69793
-4.69772
-4.69872
-4.69835
-4.69884
-4.69898
-4.6992
-4.69965
-4.70019
-4.70006
-4.69988
-4.69952
-4.69931
-4.69958
-4.69927
-4.69963
-4.70034
-4.69973
-4.69988
-4.69987
-4.69909
-4.69872
-4.69896
-4.69936
-4.69829
-4.69805
-4.69819
-4.69962
-4.69959
-4.70065
-4.70019
-4.70074
-4.70121
-4.70097
-4.70046
-4.7006
-4.70034
-4.69986
-4.69963
-4.69955
-4.69947
-4.69987
-4.69805
-4.69825
-4.69807
-4.69844
-4.69863
-4.6985
-4.69926
-4.70028
-4.70095
-4.70182
-4.70287
-4.70281
-4.70308
-4.70348
-4.70398
-4.70371
-4.70224
-4.7025
-4.70242
-4.70279
-4.7026
-4.70384
-4.70364
-4.70337
-4.70288
-4.70229
-4.70191
-4.70219
-4.70221
-4.70228
-4.70298
-4.70354
-4.70453
-4.70442
-4.70439
-4.70444
-4.705
-4.70442
-4.70618
-4.70607
-4.70486
-4.70455
-4.70427
-4.70361
-4.70348
-4.70422
-4.70461
-4.70433
-4.70467
-4.70423
-4.70404
-4.7044
-4.70441
-4.7038
-4.7032
-4.70229
-4.7023
-4.70229
-4.7027
-4.70201
-4.70204
-4.7016
-4.70087
-4.70019
-4.69973
-4.70025
-4.7007
-4.70121
-4.70071
-4.70159
-4.70138
-4.70217
-4.70228
-4.70246
-4.70302
-4.70274
-4.70239
-4.70183
-4.70107
-4.70104
-4.69979
-4.69947
-4.69906
-4.69934
-4.69927
-4.69961
-4.69975
-4.69966
-4.70007
-4.69987
-4.70009
-4.70025
-4.70018
-4.69958
-4.69907
-4.69931
-4.69835
-4.69879
-4.69928
-4.69889
-4.69788
-4.69835
-4.69805
-4.69818
-4.6989
-4.69885
-4.6979
-4.69831
-4.69875
-4.69892
-4.69868
-4.69938
-4.69995
-4.70053
-4.70081
-4.70154
-4.70165
-4.70205
-4.70121
-4.70122
-4.70132
-4.70074
-4.70054
-4.69969
-4.69942
-4.69981
-4.69908
-4.69895
-4.69956
-4.70042
-4.70042
-4.7004
-4.70093
-4.70093
-4.70131
-4.70115
-4.70076
-4.7
-4.69947
-4.69918
-4.69931
-4.69927
-4.69909
-4.69955
-4.6987
-4.69868
-4.69859
-4.6989
-4.69824
-4.69735
-4.69758
-4.69798
-4.69808
-4.6983
-4.69834
-4.69804
-4.69816
-4.69825
-4.69863
-4.69918
-4.69914
-4.69973
-4.70033
-4.7006
-4.70143
-4.70145
-4.70187
-4.70241
-4.70231
-4.70205
-4.70181
-4.70143
-4.70169
-4.70196
-4.70209
-4.70236
-4.70231
-4.7018
-4.70204
-4.70183
-4.70271
-4.70211
-4.70122
-4.70139
-4.70124
-4.70179
-4.70154
-4.70095
-4.70125
-4.70112
-4.70073
-4.70041
-4.7003
-4.69981
-4.70042
-4.7
-4.69972
-4.69944
-4.69958
-4.69953
-4.7002
-4.70038
-4.70038
-4.70096
-4.70016
-4.7001
-4.70079
-4.70104
-4.70143
-4.70137
-4.70191
-4.70152
-4.70066
-4.70006
-4.69973
-4.69925
-4.69877
-4.69848
-4.69794
-4.69823
-4.69843
-4.699
-4.69899
-4.70005
-4.70049
-4.70043
-4.6994
-4.70012
-4.70005
-4.70072
-4.70038
-4.70073
-4.70119
-4.70174
-4.70214
-4.70216
-4.7034
-4.70313
-4.70262
-4.70177
-4.70171
-4.70129
-4.7015
-4.70159
-4.70062
-4.70152
-4.70207
-4.70248
-4.70228
-4.70181
-4.70125
-4.70111
-4.70048
-4.69998
-4.70067
-4.70012
-4.69971
-4.69777
-4.6969
-4.69712
-4.69603
