1.80094
1.80175
1.80231
1.80261
1.80269
1.80261
1.80245
1.80226
1.80204
1.80177
1.80137
1.80077
1.7999
1.79871
1.79719
1.79539
1.79338
1.79128
1.78925
1.78745
1.78601
1.78506
1.78466
1.7848
1.78543
1.78646
1.78777
1.78923
1.79072
1.79216
1.79347
1.7946
1.79554
1.79627
1.79681
1.79717
1.79736
1.79742
1.79737
1.79722
1.797
1.79673
1.79644
1.79613
1.79583
1.79557
1.79537
1.79526
1.79526
1.7954
1.79569
1.79613
1.79672
1.7974
1.79813
1.79882
1.79939
1.79979
1.79999
1.80004
1.8
1.79998
1.80003
1.80008
1.79993
1.79926
1.79771
1.7951
1.79156
1.78761
1.7841
1.78186
1.7813
1.78224
1.78403
1.78593
1.78743
1.78847
1.7893
1.79033
1.79194
1.7943
1.79733
1.80076
1.80424
1.80748
1.81032
1.81269
1.81455
1.81575
1.81601
1.81495
1.81211
1.80712
1.79978
1.79011
1.77849
1.76569
1.75287
1.74162
1.73363
1.73028
1.73203
1.73828
1.7476
1.7584
1.76944
1.77994
1.78955
1.79811
1.80558
1.81193
1.81719
1.82138
1.82458
1.82691
1.82845
1.82931
1.82959
1.82933
1.82856
1.82727
1.82538
1.82279
1.81935
1.81487
1.80921
1.80234
1.79446
1.78617
1.77848
1.77258
1.76944
1.76927
1.77138
1.77447
1.77711
1.77819
1.77704
1.7734
1.76733
1.75915
1.74943
1.73901
1.72896
1.72048
1.7147
1.71238
1.71368
1.71814
1.72486
1.73278
1.74092
1.74855
1.75518
1.76054
1.76453
1.76715
1.76847
1.76859
1.76765
1.76577
1.76312
1.75984
1.75604
1.75184
1.74732
1.74249
1.73737
1.73192
1.72618
1.72022
1.71429
1.70877
1.70423
1.70128
1.70044
1.70191
1.70553
1.71072
1.71675
1.72285
1.72847
1.73324
1.73703
1.73982
1.74172
1.74285
1.74335
1.74333
1.7429
1.74215
1.74114
1.7399
1.73849
1.73691
1.7352
1.73336
1.73142
1.72942
1.7274
1.72541
1.72351
1.72178
1.72026
1.719
1.718
1.71724
1.71668
1.71628
1.71599
1.71581
1.71574
1.71587
1.71625
1.71698
1.71812
1.7197
1.72168
1.72399
1.72654
1.72921
1.73189
1.73452
1.73701
1.73933
1.74144
1.74333
1.74497
1.74634
1.7474
1.74813
1.74848
1.74845
1.74802
1.74719
1.74602
1.74458
1.74295
1.74125
1.73958
1.73804
1.73668
1.73555
1.73469
1.73411
1.73379
1.73368
1.7336
1.73329
1.73241
1.73062
1.72772
1.72395
1.72016
1.71777
1.71838
1.72293
1.73114
1.74162
1.75261
1.76267
1.77101
1.77743
1.78205
1.78517
1.78712
1.78819
1.78861
1.78857
1.78819
1.78755
1.78668
1.78558
1.78421
1.7825
1.78036
1.7777
1.77447
1.77065
1.76629
1.76154
1.75663
1.75184
1.7475
1.7439
1.7413
1.73983
1.73946
1.73996
1.74085
1.74149
1.7411
1.73899
1.73478
1.72879
1.72224
1.71727
1.71613
1.71999
1.72822
1.73885
1.74972
1.75934
1.76708
1.77294
1.77719
1.78019
1.78225
1.78359
1.78439
1.78471
1.78459
1.78405
1.78307
1.7817
1.78003
1.77823
1.77662
1.77554
1.77537
1.77638
1.77864
1.782
1.78613
1.79058
1.79496
1.79894
1.80231
1.80496
1.80685
1.80799
1.80843
1.80821
1.80739
1.80608
1.80435
1.80231
1.8001
1.79784
1.79561
1.79348
1.79143
1.78938
1.78717
1.78459
1.78147
1.77768
1.77323
1.76833
1.76333
1.75879
1.75528
1.75337
1.75346
1.75568
1.75989
1.76572
1.77263
1.78004
1.78744
1.79445
1.80082
1.80644
1.81133
1.81554
1.81919
1.82239
1.82523
1.82776
1.82995
1.83175
1.83302
1.83361
1.83333
1.832
1.82945
1.8256
1.82041
1.81398
1.80653
1.79843
1.79023
1.78265
1.77663
1.77316
1.77302
1.77631
1.78228
1.78945
1.79622
1.80127
1.80394
1.80419
1.80248
1.79958
1.79636
1.79348
1.79128
1.7897
1.78843
1.78712
1.7856
1.78399
1.78264
1.78206
1.78262
1.78442
1.78724
1.7906
1.79398
1.79693
1.79916
1.80053
1.80106
1.80083
1.79997
1.79862
1.79696
1.79517
1.7934
1.79183
1.79058
1.78974
1.78935
1.7894
1.78979
1.79039
1.79105
1.79158
1.79182
1.79164
1.79096
1.78977
1.78811
1.78607
1.78376
1.78124
1.77851
1.77551
1.77218
1.76851
1.76463
1.76086
1.75763
1.75538
1.75437
1.75462
1.75596
1.75815
1.76097
1.76423
1.76773
1.77122
1.77444
1.77707
1.77884
1.77953
1.77898
1.77713
1.77398
1.76963
1.76426
1.75822
1.75196
1.74605
1.74111
1.73771
1.73629
1.73703
1.73986
1.74445
1.75031
1.75689
1.76364
1.77012
1.77597
1.78094
1.78488
1.78769
1.78931
1.78971
1.78888
1.78682
1.78353
1.77905
1.77349
1.76702
1.7599
1.75252
1.74534
1.73884
1.73346
1.72948
1.72697
1.72579
1.72562
1.7261
1.72695
1.72801
1.72933
1.73105
1.73337
1.73637
1.74002
1.74416
1.74858
1.75304
1.75736
1.76141
1.76512
1.76843
1.77134
1.77386
1.77603
1.77789
1.7795
1.78093
1.78223
1.78346
1.78464
1.78582
1.78701
1.78822
1.78943
1.7906
1.79168
1.79261
1.79333
1.79378
1.7939
1.79368
1.79311
1.7922
1.79096
1.78941
1.78752
1.78527
1.78263
1.77957
1.77614
1.77246
1.76877
1.76537
1.76262
1.76081
1.7601
1.76051
1.76186
1.76395
1.76657
1.7696
1.77299
1.77676
1.78086
1.78522
1.78967
1.794
1.79798
1.80141
1.80412
1.80602
1.80704
1.80714
1.80632
1.8046
1.80207
1.79884
1.79511
1.79112
1.78715
1.7835
1.78039
1.77799
1.77631
1.77526
1.77463
1.77417
1.77366
1.77295
1.77198
1.77082
1.7696
1.76849
1.76761
1.76706
1.76685
1.76696
1.76734
1.76789
1.76849
1.76905
1.76946
1.76963
1.76953
1.76908
1.76825
1.767
1.76533
1.76331
1.76106
1.75878
1.75668
1.75496
1.75377
1.75317
1.75315
1.75364
1.75453
1.7557
1.75703
1.75841
1.75973
1.7609
1.76186
1.76259
1.76308
1.76339
1.76359
1.76379
1.76405
1.76443
1.76494
1.76554
1.76615
1.76665
1.76693
1.76684
1.76626
1.76505
1.76307
1.7602
1.75636
1.75153
1.74586
1.73971
1.73365
1.72841
1.72467
1.72286
1.72295
1.72457
1.72712
1.73008
1.73306
1.73589
1.7385
1.74089
1.74303
1.74488
1.74634
1.74731
1.74769
1.74741
1.74643
1.74478
1.74253
1.73981
1.73676
1.73357
1.7304
1.72744
1.72488
1.72292
1.72174
1.72151
1.72226
1.72392
1.72628
1.72903
1.73186
1.73454
1.73689
1.73887
1.74046
1.74167
1.74247
1.74281
1.74256
1.74156
1.73971
1.737
1.73364
1.73011
1.72713
1.72544
1.72556
1.72746
1.73061
1.73413
1.7371
1.73875
1.7386
1.73644
1.73239
1.72693
1.72096
1.71569
1.71236
1.71171
1.71366
1.71735
1.72162
1.72539
1.72801
1.72922
1.72909
1.72785
1.7258
1.72323
1.72045
1.71768
1.71513
1.71297
1.71132
1.71024
1.70975
1.70982
1.71037
1.71131
1.71254
1.71395
1.71547
1.71703
1.7186
1.72014
1.72164
1.72309
1.72449
1.72584
1.72715
1.72842
1.72965
1.73086
1.73204
1.73319
1.73429
1.73532
1.73628
1.73713
1.73785
1.73841
1.73878
1.73892
1.7388
1.73835
1.73753
1.73627
1.73448
1.73206
1.72889
1.72484
1.71981
1.71376
1.70679
1.69925
1.69181
1.68542
1.68117
1.67991
1.68193
1.68679
1.69359
1.70123
1.70884
1.71582
1.72187
1.7269
1.73092
1.734
1.73618
1.73751
1.73802
1.73779
1.73689
1.73547
1.73375
1.73196
1.73037
1.72915
1.72843
1.72815
1.7282
1.72838
1.72851
1.72846
1.72821
1.72782
1.7274
1.72711
1.72707
1.72735
1.72796
1.7288
1.72977
1.73069
1.73142
1.73183
1.73182
1.73136
1.73047
1.72922
1.72776
1.72626
1.72495
1.72405
1.72376
1.72421
1.72546
1.72746
1.73007
1.73309
1.73629
1.73945
1.7424
1.74502
1.74725
1.74905
1.75043
1.75142
1.75204
1.75232
1.75228
1.75191
1.75122
1.7502
1.74882
1.74709
1.74499
1.74257
1.73988
1.73702
1.73412
1.73132
1.72876
1.72653
1.72471
1.72328
1.72218
1.72128
1.72046
1.71959
1.71863
1.71763
1.71675
1.7162
1.71623
1.71702
1.71861
1.72094
1.72385
1.72712
1.73056
1.73399
1.73726
1.74024
1.74284
1.74499
1.74666
1.74786
1.74863
1.74905
1.74922
1.74928
1.74933
1.74946
1.74973
1.75015
1.75068
1.75124
1.75176
1.75215
1.75237
1.7524
1.75227
1.75207
1.75189
1.75187
1.75211
1.75269
1.7536
1.75478
1.75609
1.75732
1.75823
1.75856
1.75804
1.75643
1.75353
1.7492
1.74345
1.73645
1.72862
1.72061
1.71324
1.70734
1.70353
1.70203
1.70269
1.70507
1.70861
1.71286
1.71746
1.72223
1.72707
1.73197
1.73695
1.74201
1.74713
1.75226
1.75725
1.76195
1.76621
1.7699
1.77293
1.77529
1.77697
1.77798
1.77833
1.77798
1.77687
1.77494
1.77206
1.76817
1.76323
1.75737
1.75089
1.7443
1.73832
1.73372
1.73115
1.73088
1.73277
1.73629
1.74072
1.74534
1.74961
1.75323
1.75611
1.75833
1.76006
1.76151
1.76286
1.76426
1.7658
1.76753
1.76947
1.77159
1.77385
1.7762
1.77856
1.78084
1.78294
1.78477
1.78625
1.78732
1.78793
1.78806
1.78773
1.78698
1.78588
1.78454
1.78307
1.78158
1.78017
1.77888
1.7777
1.77652
1.77517
1.77342
1.77103
1.76784
1.76383
1.75924
1.75459
1.75066
1.74829
1.74808
1.75016
1.75412
1.75919
1.76456
1.76954
1.7737
1.77685
1.77897
1.78012
1.78039
1.77989
1.77866
1.77677
1.77424
1.77111
1.76748
1.76347
1.7593
1.75528
1.75181
1.74931
1.74814
