0.889324
0.86706
0.829803
0.778703
0.71557
0.643201
0.565467
0.487226
0.414011
0.351325
0.303741
0.274028
0.262642
0.267787
0.285981
0.312883
0.344131
0.375924
0.405346
0.43044
0.450152
0.464186
0.472834
0.476784
0.477036
0.474709
0.470947
0.46684
0.463371
0.461283
0.46106
0.462923
0.466829
0.472554
0.479636
0.487586
0.495893
0.504088
0.511777
0.518618
0.524382
0.528849
0.531812
0.533123
0.532629
0.530243
0.525949
0.519941
0.512664
0.504804
0.49724
0.490905
0.486659
0.485188
0.486827
0.49149
0.498661
0.507574
0.517249
0.526674
0.534902
0.541211
0.545092
0.546293
0.544789
0.540834
0.534887
0.527586
0.519613
0.511604
0.504013
0.497051
0.490762
0.485068
0.479945
0.475533
0.472169
0.47032
0.470398
0.472492
0.476246
0.480881
0.48549
0.489424
0.492462
0.494758
0.496653
0.498441
0.500152
0.501594
0.502372
0.502109
0.500568
0.497704
0.493725
0.48895
0.483747
0.478434
0.473336
0.468737
0.464917
0.462141
0.46071
0.460851
0.462683
0.466171
0.471127
0.47719
0.483938
0.490929
0.497754
0.50413
0.509914
0.515026
0.519387
0.522904
0.52543
0.526807
0.526912
0.525652
0.523058
0.519355
0.514831
0.50991
0.505011
0.500542
0.496773
0.493822
0.491663
0.490171
0.489138
0.488337
0.487562
0.486727
0.485846
0.485098
0.484809
0.485354
0.487023
0.489951
0.493983
0.498647
0.503288
0.507156
0.509598
0.510175
0.508783
0.505679
0.501354
0.496453
0.491586
0.487108
0.48316
0.479597
0.476103
0.472407
0.468428
0.464359
0.460667
0.458038
0.457174
0.45861
0.462603
0.469082
0.477648
0.487684
0.49849
0.509358
0.519685
0.529009
0.536969
0.543372
0.548088
0.55104
0.552141
0.551417
0.548921
0.544792
0.539223
0.532447
0.524712
0.516191
0.507024
0.497366
0.487417
0.477502
0.468039
0.459527
0.452421
0.447082
0.443701
0.442279
0.44267
0.44462
0.447871
0.452185
0.45735
0.463182
0.469516
0.476193
0.48301
0.489793
0.496371
0.502605
0.50848
0.514023
0.519311
0.524407
0.529335
0.534025
0.538293
0.541853
0.544418
0.545675
0.545416
0.543434
0.539598
0.533885
0.526452
0.517701
0.508147
0.498398
0.489058
0.480622
0.473462
0.467842
0.463996
0.462203
0.462653
0.465323
0.469973
0.476104
0.483043
0.490114
0.496655
0.502111
0.506062
0.508203
0.508423
0.506786
0.503523
0.498984
0.493681
0.48816
0.482951
0.478455
0.47501
0.472856
0.4722
0.473189
0.475874
0.480199
0.485954
0.492688
0.499888
0.507034
0.513661
0.51943
0.524201
0.527999
0.530858
0.532833
0.533913
0.534005
0.532922
0.530478
0.526577
0.521311
0.514913
0.507812
0.500533
0.493551
0.487252
0.481879
0.477494
0.473974
0.471171
0.468918
0.467071
0.465644
0.464788
0.464746
0.465824
0.468273
0.472218
0.477552
0.483891
0.490698
0.497284
0.502922
0.506978
0.509072
0.509127
0.50744
0.504587
0.501231
0.498011
0.495364
0.493487
0.492366
0.491886
0.491891
0.492221
0.492747
0.493406
0.494211
0.495205
0.49644
0.497929
0.499631
0.501436
0.503071
0.504187
0.504392
0.503374
0.500923
0.497078
0.492199
0.486858
0.481793
0.477742
0.475283
0.474719
0.476067
0.479006
0.482998
0.487325
0.491281
0.494325
0.496159
0.496834
0.496687
0.496229
0.495978
0.49633
0.497461
0.49941
0.502064
0.505202
0.508518
0.511644
0.514173
0.515676
0.51573
0.514063
0.510644
0.505672
0.499662
0.493334
0.487576
0.483233
0.480975
0.481114
0.483577
0.487943
0.493485
0.499347
0.504666
0.508723
0.510965
0.51112
0.509184
0.505405
0.500169
0.493995
0.487348
0.480659
0.474329
0.46876
0.464432
0.461864
0.461522
0.463724
0.468551
0.475801
0.484985
0.495445
0.506371
0.516874
0.5261
0.533324
0.537998
0.5398
0.538683
0.534884
0.528914
0.521492
0.513439
0.505558
0.49851
0.492781
0.488652
0.486152
0.485146
0.485311
0.486206
0.487258
0.487867
0.487569
0.486118
0.483545
0.480105
0.47625
0.472502
0.469309
0.467044
0.46593
0.46608
0.467563
0.470382
0.474512
0.479818
0.486098
0.49309
0.500418
0.507663
0.514343
0.519971
0.524199
0.526753
0.527557
0.526691
0.524384
0.521006
0.516964
0.512723
0.508723
0.505334
0.502727
0.500941
0.499872
0.49925
0.498718
0.497853
0.496284
0.493739
0.490184
0.485765
0.480838
0.475998
0.471957
0.469416
0.468889
0.470585
0.474273
0.479352
0.484916
0.490048
0.494076
0.496707
0.498139
0.498987
0.500051
0.502016
0.505111
0.509099
0.513394
0.517316
0.520384
0.522355
0.523143
0.522836
0.521556
0.519373
0.516412
0.512852
0.508892
0.504853
0.50092
0.497237
0.493864
0.490863
0.488328
0.486402
0.48533
0.485432
0.48699
0.49015
0.494897
0.500939
0.507775
0.514702
0.520867
0.525525
0.527921
0.527499
0.523955
0.517316
0.507939
0.496492
0.483955
0.471538
0.460476
0.451926
0.446783
0.445603
0.448468
0.45491
0.463982
0.47438
0.484575
0.493118
0.498904
0.501368
0.500582
0.49721
0.492349
0.487267
0.483084
0.480606
0.480148
0.481581
0.484464
0.488109
0.491807
0.494948
0.497098
0.498089
0.498003
0.497145
0.495952
0.494893
0.494386
0.49472
0.496004
0.498178
0.501142
0.504725
0.508824
0.513329
0.518143
0.52312
0.52808
0.53275
0.536827
0.540051
0.542191
0.542986
0.542245
0.539839
0.535689
0.529856
0.522613
0.514416
0.505847
0.497401
0.489396
0.481898
0.474747
0.467741
0.460768
0.453903
0.447434
0.441766
0.437373
0.434703
0.434068
0.435605
0.439287
0.444969
0.452336
0.461056
0.470728
0.480914
0.491171
0.501072
0.510211
0.518211
0.52469
0.529348
0.532009
0.532606
0.531198
0.527892
0.522881
0.516436
0.508859
0.500558
0.492039
0.483863
0.47665
0.471048
0.467554
0.466577
0.468331
0.472728
0.47927
0.487128
0.49528
0.50277
0.508873
0.513199
0.51568
0.516466
0.515872
0.51423
0.511955
0.509448
0.507061
0.505121
0.503795
0.503054
0.502743
0.502682
0.502674
0.502591
0.50242
0.502164
0.501897
0.501736
0.501812
0.502193
0.50293
0.503954
0.505066
0.505925
0.506092
0.505163
0.50281
0.498883
0.493484
0.486972
0.479936
0.473119
0.467308
0.463193
0.46123
0.461584
0.464132
0.468505
0.474128
0.480308
0.486256
0.491138
0.494229
0.495051
0.49353
0.490071
0.485481
0.480843
0.477304
0.475819
0.477015
0.481056
0.487616
0.496011
0.505244
0.514271
0.522167
0.528284
0.53227
0.534111
0.534045
0.532455
0.529763
0.526285
0.52224
0.517695
0.512693
0.50732
0.501731
0.496185
0.491076
0.486875
0.484
0.482733
0.483174
0.485174
0.488336
0.49208
0.495771
0.498833
0.500796
0.501414
0.500632
0.498562
0.495413
0.49147
0.487084
0.482622
0.478469
0.474961
0.472516
0.4715
0.472216
0.474895
0.479615
0.486262
0.494512
0.503787
0.513298
0.522184
0.529633
0.535048
0.538
0.538208
0.535519
0.529943
0.521679
0.511249
0.49952
0.487702
0.477194
0.469383
0.465247
0.465242
0.46916
0.476242
0.485337
0.495219
0.504771
0.513107
0.51959
0.52379
0.525435
0.52439
0.520692
0.514607
0.506613
0.497416
0.487864
0.478834
0.471082
0.465147
0.461331
0.459724
0.460197
0.462464
0.466099
0.470608
0.475493
0.480362
0.484987
0.489323
0.493499
0.497646
0.501915
0.506346
0.51085
0.515196
0.519046
0.522034
0.523812
0.524043
0.522512
0.519136
0.513992
0.507332
0.499569
0.491291
0.483163
0.475906
0.470225
0.466712
0.465677
0.467031
0.470328
0.474803
0.479562
0.483813
0.487015
0.488988
0.489874
0.490054
0.490076
0.490523
0.491886
0.494446
0.49818
0.502811
0.507885
0.512898
0.517406
0.521073
0.523633
0.524868
0.5246
0.522632
0.518922
0.513538
0.506821
0.499336
0.491863
0.485345
0.480615
0.478301
0.478598
0.481203
0.485391
0.490259
0.494896
0.49859
0.500884
0.501623
0.500916
0.499038
0.49638
0.493355
0.49037
0.487731
0.485716
0.484563
0.484491
0.485615
0.487981
0.49144
0.495718
0.500349
0.504821
0.508556
0.511052
0.511997
0.511312
0.509175
0.505899
0.501862
0.497576
0.493607
0.490537
0.488853
0.488899
0.490719
0.494119
0.498638
0.503711
0.50875
0.513259
0.516846
0.519281
0.520524
0.520672
0.519925
0.518538
0.516627
0.514126
0.510935
0.506968
0.502253
0.496993
0.491584
0.486531
0.48225
0.478981
0.476744
0.47534
0.474459
0.473843
0.47334
0.472976
0.472879
0.473322
0.474582
0.47688
0.480311
0.484776
0.48999
0.495565
0.501055
0.50602
0.51005
0.512829
0.514134
0.513843
0.511993
0.508746
0.50437
0.499264
0.493923
0.488871
0.484585
0.481389
0.479476
0.478971
0.479903
0.482234
0.485885
0.490676
0.496328
0.502384
0.508287
0.513436
0.517262
0.519362
0.51953
0.517861
0.514637
0.510212
0.505018
0.499457
0.493902
0.488681
0.484109
0.48051
0.478135
0.477073
0.477246
0.478293
0.479679
0.480808
0.48109
0.480113
0.477767
0.474342
0.470523
0.467289
0.465718
0.466722
0.47087
0.478255
0.488429
0.500491
0.513226
0.525303
0.535479
0.542762
0.54661
0.546987
0.544308
0.539382
0.533168
0.526594
0.5204
0.515014
0.510616
0.507219
0.504776
0.503233
0.5025
0.502413
0.502656
0.502715
0.50204
0.500054
0.496358
0.49077
0.483421
0.474709
0.465347
0.456259
0.448377
0.442492
0.439154
0.438559
0.440693
0.445351
0.452218
0.460927
0.471106
0.48235
0.494257
0.506416
0.518337
0.529486
0.539213
0.546833
0.551738
0.553496
0.551894
0.546998
0.53907
0.528635
0.516369
0.503089
0.489769
0.477433
0.467111
0.459759
0.456106
0.456437
0.460537
0.467732
0.477029
0.487365
0.497736
0.507303
0.515355
0.521384
0.525052
0.526194
0.52489
0.521413
0.516198
0.509746
0.502575
0.495173
0.488051
0.481765
0.4768
0.473566
0.472277
0.472944
0.475392
0.479252
0.48413
0.489694
0.495718
0.502058
0.508605
0.515192
0.521527
