0.819938
0.817927
0.814358
0.809034
0.801679
0.79195
0.779408
0.763547
0.743834
0.71979
0.691101
0.657758
0.620212
0.579536
0.537439
0.496145
0.458083
0.425445
0.399824
0.381989
0.371863
0.368619
0.37092
0.377172
0.385781
0.395362
0.404862
0.413589
0.421214
0.427693
0.433173
0.437851
0.441888
0.445365
0.448256
0.45047
0.451942
0.452701
0.452893
0.452763
0.452608
0.452701
0.453229
0.454312
0.455968
0.458105
0.46053
0.46295
0.465068
0.466636
0.467509
0.467699
0.467363
0.466741
0.466115
0.465714
0.465698
0.466156
0.467108
0.468499
0.470197
0.471983
0.473551
0.474595
0.474858
0.474194
0.47264
0.470431
0.467986
0.465781
0.464156
0.46314
0.46242
0.46151
0.459994
0.457727
0.454863
0.451797
0.449058
0.447193
0.446679
0.447832
0.450745
0.45525
0.460989
0.467497
0.474297
0.480964
0.487153
0.492595
0.497087
0.500459
0.502572
0.503351
0.502776
0.500899
0.497826
0.493695
0.488629
0.482745
0.476138
0.468943
0.461368
0.453712
0.446357
0.439707
0.434101
0.429747
0.426676
0.424794
0.423944
0.424017
0.424993
0.426968
0.430094
0.434506
0.440241
0.447161
0.454982
0.4633
0.471654
0.479559
0.48654
0.492151
0.496002
0.497842
0.497595
0.495338
0.491312
0.485872
0.479439
0.472459
0.465333
0.458402
0.451935
0.446154
0.441264
0.437491
0.435077
0.434313
0.435469
0.438704
0.443952
0.450862
0.458843
0.467178
0.475177
0.482259
0.487995
0.492115
0.494485
0.495087
0.494018
0.491466
0.487685
0.482977
0.477631
0.471895
0.465945
0.459914
0.453935
0.448233
0.443156
0.439165
0.436721
0.436137
0.437435
0.440311
0.444211
0.448479
0.452485
0.455724
0.457824
0.458544
0.457767
0.455466
0.451741
0.446814
0.441043
0.434949
0.429199
0.424544
0.421709
0.421249
0.423395
0.427974
0.434448
0.442029
0.449849
0.457089
0.463098
0.467428
0.469852
0.470341
0.46906
0.466314
0.462516
0.458148
0.453704
0.449648
0.446358
0.444105
0.443037
0.443165
0.444395
0.446542
0.449356
0.452546
0.455782
0.45872
0.461041
0.462466
0.462793
0.461923
0.45988
0.456825
0.45307
0.449045
0.445258
0.442189
0.440153
0.439241
0.439333
0.440166
0.441434
0.442858
0.444227
0.445422
0.446409
0.4472
0.447817
0.448283
0.448605
0.448748
0.448648
0.448227
0.447407
0.446131
0.444411
0.44235
0.440211
0.438391
0.437353
0.437495
0.439033
0.441977
0.446138
0.451207
0.456816
0.46256
0.468053
0.472917
0.476817
0.479483
0.480754
0.480564
0.47896
0.476093
0.472196
0.46754
0.462434
0.457192
0.452114
0.447467
0.443453
0.440206
0.437765
0.43607
0.434997
0.434376
0.434046
0.433897
0.433877
0.433997
0.434315
0.434925
0.43588
0.43719
0.438753
0.440401
0.441906
0.443012
0.443505
0.443276
0.442332
0.440836
0.439067
0.437392
0.436139
0.43551
0.435504
0.435918
0.436441
0.436753
0.436674
0.436218
0.435561
0.43498
0.434742
0.434987
0.43567
0.436582
0.437392
0.437801
0.43765
0.436991
0.436065
0.43516
0.434431
0.433786
0.432961
0.431718
0.429981
0.427886
0.425702
0.423702
0.422074
0.420903
0.420199
0.419984
0.420326
0.42133
0.423059
0.425482
0.428399
0.431489
0.434396
0.436823
0.438556
0.439495
0.439593
0.438844
0.437228
0.434755
0.431515
0.427703
0.423635
0.419702
0.4163
0.413716
0.412076
0.411364
0.411491
0.412381
0.414009
0.416364
0.419401
0.422971
0.426852
0.430807
0.434645
0.43823
0.441464
0.444242
0.446398
0.447723
0.447991
0.447008
0.444647
0.440893
0.435863
0.429795
0.423096
0.416315
0.410105
0.405134
0.401958
0.400902
0.401996
0.404987
0.409473
0.415028
0.421226
0.427627
0.433768
0.439203
0.443557
0.44659
0.448233
0.448552
0.447712
0.445951
0.443535
0.440748
0.437891
0.435253
0.433082
0.431572
0.430807
0.430814
0.431595
0.433162
0.43552
0.438612
0.442247
0.446102
0.44978
0.452912
0.455217
0.456551
0.456916
0.456434
0.455326
0.453849
0.452223
0.450573
0.448916
0.447179
0.445274
0.443165
0.44089
0.438543
0.436232
0.434077
0.432209
0.430768
0.429885
0.429625
0.429969
0.430785
0.431891
0.433115
0.434333
0.435482
0.43654
0.437492
0.43831
0.438974
0.439472
0.439819
0.440094
0.440421
0.440944
0.441799
0.443088
0.444844
0.446971
0.449306
0.451618
0.453641
0.455137
0.455882
0.455688
0.454448
0.452141
0.448881
0.444908
0.44059
0.436381
0.432774
0.430193
0.42894
0.429127
0.430687
0.433439
0.437106
0.441411
0.446091
0.450925
0.455715
0.460275
0.464428
0.468014
0.470896
0.472974
0.474193
0.474565
0.47415
0.473052
0.471386
0.469257
0.466732
0.463852
0.460652
0.45718
0.45354
0.449894
0.44644
0.443408
0.440985
0.439285
0.438317
0.437969
0.438054
0.438377
0.438756
0.439087
0.43934
0.439563
0.439834
0.440272
0.441
0.442121
0.44371
0.445781
0.448263
0.451006
0.453809
0.456446
0.458717
0.460453
0.461549
0.461961
0.461671
0.460693
0.459053
0.456764
0.453829
0.450249
0.446031
0.441199
0.435815
0.429993
0.423939
0.417967
0.412461
0.40783
0.404398
0.402304
0.401457
0.401567
0.402293
0.403379
0.40473
0.406378
0.408412
0.410928
0.414009
0.417729
0.422171
0.427367
0.433247
0.439629
0.446234
0.452741
0.458855
0.464346
0.469062
0.472881
0.475657
0.477201
0.477325
0.475954
0.473185
0.469326
0.464828
0.460201
0.455901
0.452271
0.449508
0.447662
0.446667
0.446348
0.44652
0.447006
0.447663
0.448385
0.449091
0.449686
0.450024
0.449902
0.44908
0.447328
0.444501
0.440634
0.436009
0.431145
0.426731
0.423462
0.42184
0.422035
0.423874
0.426944
0.430739
0.434794
0.438752
0.442357
0.44543
0.447838
0.449472
0.450269
0.450204
0.449331
0.447802
0.445858
0.443802
0.44192
0.440409
0.439329
0.438582
0.437982
0.437341
0.436556
0.435671
0.434874
0.434479
0.434832
0.436201
0.438694
0.442205
0.446375
0.450671
0.454473
0.457213
0.458457
0.458028
0.45603
0.452814
0.448884
0.444795
0.441006
0.43784
0.435489
0.434067
0.433673
0.43437
0.436152
0.438887
0.442314
0.446062
0.449731
0.452986
0.455631
0.457635
0.459096
0.460187
0.46109
0.461948
0.462879
0.463955
0.465216
0.466685
0.468353
0.47016
0.471986
0.473655
0.474946
0.475611
0.475412
0.474174
0.471799
0.468291
0.463774
0.458461
0.452627
0.446595
0.440715
0.435367
0.430927
0.427704
0.425897
0.425552
0.426523
0.428512
0.431129
0.433951
0.436577
0.438658
0.439917
0.44016
0.43928
0.43725
0.434153
0.4302
0.425739
0.421218
0.417107
0.41379
0.411451
0.410019
0.40923
0.408734
0.408244
0.407588
0.406766
0.405913
0.405276
0.405122
0.405689
0.407135
0.409527
0.412827
0.416901
0.421513
0.42628
0.430724
0.434347
0.436746
0.437692
0.437158
0.435312
0.432455
0.428957
0.425212
0.421596
0.418443
0.416037
0.414594
0.414272
0.415155
0.41722
0.420332
0.424265
0.428713
0.433332
0.437781
0.441745
0.444945
0.447187
0.448379
0.448558
0.447868
0.446547
0.444861
0.443041
0.441218
0.439398
0.437474
0.435315
0.432817
0.429983
0.426949
0.423998
0.4215
0.419872
0.419454
0.420476
0.422998
0.426887
0.431829
0.437375
0.442975
0.448059
0.452111
0.454706
0.455562
0.454531
0.451602
0.446858
0.440453
0.432629
0.423712
0.414116
0.404375
0.39513
0.387047
0.38075
0.37677
0.375498
0.377141
0.381641
0.388601
0.397285
0.406774
0.416128
0.424558
0.431493
0.436605
0.439803
0.441197
0.441052
0.43973
0.437616
0.435084
0.432468
0.430075
0.428171
0.426999
0.426795
0.427733
0.429913
0.433315
0.437789
0.443078
0.448817
0.454593
0.459972
0.464541
0.467964
0.469991
0.470511
0.469559
0.467356
0.464271
0.460809
0.457521
0.45487
0.453121
0.452288
0.45217
0.45248
0.452947
0.453421
0.453862
0.454307
0.454781
0.455255
0.455611
0.455656
0.455181
0.454035
0.452216
0.44988
0.447311
0.444871
0.442943
0.441881
0.441972
0.443369
0.446056
0.449838
0.454393
0.459322
0.464215
0.468687
0.472383
0.474966
0.47616
0.475761
0.47367
0.469934
0.464745
0.458459
0.45154
0.44452
0.437927
0.432206
0.427666
0.424419
0.422385
0.421317
0.420867
0.420636
0.420295
0.419644
0.418672
0.417541
0.41648
0.415663
0.415128
0.414786
0.414505
0.414179
0.413724
0.413073
0.412185
0.411069
0.409804
0.408539
0.407466
0.406771
0.406593
0.407011
0.408058
0.409731
0.411993
0.414773
0.417956
0.421351
0.42468
0.427592
0.4297
0.43068
0.430358
0.428797
0.42634
0.423576
0.421215
0.419875
0.41992
0.421423
0.424212
0.427963
0.432291
0.436801
0.441097
0.444796
0.447538
0.449001
0.448945
0.447231
0.443843
0.438887
0.432572
0.425206
0.417179
0.408933
0.40092
0.39356
0.387185
0.381997
0.378056
0.375309
0.373611
0.372767
0.372584
0.372901
0.373629
0.374772
0.376433
0.378721
0.381708
0.385359
0.389509
0.393918
0.398329
0.402498
0.406255
0.409503
0.41224
0.414548
0.416553
0.418366
0.42005
0.421606
0.422973
0.424072
0.424849
0.425318
0.425568
0.425736
0.42596
0.426297
0.426698
0.426982
0.4269
0.426225
0.424823
0.422695
0.420006
0.417032
0.41411
0.411577
0.409712
0.408691
0.40858
0.409355
0.410906
0.413071
0.415669
0.418507
0.421421
0.424272
0.426948
0.429381
0.431526
0.433366
0.434911
0.436176
0.437139
0.437747
0.437884
0.437396
0.436117
0.433944
0.43086
0.426968
0.422489
0.417738
0.413065
0.408796
0.405175
0.402313
0.400175
0.3986
0.397324
0.396047
0.394495
0.39252
0.390195
0.387842
0.38598
0.385145
0.3856
0.387166
0.389271
0.391198
0.392332
0.392316
0.391124
0.38907
0.386798
0.38521
0.385199
0.38733
0.391623
0.397587
0.404486
0.411609
0.418441
0.424656
0.430076
0.434576
0.438051
0.440389
0.441479
0.441241
0.439664
0.436826
0.43292
0.858464
0.845897
0.830033
0.811884
0.792527
0.77303
0.754316
0.737183
0.722225
0.709837
0.700196
0.693325
0.689142
0.687425
0.68776
0.68945
0.691472
0.692676
0.692107
0.689318
0.684531
0.678552
0.672537
0.667693
0.664949
0.664703
0.66676
0.670426
0.674739
0.678677
0.6814
0.682401
0.681509
0.678781
0.674415
0.668645
0.661856
0.654826
0.648968
0.646213
0.648267
0.655687
0.667705
0.682771
0.699166
0.715264
0.729694
0.741471
0.750108
0.755574
0.758205
0.758612
0.757572
0.755893
0.754268
0.753117
0.752575
0.752617
0.753313
0.75487
0.757404
0.760715
0.76432
0.767749
0.770695
0.773031
0.774662
0.775408
0.774948
0.772888
0.768959
0.763255
0.756411
0.74947
0.743435
0.738796
0.735347
0.732408
0.729276
0.725668
0.721979
0.719248
0.718699
0.721133
0.72666
0.734856
0.745019
0.756217
0.767293
0.77706
0.784547
0.789222
0.791023
0.790267
0.787517
0.783348
0.778154
0.772049
0.765
0.75699
0.74822
0.739211
0.730703
0.723314
0.717247
0.712351
0.70856
0.706047
0.704982
0.705176
0.706115
0.707317
0.708657
0.710412
0.713039
0.716891
0.722043
0.72827
0.735136
0.742075
0.74849
0.753798
0.757491
0.759219
0.758829
0.756414
0.752291
0.746892
0.740622
0.733803
0.72667
0.719463
0.712478
0.706069
0.700632
0.696582
0.694269
0.693916
0.695557
0.699021
0.703934
0.709691
0.715393
0.719908
0.722151
0.721399
0.717542
0.711208
0.703618
0.69627
0.690544
0.687417
0.687278
0.689991
0.695007
0.701521
0.708684
0.71584
0.722666
0.729079
0.734867
0.7394
0.741693
0.740857
0.736569
0.729272
0.720072
0.71043
0.701782
0.695212
0.691277
0.689958
0.690764
0.692936
0.695652
0.698219
0.700203
0.701438
0.701973
0.701989
0.701682
0.701235
0.700786
0.700411
0.700175
0.700211
0.70071
0.701881
0.703942
0.707147
0.711815
0.718202
0.726254
0.735411
0.744631
0.752731
0.758769
0.762268
0.763198
0.761836
0.758634
0.754122
0.748872
0.74347
0.738516
0.734596
0.732153
0.73136
0.732013
0.733581
0.735398
0.736875
0.737709
0.737903
0.737708
0.737512
0.737673
0.73838
0.739475
0.740436
0.74052
0.739014
0.735536
0.730178
0.723544
0.716583
0.710312
0.705503
0.702575
0.701644
0.702774
0.706139
0.711993
0.720405
0.731037
0.743041
0.755186
0.76612
0.77463
0.779838
0.781322
0.779168
0.773862
0.766147
0.756847
0.746692
0.736249
0.725917
0.715998
0.706788
0.698631
0.691896
0.686943
0.684102
0.683716
0.686071
0.691399
0.699773
0.711088
0.724959
0.740493
0.756222
0.770304
0.780963
0.786953
0.78782
0.783969
0.776529
0.767156
0.75774
0.750085
0.7456
0.745031
0.748336
0.754737
0.762962
0.77154
0.779117
0.784646
0.787571
0.787865
0.785961
0.782573
0.778289
0.773314
0.767468
0.760505
0.752445
0.743728
0.735175
0.727748
0.722288
0.719274
0.7187
0.720096
0.722698
0.725726
0.728603
0.73098
0.732662
0.733556
0.73356
0.732516
0.730273
0.726738
0.721954
0.716217
0.710167
0.704786
0.701149
0.700021
0.701515
0.705105
0.70995
0.715174
0.720061
0.724127
0.727134
0.729043
0.729935
0.729939
0.729217
0.72801
0.726618
0.725453
0.72496
0.7255
0.72721
0.729854
0.732852
0.735355
0.736434
0.735301
0.731462
0.724902
0.716126
0.706162
0.696432
0.688488
0.683608
0.682299
0.684087
0.687667
0.691445
0.694132
0.695135
0.694728
0.693906
0.693964
0.695856
0.699708
0.704947
0.710816
0.716769
0.722453
0.727508
0.731413
0.733613
0.73371
0.731682
0.727916
0.723134
0.718222
0.71405
0.711304
0.7103
0.710907
0.712595
0.71464
0.716362
0.717352
0.717582
0.717286
0.716773
0.716224
0.715592
0.714612
0.712974
0.710498
0.707344
0.704075
0.701499
0.70034
0.700846
0.702645
0.704901
0.706724
0.70751
0.707146
0.705972
0.704643
0.703898
0.704285
0.705975
0.70865
0.711611
0.714014
0.715144
0.714622
0.712508
0.709313
0.705998
0.703876
0.704274
0.707973
0.714765
0.723449
0.732283
0.739474
0.743604
0.743813
0.739858
0.732057
0.721216
0.708597
0.695826
0.684647
0.676623
0.672748
0.673247
0.677559
0.684462
0.692256
0.698956
0.702626
0.70183
0.696013
0.685841
0.673325
0.661619
0.65428
0.65402
0.661535
0.67522
0.69204
0.708776
0.723027
0.733507
0.740001
0.743078
0.743839
0.743671
0.743991
0.745977
0.750299
0.75695
0.765226
0.773962
0.781859
0.787808
0.791063
0.791263
0.78832
0.782314
0.773497
0.762291
0.74933
0.735539
0.722054
0.709996
0.700185
0.692951
0.68818
0.685533
0.684687
0.685422
0.687552
0.690797
0.69473
0.698814
0.702488
0.705297
0.706985
0.707504
0.706962
0.70554
0.70339
0.700645
0.697453
0.694083
0.690877
0.688077
0.685627
0.683196
0.680422
0.677194
0.673846
0.671064
0.669672
0.670312
0.673232
0.678225
0.684716
0.692003
0.699476
0.706734
0.713617
0.720158
0.726493
0.732661
0.738454
0.743307
0.746361
0.746741
0.744005
0.738567
0.731829
0.725596
0.720896
0.717218
0.713121
0.7076
0.700902
0.694239
0.688886
0.685454
0.68379
0.683382
0.683728
0.684606
0.68616
0.688905
0.693575
0.700811
0.71084
0.723225
0.736877
0.750302
0.762016
0.770881
0.776267
0.778045
0.77646
0.771963
0.765047
0.756133
0.745582
0.733784
0.721298
0.708931
0.697619
0.688238
0.681351
0.677076
0.675039
0.674594
0.675269
0.677122
0.680877
0.687451
0.697042
0.708473
0.719446
0.727587
0.731379
0.730618
0.726424
0.720816
0.716045
0.713768
0.714606
0.718234
0.723776
0.730255
0.736822
0.742811
0.74766
0.750807
0.751574
0.749261
0.743352
0.733742
0.721004
0.70652
0.692315
0.680412
0.672039
0.667344
0.665858
0.667095
0.670737
0.676583
0.684416
0.693917
0.704566
0.715455
0.725262
0.732584
0.736359
0.736326
0.733164
0.728302
0.723302
0.719029
0.715303
0.711355
0.706685
0.701462
0.696426
0.692477
0.690322
0.690225
0.691945
0.694785
0.697746
0.699801
0.700232
0.698878
0.696174
0.692854
0.689527
0.68638
0.683212
0.679682
0.675592
0.670961
0.666093
0.661569
0.658261
0.657269
0.659693
0.666288
0.677081
0.691206
0.707097
0.722896
0.736859
0.747704
0.754742
0.757907
0.757722
0.755135
0.75126
0.74703
0.742962
0.739111
0.735257
0.731243
0.727171
0.723463
0.720662
0.719206
0.719217
0.720509
0.722814
0.725915
0.729703
0.734053
0.738646
0.74291
0.746027
0.747178
0.745796
0.741729
0.735326
0.727421
0.719213
0.71207
0.70727
0.705762
0.707973
0.713742
0.722395
0.732913
0.74413
0.754865
0.764071
0.770913
0.774845
0.775605
0.773243
0.768176
0.761121
0.752986
0.744674
0.736903
0.730159
0.72476
0.720918
0.718689
0.717923
0.71826
0.719212
0.720328
0.721311
0.721975
0.722154
0.721612
0.720036
0.717141
0.71284
0.707403
0.701466
0.695898
0.691602
0.689293
0.689394
0.691992
0.696835
0.703302
0.710427
0.716995
0.721745
0.723693
0.722407
0.718128
0.711665
0.704062
0.696333
0.689356
0.683881
0.680465
0.679319
0.680236
0.682612
0.685641
0.688568
0.690861
0.69226
0.692835
0.692949
0.693231
0.694442
0.697198
0.701705
0.707557
0.713825
0.719308
0.722942
0.724047
0.72249
0.718648
0.713275
0.707329
0.701785
0.697494
0.695022
0.694593
0.696144
0.699407
0.704015
0.709575
0.715688
0.721951
0.72792
0.733139
0.737135
0.739525
0.740135
0.739045
0.736523
0.732949
0.728736
0.724297
0.719998
0.716067
0.712478
0.708845
0.704499
0.698758
0.691326
0.682734
0.674506
0.668802
0.66749
0.671071
0.67837
0.687154
0.695198
0.701013
0.704116
0.704861
0.704167
0.703136
0.702791
0.703849
0.706645
0.711168
0.717152
0.724116
0.731392
0.73813
0.743471
0.746665
0.747288
0.745322
0.741188
0.735669
0.729768
0.724473
0.720494
0.718133
0.717379
0.718074
0.720027
0.72297
0.726473
0.729973
0.73286
0.734604
0.734843
0.733431
0.730576
0.726843
0.722996
0.719682
0.71719
0.71543
0.714088
0.712851
0.711544
0.710177
0.708916
0.708001
0.70766
0.708084
0.70932
0.711196
0.713272
0.714967
0.715742
0.71535
0.713937
0.712025
0.710313
0.709496
0.710066
0.712187
0.715682
0.720104
0.724886
0.729542
0.733791
0.737665
0.74157
0.746112
0.751744
0.758378
0.765204
0.770917
0.77422
0.774332
0.771229
0.765578
0.758294
0.749993
0.740887
0.731124
0.7211
0.711436
0.702753
0.695456
0.689789
0.685962
0.684214
0.684745
0.687518
0.692128
0.697819
0.703719
0.709134
0.713712
0.717441
0.720513
0.723159
0.725539
0.727706
0.729715
0.731706
0.733861
0.736211
0.738463
0.739978
0.739934
0.737657
0.733055
0.727043
0.72157
0.718841
0.720086
0.724723
0.730759
0.735918
0.738645
0.738406
0.735451
0.730436
0.72412
0.717292
0.710747
0.705232
0.70132
0.699254
0.698967
0.700157
0.70251
0.705855
0.710242
0.715754
0.722144
0.728523
0.73343
0.735331
0.733177
0.726732
0.716579
0.703904
0.69019
0.676924
0.665381
0.656527
0.651005
0.649071
0.650571
0.654967
0.661589
0.669877
0.679453
0.689887
0.700477
0.710298
0.718549
0.724822
0.729115
0.731594
0.732436
0.731875
0.730352
0.72856
0.727272
0.727008
0.727775
0.728969
0.729577
0.728613
0.725593
0.720824
0.715376
0.710617
0.707522
0.706177
0.705818
0.705345
0.703951
0.701411
0.698024
0.694307
0.690706
0.687465
0.684683
0.682521
0.681391
0.681928
0.684678
0.689625
0.696064
0.702981
0.709621
0.715796
0.721775
0.727951
0.734514
0.741311
0.747915
0.753749
0.758224
0.760774
0.760918
0.75837
0.753231
0.746088
0.737716
0.728644
0.718857
0.708162
0.696804
0.685887
0.677166
0.672358
0.67229
0.676516
0.683598
0.691863
0.70007
0.70761
0.714308
0.720124
0.72491
0.728344
0.729992
0.729459
0.726526
0.721273
0.714172
0.706082
0.69811
0.691411
0.686932
0.685145
0.686006
0.884504
0.885663
0.885284
0.882824
0.877922
0.870567
0.861374
0.8517
0.843241
0.837082
0.833038
0.830228
0.82814
0.827096
0.827799
0.830611
0.835124
0.840195
0.844398
0.846458
0.845572
0.84152
0.834665
0.825872
0.816363
0.80751
0.800575
0.796454
0.795631
0.798201
0.803848
0.81174
0.820545
0.828687
0.834704
0.837474
0.836286
0.831015
0.822293
0.811563
0.800772
0.791697
0.785321
0.781808
0.780916
0.782386
0.785991
0.791351
0.797778
0.804259
0.809591
0.812678
0.812789
0.809777
0.804246
0.797427
0.79092
0.786322
0.784906
0.78733
0.793284
0.801277
0.808928
0.813739
0.813926
0.808834
0.798964
0.785793
0.771362
0.757834
0.747055
0.74037
0.738583
0.741839
0.749443
0.75969
0.770109
0.778111
0.781835
0.780917
0.776582
0.770965
0.765746
0.761338
0.757372
0.753758
0.751256
0.751165
0.754612
0.761963
0.772673
0.78538
0.798217
0.809303
0.817313
0.8219
0.823816
0.824438
0.824959
0.825671
0.826009
0.82525
0.823195
0.82038
0.817712
0.81601
0.815787
0.817438
0.821444
0.82819
0.837552
0.848733
0.860448
0.871335
0.880196
0.886192
0.888871
0.888251
0.884731
0.878977
0.87172
0.863627
0.855211
0.846813
0.838739
0.831419
0.825534
0.821964
0.821548
0.824775
0.831568
0.841259
0.852746
0.86472
0.875895
0.885119
0.891461
0.894322
0.893538
0.889466
0.882946
0.87514
0.867174
0.859845
0.853596
0.848712
0.845602
0.844848
0.847062
0.852645
0.861585
0.87328
0.886462
0.899336
0.910017
0.916952
0.91923
0.916554
0.909102
0.897424
0.882389
0.865153
0.847089
0.829774
0.814962
0.804385
0.799143
0.799014
0.802337
0.806663
0.809639
0.80951
0.805255
0.796592
0.783905
0.76825
0.751438
0.736136
0.725496
0.721836
0.725084
0.732818
0.741974
0.750349
0.756924
0.761455
0.764073
0.765101
0.765133
0.765064
0.765997
0.76892
0.774372
0.78235
0.792405
0.803859
0.815841
0.827343
0.837426
0.84542
0.851062
0.854432
0.855865
0.855824
0.854845
0.853554
0.852659
0.852859
0.854667
0.857958
0.861828
0.864837
0.865634
0.863488
0.858463
0.851334
0.843354
0.835982
0.830574
0.828025
0.828623
0.832125
0.837896
0.845054
0.85259
0.859526
0.865229
0.869679
0.873611
0.878001
0.883192
0.888293
0.891656
0.891893
0.888607
0.88249
0.874949
0.867469
0.861151
0.856457
0.853173
0.850637
0.847981
0.844348
0.8391
0.831969
0.823167
0.813406
0.803788
0.795516
0.78964
0.786797
0.787073
0.789985
0.794717
0.800461
0.806613
0.812766
0.818652
0.824153
0.829299
0.834238
0.839083
0.843799
0.848202
0.852064
0.855251
0.857771
0.859611
0.860471
0.859646
0.856153
0.84919
0.838641
0.825508
0.81197
0.800849
0.794631
0.794578
0.800462
0.810779
0.823181
0.835223
0.845317
0.853153
0.859432
0.865128
0.870722
0.87585
0.879472
0.880451
0.878173
0.873008
0.86643
0.860594
0.857418
0.85763
0.86047
0.86429
0.86746
0.868891
0.868272
0.866021
0.863092
0.860737
0.860163
0.862266
0.867388
0.875083
0.88414
0.892835
0.899423
0.902609
0.901772
0.896989
0.888926
0.878634
0.867295
0.855921
0.845143
0.835168
0.825915
0.817218
0.808968
0.801155
0.793865
0.787277
0.781615
0.777083
0.77375
0.771463
0.76992
0.768895
0.768491
0.769227
0.771887
0.777074
0.784808
0.794324
0.804266
0.813049
0.819376
0.822687
0.823278
0.822125
0.820533
0.819764
0.820823
0.824228
0.82983
0.836706
0.843291
0.847874
0.849107
0.846498
0.840572
0.83254
0.823523
0.813913
0.803539
0.792502
0.781774
0.773015
0.767827
0.76704
0.770454
0.777016
0.785206
0.793481
0.800719
0.80654
0.811336
0.815718
0.819699
0.822563
0.823543
0.822575
0.820408
0.818295
0.817692
0.819932
0.825695
0.834462
0.844592
0.854173
0.861879
0.867143
0.869852
0.869995
0.867561
0.862719
0.85597
0.848115
0.840038
0.832476
0.825861
0.820462
0.816424
0.813644
0.81165
0.809798
0.807688
0.805411
0.803431
0.802219
0.802029
0.802916
0.805
0.808595
0.814046
0.821393
0.830015
0.838671
0.845895
0.850485
0.851913
0.850488
0.847362
0.84421
0.842647
0.843642
0.847282
0.852945
0.859693
0.866619
0.873035
0.878574
0.883172
0.886832
0.889286
0.89001
0.888534
0.884887
0.87954
0.872834
0.864537
0.854019
0.841013
0.826304
0.811716
0.799454
0.791178
0.787515
0.788176
0.792136
0.797702
0.802743
0.805306
0.804475
0.801534
0.800377
0.805213
0.816435
0.83002
0.841473
0.848716
0.851873
0.851995
0.850283
0.847819
0.845435
0.843401
0.84134
0.838431
0.834038
0.8284
0.823029
0.820233
0.821709
0.827282
0.835119
0.842993
0.849259
0.853075
0.854309
0.853339
0.850832
0.847482
0.843832
0.840185
0.836714
0.833648
0.831336
0.830111
0.830149
0.831397
0.833551
0.836204
0.838897
0.841179
0.842668
0.843168
0.84275
0.841621
0.839954
0.837743
0.834894
0.831441
0.827671
0.824047
0.821097
0.819306
0.819079
0.820662
0.824124
0.829368
0.836143
0.844155
0.853137
0.8628
0.872644
0.881797
0.889123
0.893624
0.894897
0.893275
0.889674
0.885123
0.880329
0.875538
0.870656
0.865507
0.860021
0.854398
0.849139
0.844929
0.842415
0.841825
0.842775
0.844459
0.845996
0.846717
0.846277
0.844633
0.842004
0.838787
0.835417
0.832214
0.829334
0.826737
0.824218
0.821426
0.818064
0.814207
0.810508
0.808097
0.807955
0.810403
0.81511
0.821492
0.829121
0.83781
0.847489
0.858024
0.869078
0.880118
0.890512
0.899662
0.90713
0.912672
0.916225
0.917837
0.917547
0.915276
0.910816
0.903926
0.894582
0.883152
0.870423
0.857405
0.84497
0.833707
0.823988
0.816111
0.810379
0.807107
0.806625
0.809215
0.814806
0.822735
0.831728
0.840261
0.847009
0.851172
0.852575
0.851546
0.84868
0.844641
0.840098
0.835835
0.832726
0.831376
0.831717
0.832923
0.833804
0.833371
0.831131
0.827073
0.821597
0.815474
0.809941
0.806651
0.807205
0.812243
0.820819
0.830594
0.838694
0.842538
0.840311
0.831168
0.815591
0.79597
0.776889
0.763746
0.759952
0.765269
0.776701
0.790502
0.803767
0.814862
0.823045
0.828004
0.82976
0.828675
0.825389
0.820689
0.815423
0.810432
0.806486
0.804062
0.803164
0.80332
0.803842
0.804222
0.804285
0.803982
0.802944
0.800194
0.794471
0.784988
0.772346
0.758927
0.748191
0.742951
0.743709
0.748519
0.754486
0.759545
0.763188
0.766185
0.769845
0.775371
0.783485
0.794171
0.806529
0.818937
0.829658
0.837448
0.84187
0.843203
0.842168
0.839691
0.836732
0.834194
0.83282
0.832996
0.83445
0.836137
0.836707
0.835366
0.832388
0.829042
0.826858
0.826812
0.828897
0.832383
0.836459
0.840811
0.845599
0.851082
0.857243
0.863719
0.86999
0.875503
0.879691
0.881925
0.881597
0.878199
0.871409
0.861202
0.847877
0.83213
0.815058
0.798328
0.784269
0.775606
0.774654
0.782169
0.796528
0.814072
0.830542
0.84272
0.849176
0.850046
0.846258
0.838764
0.828097
0.814745
0.800122
0.787168
0.779302
0.778246
0.783082
0.791356
0.800485
0.808307
0.813244
0.814495
0.811986
0.806318
0.798715
0.790837
0.784421
0.780809
0.780519
0.783084
0.787307
0.791725
0.795324
0.798197
0.801755
0.80808
0.81878
0.83399
0.852211
0.871083
0.888297
0.902156
0.911689
0.916511
0.916673
0.912591
0.904933
0.894592
0.882523
0.869517
0.856003
0.842139
0.828509
0.817219
0.812184
0.816825
0.830616
0.849019
0.86708
0.882044
0.893301
0.901221
0.906403
0.90932
0.91027
0.909345
0.906419
0.901275
0.893718
0.883711
0.87144
0.857416
0.842485
0.827779
0.814501
0.803739
0.796298
0.792672
0.792986
0.796824
0.803068
0.810021
0.815926
0.819504
0.820303
0.818548
0.814852
0.809966
0.804619
0.799488
0.795129
0.791921
0.790009
0.789339
0.789681
0.790701
0.792076
0.793665
0.795642
0.798343
0.801921
0.806141
0.810669
0.815456
0.82075
0.826716
0.832974
0.838586
0.842432
0.843686
0.842052
0.837797
0.831652
0.824702
0.818229
0.813464
0.811367
0.812357
0.816076
0.82146
0.827177
0.832248
0.836358
0.839794
0.84324
0.847508
0.853273
0.860721
0.869354
0.878163
0.886115
0.892667
0.898044
0.903097
0.90883
0.915685
0.923041
0.92937
0.932948
0.932613
0.928156
0.92017
0.909696
0.897781
0.885301
0.873082
0.861934
0.852495
0.844797
0.838016
0.830778
0.821954
0.811406
0.800216
0.790354
0.783892
0.782179
0.78539
0.792574
0.802149
0.812481
0.82229
0.830716
0.837185
0.841232
0.842567
0.841331
0.838348
0.834906
0.832029
0.829754
0.827316
0.824164
0.820936
0.819569
0.82214
0.82931
0.839664
0.850629
0.859788
0.865504
0.866927
0.863898
0.857003
0.847582
0.837484
0.828413
0.821338
0.816396
0.813291
0.811759
0.811749
0.813367
0.816671
0.821503
0.827421
0.833793
0.839986
0.845448
0.84968
0.852109
0.852036
0.84874
0.841691
0.830798
0.81652
0.799934
0.782741
0.767194
0.755944
0.751648
0.756079
0.769229
0.789002
0.811954
0.834655
0.85464
0.870575
0.882057
0.889315
0.892952
0.893747
0.892455
0.889667
0.885844
0.881306
0.876305
0.870998
0.865486
0.859881
0.85435
0.849132
0.8446
0.841299
0.839925
0.841114
0.845072
0.851305
0.858764
0.866226
0.872723
0.877775
0.881461
0.884285
0.886893
0.889808
0.893158
0.896521
0.899043
0.899737
0.897804
0.892817
0.884741
0.873856
0.860752
0.846371
0.832109
0.819719
0.810921
0.806773
0.807351
0.811808
0.818819
0.827054
0.835563
0.84387
0.851825
0.859396
0.866431
0.872663
0.877789
0.881607
0.884105
0.885373
0.885515
0.884545
0.88246
0.879371
0.875477
0.870867
0.865336
0.858373
0.849557
0.839016
0.827768
0.817609
0.810616
0.808296
0.811005
0.81777
0.826643
0.835322
0.841728
0.84447
0.843085
0.838052
0.830692
0.822828
0.816398
0.812915
0.813106
0.816771
0.82295
0.830266
0.897334
0.901652
0.903196
0.901677
0.897136
0.889953
0.880854
0.870846
0.861034
0.85243
0.84576
0.841448
0.839595
0.839973
0.842037
0.845074
0.848317
0.851076
0.85287
0.853446
0.852708
0.850776
0.848098
0.84566
0.844946
0.847441
0.853778
0.863057
0.873052
0.881158
0.885467
0.885426
0.881822
0.876175
0.869874
0.863508
0.856817
0.849613
0.842933
0.839331
0.841464
0.849837
0.861957
0.873858
0.882296
0.885801
0.884254
0.878231
0.868796
0.857802
0.847842
0.84157
0.840769
0.845852
0.856015
0.86979
0.885402
0.901026
0.914947
0.925741
0.932556
0.935261
0.934473
0.931326
0.927056
0.922615
0.918514
0.914922
0.911834
0.909068
0.906311
0.903348
0.900487
0.89873
0.899264
0.902415
0.907092
0.911396
0.913887
0.914313
0.913383
0.911977
0.910377
0.908071
0.904187
0.898175
0.890272
0.881506
0.87332
0.867016
0.863194
0.861535
0.860967
0.860199
0.85834
0.855143
0.850861
0.845865
0.84042
0.834823
0.829679
0.825986
0.825033
0.827936
0.834993
0.845318
0.857235
0.869152
0.88026
0.89053
0.900175
0.909079
0.91674
0.922634
0.926529
0.92855
0.928917
0.927638
0.924387
0.918613
0.909954
0.898605
0.885475
0.871933
0.859328
0.848605
0.840315
0.834796
0.832371
0.833352
0.837751
0.844923
0.853463
0.861677
0.868345
0.873185
0.876838
0.880496
0.885304
0.891822
0.899831
0.90842
0.916329
0.922321
0.92548
0.9253
0.921699
0.915185
0.907104
0.899533
0.894491
0.892841
0.893937
0.89631
0.898714
0.900611
0.902141
0.903763
0.905765
0.907995
0.909925
0.910983
0.910946
0.910085
0.909116
0.908908
0.910049
0.912595
0.91587
0.918692
0.919785
0.918177
0.913396
0.905507
0.895036
0.882968
0.870721
0.859967
0.852261
0.848602
0.849193
0.853566
0.860922
0.870349
0.880979
0.89209
0.90321
0.914205
0.925177
0.936074
0.94633
0.954718
0.95962
0.959553
0.953663
0.942011
0.925616
0.906214
0.885944
0.866955
0.850997
0.839059
0.831246
0.827033
0.825725
0.82687
0.830269
0.835628
0.842264
0.849271
0.855905
0.861771
0.866604
0.870028
0.871702
0.871651
0.870421
0.868804
0.867454
0.866691
0.866548
0.86685
0.867313
0.86762
0.86769
0.867707
0.86785
0.868056
0.868412
0.869666
0.872565
0.876534
0.879752
0.880662
0.878967
0.875374
0.870845
0.866079
0.86148
0.857507
0.855048
0.855386
0.859647
0.868037
0.879455
0.891842
0.902958
0.911153
0.915806
0.917401
0.917165
0.916551
0.916739
0.918316
0.921255
0.925158
0.929412
0.933391
0.936527
0.938349
0.938658
0.937687
0.936078
0.934252
0.931649
0.9269
0.918995
0.908206
0.896057
0.884553
0.875324
0.869182
0.866256
0.86627
0.868847
0.873583
0.88011
0.887969
0.896541
0.905038
0.912572
0.918413
0.922309
0.92462
0.926185
0.927827
0.929814
0.931752
0.932918
0.932657
0.930635
0.926781
0.921201
0.914151
0.90613
0.897952
0.890644
0.885167
0.882068
0.881387
0.882956
0.886588
0.891898
0.897943
0.903351
0.90706
0.908889
0.909413
0.909478
0.909677
0.910148
0.910772
0.91148
0.912512
0.91427
0.916926
0.92025
0.923785
0.927066
0.929633
0.931023
0.930932
0.929412
0.926987
0.92453
0.922918
0.922604
0.923434
0.924766
0.925847
0.926006
0.92478
0.921949
0.917677
0.912555
0.907531
0.903625
0.90163
0.901736
0.903515
0.906106
0.908425
0.909389
0.908128
0.904269
0.898302
0.891622
0.885912
0.88219
0.88052
0.880395
0.881051
0.881611
0.881307
0.879712
0.876852
0.87312
0.869082
0.865317
0.862266
0.860269
0.859578
0.86037
0.86268
0.866248
0.870457
0.87439
0.877016
0.877458
0.875272
0.87067
0.864604
0.85847
0.853461
0.849952
0.847343
0.84453
0.840578
0.835121
0.828327
0.820717
0.812969
0.805776
0.799833
0.795868
0.794633
0.796734
0.802368
0.81105
0.821797
0.833557
0.845624
0.85775
0.869873
0.881849
0.893212
0.903204
0.910999
0.915993
0.91805
0.917521
0.91506
0.91141
0.90716
0.902722
0.898446
0.894718
0.891902
0.890102
0.889077
0.888305
0.887231
0.885491
0.88296
0.879648
0.875605
0.870812
0.865181
0.858661
0.851444
0.844032
0.83714
0.831478
0.827504
0.825348
0.824873
0.825853
0.828049
0.831233
0.835067
0.839027
0.842427
0.844549
0.844881
0.843534
0.841662
0.841316
0.844151
0.84981
0.856023
0.860413
0.861941
0.860989
0.858746
0.856656
0.856027
0.857698
0.861788
0.867732
0.874594
0.881448
0.887623
0.8928
0.896827
0.899506
0.900413
0.898977
0.894775
0.887843
0.878833
0.868788
0.858743
0.84939
0.841004
0.833766
0.827996
0.824017
0.8218
0.820812
0.820329
0.819939
0.819816
0.820617
0.823005
0.827034
0.831798
0.835606
0.836554
0.833287
0.82574
0.815659
0.806239
0.800784
0.80151
0.809128
0.822638
0.839382
0.855945
0.869473
0.878647
0.883711
0.885843
0.886294
0.885825
0.884666
0.882949
0.881091
0.879924
0.880436
0.883408
0.88909
0.896996
0.905941
0.914364
0.92077
0.924108
0.92395
0.920475
0.914399
0.906972
0.899953
0.895294
0.894522
0.897957
0.904443
0.911787
0.917685
0.920486
0.919397
0.914316
0.905592
0.893808
0.87968
0.864004
0.847832
0.832543
0.81959
0.809799
0.803059
0.798751
0.796527
0.796564
0.799283
0.804868
0.81313
0.823641
0.835788
0.848583
0.860769
0.87119
0.879204
0.884781
0.888276
0.890282
0.89156
0.892872
0.894721
0.897015
0.899013
0.899713
0.898375
0.894901
0.889829
0.8841
0.878827
0.87503
0.873353
0.873703
0.875213
0.876674
0.877173
0.87639
0.874504
0.871895
0.86887
0.865651
0.862522
0.860084
0.859332
0.861344
0.866601
0.874391
0.882808
0.889407
0.892096
0.889757
0.882432
0.871296
0.858437
0.846388
0.837397
0.832652
0.831984
0.83416
0.837538
0.840721
0.843012
0.844391
0.845183
0.8457
0.846269
0.847477
0.850212
0.855132
0.861921
0.869213
0.875354
0.879344
0.881231
0.881856
0.882218
0.882933
0.884003
0.884961
0.885175
0.884195
0.882098
0.8798
0.879103
0.881945
0.888985
0.898839
0.908911
0.916863
0.921515
0.922927
0.921953
0.919634
0.916682
0.913368
0.909708
0.905753
0.901607
0.897365
0.89308
0.888805
0.884695
0.880912
0.877506
0.874334
0.871327
0.868872
0.867871
0.869236
0.873128
0.878721
0.884751
0.890291
0.895205
0.900077
0.905792
0.912962
0.921557
0.930804
0.939329
0.945471
0.947668
0.944841
0.936634
0.923567
0.906955
0.888642
0.870603
0.854561
0.841619
0.832126
0.82569
0.821436
0.818315
0.815511
0.812765
0.810549
0.809966
0.812234
0.817946
0.826644
0.836965
0.847354
0.856778
0.864994
0.872426
0.879663
0.886908
0.89367
0.898911
0.901512
0.900745
0.896595
0.889912
0.882359
0.87595
0.872311
0.871997
0.874528
0.879043
0.885063
0.892685
0.902131
0.913018
0.923979
0.933043
0.938441
0.939205
0.935387
0.927776
0.91755
0.905781
0.893097
0.879692
0.865756
0.852061
0.839911
0.830488
0.82459
0.823291
0.827966
0.838687
0.853099
0.867445
0.878451
0.884497
0.885597
0.882846
0.87777
0.87173
0.865586
0.859695
0.854195
0.849222
0.845091
0.842281
0.841357
0.842834
0.847107
0.854309
0.864239
0.876255
0.889362
0.90247
0.914619
0.925185
0.933939
0.940975
0.946521
0.950786
0.953863
0.95569
0.956134
0.95518
0.953094
0.950534
0.948321
0.9471
0.946974
0.947424
0.947496
0.946204
0.94286
0.937276
0.929799
0.921166
0.912248
0.903786
0.896072
0.888889
0.881761
0.874439
0.867226
0.860896
0.856345
0.854227
0.85486
0.858292
0.864352
0.872711
0.882948
0.894624
0.907254
0.920337
0.933282
0.945385
0.955903
0.964153
0.96952
0.971502
0.969737
0.964
0.954322
0.941104
0.925358
0.90874
0.893422
0.881574
0.874706
0.873164
0.876115
0.881981
0.888997
0.895663
0.900966
0.90447
0.906329
0.907218
0.908102
0.909733
0.912178
0.914721
0.916194
0.915544
0.912308
0.906741
0.899719
0.892405
0.885849
0.880627
0.876746
0.873858
0.87153
0.869455
0.867479
0.865456
0.863207
0.860572
0.85754
0.854399
0.851609
0.849521
0.848046
0.846652
0.844746
0.842149
0.839287
0.836952
0.835835
0.836172
0.837686
0.839915
0.842581
0.845776
0.849649
0.853924
0.857831
0.860372
0.86086
0.859122
0.855437
0.850414
0.844889
0.839863
0.83632
0.834999
0.83614
0.839392
0.843945
0.848644
0.852231
0.853525
0.851526
0.845658
0.836138
0.824504
0.813732
0.807348
0.807559
0.813988
0.824296
0.836069
0.84794
0.859448
0.870449
0.880824
0.890407
0.898886
0.905654
0.909721
0.909832
0.904828
0.894063
0.877812
0.857675
0.836827
0.819651
0.810434
0.811613
0.822852
0.841605
0.864539
0.888506
0.910944
0.929989
0.944514
0.954118
0.959032
0.959911
0.957551
0.952672
0.945864
0.937864
0.929927
0.923561
0.919586
0.917417
0.915505
0.912485
0.907863
0.902115
0.896479
0.892612
0.891858
0.894499
0.899691
0.906339
0.913682
0.921131
0.92769
0.93189
0.932364
0.928671
0.921738
0.913788
0.907477
0.904612
0.905341
0.908415
0.91212
0.915094
0.916714
0.917077
0.916731
0.916233
0.9158
0.915229
0.914206
0.912704
0.91112
0.910081
0.910077
0.911078
0.912546
0.913636
0.913615
0.912194
0.909792
0.907541
0.906967
0.909397
0.915278
0.923915
0.933655
0.942399
0.948234
0.949888
0.946837
0.939261
0.928017
0.914654
0.901207
0.889488
0.880217
0.872799
0.866053
0.859211
0.852315
0.846016
0.841147
0.838201
0.837136
0.837589
0.839243
0.842092
0.84644
0.852609
0.860597
0.86997
0.880043
0.890186
0.900002
0.909217
0.917558
0.924594
0.929706
0.932097
0.930979
0.925865
0.916915
0.905064
0.892022
0.87992
0.870714
0.865464
0.86389
0.864668
0.866216
0.867364
0.867399
0.865836
0.86226
0.856407
0.848416
0.839103
0.830035
0.823253
0.820509
0.822376
0.827901
0.835149
0.842231
0.848036
0.852362
0.855655
