-0.280675   0.103605   -0.374945
-0.336607   -0.432129   -0.0246705
-0.393854   0.256817   0.434253
-0.123301   0.461731   -0.449754
-0.165929   -0.419044   -0.00462037
0.457157   0.0800259   0.296084
-0.311048   -0.159576   0.0869118
0.104498   0.199184   -0.276869
-0.409756   -0.0290619   0.370119
0.457457   -0.137091   -0.278689
0.399706   0.150489   0.381027
0.245413   0.470704   0.403746
-0.343705   0.0192978   0.49638
-0.314526   -0.182786   0.270209
-0.0211627   -0.305618   0.0373107
0.412749   0.161583   -0.15061
0.382279   -0.0682798   0.432809
0.18045   -0.321788   0.399926
-0.186853   0.434738   0.20534
-0.253406   -0.177647   -0.187849
-0.408751   0.117712   -0.0124899
-0.341728   -0.433391   0.109603
0.483289   -0.0685434   0.365186
0.377223   0.484802   -0.432819
0.404199   0.230331   0.450678
0.25925   -0.0095134   0.31147
-0.370809   0.154785   0.270974
-0.0290386   -0.276285   -0.036023
0.119279   0.2344   -0.349167
0.0159285   0.131044   -0.268462
0.347883   0.456419   0.298481
-0.402349   0.136476   0.495485
0.445604   -0.449837   -0.46806
0.233219   0.124806   -0.329944
0.175538   0.135932   0.195657
0.293647   -0.224781   -0.174138
-0.447673   0.163352   -0.178917
0.220662   0.1733   -0.414131
-0.495257   0.200395   -0.361086
-0.0614216   -0.4051   -0.303368
-0.385025   0.0201217   0.166705
-0.137071   0.278345   -0.34477
0.44831   -0.2096   0.0348336
0.173681   0.256032   -0.411332
-0.0752115   0.421899   0.105887
-0.425208   -0.437861   0.157378
0.396727   0.453205   -0.139617
0.304478   -0.30764   -0.265719
-0.431392   -0.0933723   0.332398
-0.0181078   -0.0454371   0.456964
0.108848   -0.411968   -0.062717
0.380862   -0.323235   -0.48024
-0.00962384   0.214804   -0.334059
0.426725   0.13358   -0.252516
-0.152614   0.473592   0.420917
-0.174018   0.235686   -0.0918666
-0.250343   -0.107935   -0.432895
-0.3045   -0.220386   -0.0996925
-0.31959   -0.000122906   -0.105742
0.349131   -0.463527   -0.495022
-0.146494   0.374426   -0.0835902
-0.161465   0.0822194   -0.355505
-0.0730679   0.285275   -0.397857
0.228256   -0.089949   -0.267091
-0.412789   0.11483   -0.306502
-0.396152   0.423951   -0.0299231
0.313877   -0.152018   -0.287682
0.120497   -0.334122   0.48411
-0.0572062   -0.329585   -0.138202
-0.418227   0.165495   -0.412368
-0.171573   0.0787086   0.304439
0.231647   -0.267037   0.327865
0.020966   -0.493619   -0.447201
0.327025   -0.30095   0.250489
-0.279185   0.422754   0.0993287
-0.37672   -0.0886854   0.0884079
0.103121   0.042465   -0.217642
-0.335287   -0.194387   0.00940402
-0.0187027   -0.390831   -0.175147
0.102361   -0.335952   0.394246
-0.247685   0.268627   -0.460746
-0.106291   0.220626   -0.280895
0.232165   0.370561   -0.380681
0.0952514   0.244933   -0.451249
0.477336   -0.0656825   -0.342968
0.373127   0.424871   0.088881
-0.0642081   -0.0516832   -0.477456
0.489449   -0.109934   0.447466
0.287391   -0.128602   -0.193071
0.13239   0.258495   0.0536782
0.281607   0.388815   0.207807
-0.459057   -0.244527   0.143661
-0.0334756   -0.323939   -0.261274
0.259356   -0.432343   0.136011
0.238753   -0.394824   -0.0706324
0.286478   -0.367228   -0.180609
0.264868   0.108676   -0.208167
-0.470399   -0.027515   0.465139
-0.223897   -0.0232996   0.262381
0.209282   -0.00531268   -0.16267
0.130911   -0.165473   0.297829
-0.378031   -0.0829248   -0.0714723
-0.043841   -0.159171   -0.0606708
-0.441356   -0.491183   -0.401093
-0.305667   0.309397   -0.388947
-0.145791   -0.363173   -0.101648
0.315277   -0.261545   0.401339
0.0215519   0.242756   -0.243444
