-0.166198   0.411308   0.277311
-0.423689   -0.468998   0.375983
-0.0274838   0.212442   -0.457402
0.161818   0.248248   -0.393444
0.06204   -0.125418   -0.450782
0.204098   0.112768   0.140664
-0.0513913   0.407576   -0.421205
0.289563   -0.181178   -0.463103
0.246017   0.44513   -0.360186
0.432313   0.443037   0.492376
0.125202   0.426803   0.480363
-0.454602   0.235274   -0.452837
0.46348   0.166499   -0.117556
-0.375384   -0.23117   0.402673
0.118622   -0.0319739   0.0371035
0.15026   0.420168   0.0653449
-0.117145   -0.0642509   0.460426
0.29737   0.271772   0.464654
0.315168   0.293326   0.250443
0.198189   -0.23815   -0.300123
-0.114209   0.00805065   -0.348858
0.375238   -0.0779262   -0.291457
-0.181349   0.152349   0.415764
0.172694   -0.0482492   -0.199431
-0.2729   -0.348846   -0.276768
-0.128397   0.443309   -0.0360454
0.376439   -0.397728   0.261791
0.20182   0.460496   0.285713
0.476456   -0.0754466   -0.487228
-0.183774   0.242831   0.0152809
-0.331648   -0.00999053   0.496086
0.486246   0.297089   0.366238
-0.0346155   -0.334023   0.252582
0.137118   0.423843   -0.205125
-0.1776   -0.260387   0.496384
0.328452   -0.334072   0.0694032
0.442638   -0.324785   0.464674
0.00694283   -0.381292   -0.450876
-0.485265   0.0774833   0.404001
0.048214   0.314545   -0.0865966
-0.480092   -0.00790967   0.0607935
-0.470355   -0.456945   -0.366709
-0.0452902   0.165427   -0.243592
-0.427658   0.290364   -0.274413
0.425003   -0.19893   0.284638
-0.248685   -0.393128   0.234314
0.130399   0.247639   0.327904
0.226604   -0.375257   0.44601
-0.421405   0.156512   0.203871
-0.212619   -0.174846   -0.113851
-0.238247   0.328288   -0.156826
0.301244   0.121349   -0.254961
0.489647   -0.211945   0.0501805
-0.0903398   0.0529712   0.0458513
-0.227364   0.239939   0.212421
0.13839   -0.212023   -0.0444566
0.482836   -0.441953   0.0210683
0.0582988   -0.412972   -0.0256587
-0.102989   -0.226685   -0.321694
0.105936   -0.239709   0.378628
0.327097   0.302461   -0.242934
-0.431898   -0.329295   0.181122
0.237766   0.264575   -0.036788
-0.276937   -0.201161   0.142891
0.09164   -0.103872   0.22971
0.0648778   -0.377832   -0.232517
-0.296702   -0.0495703   -0.282516
-0.429709   -0.212403   -0.338766
-0.378574   0.236492   0.0013071
0.379193   -0.306009   -0.315741
-0.178143   0.033806   -0.135963
0.391547   0.217027   0.0907392
-0.123059   -0.344777   -0.111387
0.292775   -0.0689104   0.368956
0.46283   0.388577   -0.117565
-0.279596   -0.00537928   0.0518506
-0.127814   -0.473265   -0.291722
0.183591   -0.350806   0.210773
-0.416812   -0.0844146   0.227127
-0.455645   -0.291919   -0.149988
0.413076   0.0507806   0.250212
-0.318407   0.315677   0.455317
0.101661   0.0535331   -0.35591
0.293317   0.0390803   -0.0460924
-0.343788   -0.496081   -0.164713
-0.298346   -0.370785   -0.00241195
-0.331496   0.41942   0.0342775
-0.460517   -0.102264   -0.125801
0.133391   0.0490369   0.430696
-0.0092373   -0.215584   0.0765343
-0.00639927   -0.482171   0.378424
0.32939   -0.422402   -0.158875
0.286669   0.047863   -0.439772
-0.22027   0.0284225   0.236204
0.122253   0.110471   -0.0827628
0.355768   0.421806   0.102658
-0.266263   0.187452   -0.353286
-0.357797   0.388919   0.24472
-0.0220824   0.482833   0.140814
-0.192119   0.485746   0.492247
0.0504438   0.243815   0.0857129
-0.0241513   0.0631465   0.268306
-0.106903   -0.152087   0.234941
-0.469111   0.0613187   -0.317827
-0.336278   0.15052   -0.171438
-0.0251873   -0.0874709   -0.130797
0.353864   -0.204268   -0.109064
0.32802   -0.1407   0.139333
