0.497839   -0.494425   0.498897
-0.337834   -0.329972   -0.496029
-0.485971   -0.348173   -0.331663
-0.322931   0.489385   -0.332247
-0.174007   0.490735   0.488422
0.0121329   -0.317867   0.499766
-0.154275   -0.342497   -0.335389
-0.0140496   0.490486   -0.326397
0.160739   0.495652   0.495269
0.331292   -0.333743   -0.490606
0.156209   -0.339182   -0.314132
0.329488   -0.485814   -0.32116
0.497019   -0.169385   0.490282
-0.336099   -0.00231726   -0.494538
-0.499517   -0.00943268   -0.340774
-0.316871   -0.183716   -0.327789
-0.160344   -0.163662   0.498811
0.0123258   -0.00242398   -0.487672
-0.162832   0.000926321   -0.331235
0.0041627   -0.171397   -0.3294
0.17704   -0.155958   0.495381
0.343633   0.000597928   0.497073
0.185113   0.010181   -0.327194
0.342848   -0.175361   -0.328307
-0.497168   0.17289   0.479582
-0.33633   0.32415   0.498091
-0.495111   0.337045   -0.3286
-0.330131   0.155392   -0.33619
-0.165559   0.15012   0.498997
-0.0028353   0.332797   0.489599
-0.158893   0.324571   -0.344633
-0.00687413   0.16945   -0.341846
0.181745   0.179188   -0.48478
0.336223   0.337274   0.493753
0.165161   0.347448   -0.335184
0.34112   0.172899   -0.334535
0.494327   0.495475   -0.155451
-0.31979   -0.342917   -0.162446
-0.490163   -0.339223   0.00793899
-0.32972   0.486299   0.00402028
-0.150463   0.482042   -0.160519
-0.01739   -0.334794   -0.157934
-0.173935   -0.341935   0.0107845
-0.00827499   0.496153   -0.000546207
0.15984   -0.488547   -0.157111
0.345045   -0.334484   -0.162588
0.170248   -0.319598   0.000867264
0.325598   -0.495491   0.00157646
-0.498603   -0.174216   -0.160245
-0.338902   0.00164748   -0.176142
0.497086   -0.000846539   -0.00174208
-0.3334   -0.163769   -0.00396208
-0.161157   -0.15877   -0.160912
-0.0012439   0.00935145   -0.168936
-0.170989   0.00693735   -0.000629498
-0.000940797   -0.161142   -0.00221097
0.176166   -0.173631   -0.160039
0.346433   0.0105402   -0.165001
0.158363   -0.00813291   -0.0140011
0.340139   -0.161148   -0.00779203
-0.497081   0.172524   -0.172686
-0.315493   0.335451   -0.173171
0.493216   0.32828   -0.0114932
-0.346732   0.170531   0.012898
-0.177808   0.159007   -0.169029
0.00134226   0.328254   -0.173701
-0.168797   0.319842   0.00343205
-0.00286184   0.171765   -0.00946679
0.16483   0.176501   -0.157644
0.327632   0.343569   -0.169575
0.149295   0.347476   0.0042002
0.329521   0.167269   -0.00934565
0.486211   0.495067   0.168952
-0.350194   -0.328974   0.175653
0.486281   -0.325614   0.331491
-0.342826   -0.498432   0.332213
-0.151579   0.499114   0.186078
-0.00210881   -0.327055   0.164918
-0.170732   -0.324272   0.345529
-0.00247054   -0.477095   0.333258
0.162538   -0.489068   0.165404
0.333514   -0.321799   0.172611
0.180117   -0.336655   0.342043
0.323728   0.491994   0.320738
-0.499231   -0.160529   0.164906
-0.332858   -0.00371413   0.163119
-0.496477   0.00819707   0.342385
-0.336928   -0.164368   0.343663
-0.174374   -0.170062   0.167582
-0.00247413   -0.000723128   0.164135
-0.167024   -0.0114016   0.322786
0.00472515   -0.166985   0.334878
0.163524   -0.149278   0.167476
0.324391   0.00453608   0.148911
0.165733   0.0115648   0.346237
0.321105   -0.16416   0.33785
-0.489921   0.158181   0.172708
-0.343719   0.339374   0.168857
0.487523   0.328169   0.329193
-0.318815   0.151387   0.332391
-0.171341   0.161305   0.172408
-0.00898574   0.326916   0.16299
-0.163366   0.318877   0.328687
0.00328584   0.16857   0.340628
0.170725   0.163309   0.146977
0.326128   0.322974   0.140921
0.159778   0.333779   0.32542
0.334321   0.170744   0.310982
