-4.71445
-4.71413
-4.71377
-4.71337
-4.7117
-4.70813
-4.70508
-4.70131
-4.6988
-4.69592
-4.6933
-4.68998
-4.68893
-4.68847
-4.68707
-4.68827
-4.68964
-4.69216
-4.694
-4.69621
-4.69786
-4.69973
-4.70069
-4.70192
-4.7024
-4.70218
-4.70253
-4.70264
-4.70272
-4.7025
-4.70217
-4.70264
-4.70252
-4.70256
-4.70213
-4.70274
-4.70289
-4.70261
-4.70252
-4.70218
-4.701
-4.70077
-4.70118
-4.70069
-4.7011
-4.70193
-4.70241
-4.70313
-4.70183
-4.70245
-4.70185
-4.70218
-4.70225
-4.70223
-4.70226
-4.70247
-4.70271
-4.70281
-4.70306
-4.70313
-4.70272
-4.7021
-4.70142
-4.70234
-4.70231
-4.70242
-4.70226
-4.70262
-4.70217
-4.70166
-4.70148
-4.70188
-4.70204
-4.70225
-4.7027
-4.70196
-4.70112
-4.70068
-4.70096
-4.7018
-4.70121
-4.70157
-4.70191
-4.70326
-4.70391
-4.70462
-4.70418
-4.70457
-4.70489
-4.70517
-4.70451
-4.70487
-4.7046
-4.70418
-4.70376
-4.70411
-4.70388
-4.70489
-4.70395
-4.70365
-4.70397
-4.70417
-4.70413
-4.70445
-4.70486
-4.7049
-4.70468
-4.70494
-4.7052
-4.70527
-4.70592
-4.70655
-4.70735
-4.70726
-4.70767
-4.70703
-4.70759
-4.70704
-4.70673
-4.70693
-4.70733
-4.70794
-4.7074
-4.70708
-4.70654
-4.70657
-4.70675
-4.70637
-4.7059
-4.70611
-4.70626
-4.70605
-4.70666
-4.70658
-4.70671
-4.70642
-4.70572
-4.70552
-4.70583
-4.70695
-4.70797
-4.70809
-4.70832
-4.70874
-4.70813
-4.70797
-4.70874
-4.70865
-4.70759
-4.70724
-4.70613
-4.70608
-4.70561
-4.70654
-4.70632
-4.70586
-4.70561
-4.70555
-4.70583
-4.70552
-4.7051
-4.7055
-4.70507
-4.70534
-4.70539
-4.70578
-4.70613
-4.70594
-4.70562
-4.70623
-4.70536
-4.70531
-4.70535
-4.70445
-4.70384
-4.70354
-4.70312
-4.70292
-4.70235
-4.70175
-4.70281
-4.70266
-4.70355
-4.70452
-4.70458
-4.70532
-4.70592
-4.70545
-4.70389
-4.70445
-4.70384
-4.70378
-4.70308
-4.70315
-4.70373
-4.70348
-4.70332
-4.70265
-4.70284
-4.70236
-4.7024
-4.70187
-4.70241
-4.70235
-4.70255
-4.70271
-4.70311
-4.70376
-4.70418
-4.70394
-4.70348
-4.70297
-4.70273
-4.70204
-4.70212
-4.70225
-4.70154
-4.70185
-4.70165
-4.70138
-4.70116
-4.70138
-4.70201
-4.70152
-4.70158
-4.70173
-4.7011
-4.70167
-4.70148
-4.70099
-4.70066
-4.70018
-4.7006
-4.70071
-4.70066
-4.70089
-4.7005
-4.70086
-4.70169
-4.70195
-4.70197
-4.70179
-4.70154
-4.70106
-4.7015
-4.70161
-4.70183
-4.70227
-4.70203
-4.70232
-4.70222
-4.70251
-4.70258
-4.70246
-4.70201
-4.70126
-4.70114
-4.7003
-4.70027
-4.70045
-4.7001
-4.7004
-4.70107
-4.70072
-4.70087
-4.70073
-4.70103
-4.70163
-4.70128
-4.70075
-4.70064
-4.70128
-4.70145
-4.70209
-4.70245
-4.70312
-4.70229
-4.70235
-4.70254
-4.70314
-4.70308
-4.70373
-4.70374
-4.70238
-4.7024
-4.70337
-4.70275
-4.70296
-4.70383
-4.70502
-4.70513
-4.70458
-4.70351
-4.70344
-4.7029
-4.70194
-4.70178
-4.70304
-4.70267
-4.70292
-4.703
-4.70286
-4.7034
-4.70421
-4.70454
-4.70461
-4.70354
-4.70356
-4.70359
-4.70404
-4.70397
-4.70357
-4.70393
-4.70434
-4.70405
-4.70457
-4.70481
-4.70475
-4.70439
-4.7045
-4.70326
-4.7034
-4.70309
-4.70397
-4.70419
-4.70403
-4.70411
-4.70459
-4.70398
-4.70381
-4.7044
-4.70377
-4.70314
-4.70328
-4.70329
-4.70305
-4.70229
-4.70236
-4.70281
-4.70209
-4.70258
-4.70307
-4.70262
-4.70293
-4.70292
-4.70262
-4.70319
-4.70358
-4.70362
-4.70361
-4.70326
-4.7032
-4.70266
-4.70346
-4.70301
-4.70236
-4.70273
-4.70291
-4.70263
-4.70266
-4.70212
-4.7012
-4.70037
-4.69983
-4.70017
-4.70064
-4.70105
-4.70119
-4.70084
-4.70209
-4.7025
-4.70251
-4.7029
-4.70243
-4.70339
-4.70305
-4.70355
-4.70327
-4.70254
-4.70169
-4.70253
-4.70313
-4.70258
-4.70284
-4.70316
-4.70248
-4.70229
-4.70153
-4.70245
-4.70291
-4.70307
-4.70277
-4.70278
-4.70322
-4.7042
-4.70375
-4.70428
-4.70429
-4.7041
-4.70375
-4.70417
-4.70402
-4.70452
-4.70477
-4.70551
-4.70491
-4.7046
-4.70427
-4.70468
-4.70449
-4.70492
-4.70491
-4.70599
-4.70603
-4.7055
-4.70575
-4.70542
-4.70525
-4.70551
-4.70604
-4.70532
-4.70578
-4.70623
-4.7053
-4.70543
-4.70586
-4.70538
-4.70595
-4.70622
-4.70665
-4.70634
-4.70591
-4.70597
-4.70574
-4.70538
-4.70441
-4.70447
-4.70448
-4.70384
-4.70375
-4.70256
-4.70284
-4.70218
-4.70257
-4.70206
-4.70114
-4.70118
-4.70132
-4.70049
-4.70082
-4.70001
-4.7009
-4.70195
-4.70206
-4.70152
-4.70122
-4.70208
-4.70213
-4.70199
-4.70166
-4.70144
-4.70179
-4.70151
-4.70226
-4.70224
-4.70237
-4.70356
-4.70401
-4.70449
-4.70348
-4.70355
-4.70392
-4.70401
-4.7038
-4.70345
-4.70373
-4.70391
-4.70427
-4.70468
-4.70452
-4.70498
-4.70557
-4.70552
-4.70498
-4.70486
-4.70471
-4.70424
-4.70377
-4.70377
-4.70379
-4.7046
-4.70467
-4.7046
-4.705
-4.70449
-4.7041
-4.70458
-4.70427
-4.70406
-4.70442
-4.70384
-4.7028
-4.7022
-4.70161
-4.70147
-4.70134
-4.70106
-4.70048
-4.70035
-4.70098
-4.70222
-4.70167
-4.7019
-4.70158
-4.70164
-4.70118
-4.7017
-4.70197
-4.70209
-4.70171
-4.70247
-4.70166
-4.70232
-4.70192
-4.70154
-4.70193
-4.70265
-4.70292
-4.70291
-4.70306
-4.70351
-4.70348
-4.70356
-4.70402
-4.70457
-4.70536
-4.70507
-4.7058
-4.70591
-4.70507
-4.70389
-4.70314
-4.70238
-4.70228
-4.70104
-4.70142
-4.70115
-4.70171
-4.70308
-4.7025
-4.70253
-4.70223
-4.70325
-4.70424
-4.70428
-4.70446
-4.70476
-4.7049
-4.70471
-4.70449
-4.70452
-4.7042
-4.70369
-4.70257
-4.70223
-4.70274
-4.70352
-4.70354
-4.70414
-4.70405
-4.7041
-4.70319
-4.70277
-4.70287
-4.70227
-4.70313
-4.70349
-4.70276
-4.70352
-4.70351
-4.70288
-4.70211
-4.70256
-4.7014
-4.70104
-4.70166
-4.70187
-4.70226
-4.70218
-4.70178
-4.70179
-4.70267
-4.70249
-4.70264
-4.70284
-4.70266
-4.70284
-4.70246
-4.70268
-4.70421
-4.70399
-4.70364
-4.70363
-4.70441
-4.70439
-4.70405
-4.70437
-4.70494
-4.7047
-4.70548
-4.70619
-4.7074
-4.70727
-4.70762
-4.70754
-4.70776
-4.70782
-4.70738
-4.70748
-4.70781
-4.7073
-4.70764
-4.70766
-4.70769
-4.70865
-4.70769
-4.70767
-4.70798
-4.70754
-4.70803
-4.70792
-4.7075
-4.70693
-4.7074
-4.70784
-4.70672
-4.70616
-4.70525
-4.70475
-4.70362
-4.70354
-4.70332
-4.70404
-4.70391
-4.70263
-4.70203
-4.70134
-4.70089
-4.70126
-4.70139
-4.70199
-4.70242
-4.70342
-4.70343
-4.70412
-4.70411
-4.70464
-4.70465
-4.70416
-4.70334
-4.70235
-4.70182
-4.70193
-4.70134
-4.70098
-4.70042
-4.70054
-4.70149
-4.70048
-4.69928
-4.69906
-4.69879
-4.69967
-4.69979
-4.69946
-4.69933
-4.6985
-4.69893
-4.69925
-4.69883
-4.69856
-4.69888
-4.69947
-4.69969
-4.69921
-4.69909
-4.69842
-4.69814
-4.69738
-4.69694
-4.6955
-4.69593
-4.69555
-4.69554
-4.69606
-4.69633
-4.69757
-4.69793
-4.69772
-4.69872
-4.69835
-4.69884
-4.69898
-4.6992
-4.69965
-4.70019
-4.70006
-4.69988
-4.69952
-4.69931
-4.69958
-4.69927
-4.69963
-4.70034
-4.69973
-4.69988
-4.69987
-4.69909
-4.69872
-4.69896
-4.69936
-4.69829
-4.69805
-4.69819
-4.69962
-4.69959
-4.70065
-4.70019
-4.70074
-4.70121
-4.70097
-4.70046
-4.7006
-4.70034
-4.69986
-4.69963
-4.69955
-4.69947
-4.69987
-4.69805
-4.69825
-4.69807
-4.69844
-4.69863
-4.6985
-4.69926
-4.70028
-4.70095
-4.70182
-4.70287
-4.70281
-4.70308
-4.70348
-4.70398
-4.70371
-4.70224
-4.7025
-4.70242
-4.70279
-4.7026
-4.70384
-4.70364
-4.70337
-4.70288
-4.70229
-4.70191
-4.70219
-4.70221
-4.70228
-4.70298
-4.70354
-4.70453
-4.70442
-4.70439
-4.70444
-4.705
-4.70442
-4.70618
-4.70607
-4.70486
-4.70455
-4.70427
-4.70361
-4.70348
-4.70422
-4.70461
-4.70433
-4.70467
-4.70423
-4.70404
-4.7044
-4.70441
-4.7038
-4.7032
-4.70229
-4.7023
-4.70229
-4.7027
-4.70201
-4.70204
-4.7016
-4.70087
-4.70019
-4.69973
-4.70025
-4.7007
-4.70121
-4.70071
-4.70159
-4.70138
-4.70217
-4.70228
-4.70246
-4.70302
-4.70274
-4.70239
-4.70183
-4.70107
-4.70104
-4.69979
-4.69947
-4.69906
-4.69934
-4.69927
-4.69961
-4.69975
-4.69966
-4.70007
-4.69987
-4.70009
-4.70025
-4.70018
-4.69958
-4.69907
-4.69931
-4.69835
-4.69879
-4.69928
-4.69889
-4.69788
-4.69835
-4.69805
-4.69818
-4.6989
-4.69885
-4.6979
-4.69831
-4.69875
-4.69892
-4.69868
-4.69938
-4.69995
-4.70053
-4.70081
-4.70154
-4.70165
-4.70205
-4.70121
-4.70122
-4.70132
-4.70074
-4.70054
-4.69969
-4.69942
-4.69981
-4.69908
-4.69895
-4.69956
-4.70042
-4.70042
-4.7004
-4.70093
-4.70093
-4.70131
-4.70115
-4.70076
-4.7
-4.69947
-4.69918
-4.69931
-4.69927
-4.69909
-4.69955
-4.6987
-4.69868
-4.69859
-4.6989
-4.69824
-4.69735
-4.69758
-4.69798
-4.69808
-4.6983
-4.69834
-4.69804
-4.69816
-4.69825
-4.69863
-4.69918
-4.69914
-4.69973
-4.70033
-4.7006
-4.70143
-4.70145
-4.70187
-4.70241
-4.70231
-4.70205
-4.70181
-4.70143
-4.70169
-4.70196
-4.70209
-4.70236
-4.70231
-4.7018
-4.70204
-4.70183
-4.70271
-4.70211
-4.70122
-4.70139
-4.70124
-4.70179
-4.70154
-4.70095
-4.70125
-4.70112
-4.70073
-4.70041
-4.7003
-4.69981
-4.70042
-4.7
-4.69972
-4.69944
-4.69958
-4.69953
-4.7002
-4.70038
-4.70038
-4.70096
-4.70016
-4.7001
-4.70079
-4.70104
-4.70143
-4.70137
-4.70191
-4.70152
-4.70066
-4.70006
-4.69973
-4.69925
-4.69877
-4.69848
-4.69794
-4.69823
-4.69843
-4.699
-4.69899
-4.70005
-4.70049
-4.70043
-4.6994
-4.70012
-4.70005
-4.70072
-4.70038
-4.70073
-4.70119
-4.70174
-4.70214
-4.70216
-4.7034
-4.70313
-4.70262
-4.70177
-4.70171
-4.70129
-4.7015
-4.70159
-4.70062
-4.70152
-4.70207
-4.70248
-4.70228
-4.70181
-4.70125
-4.70111
-4.70048
-4.69998
-4.70067
-4.70012
-4.69971
-4.69777
-4.6969
-4.69712
-4.69603
-3.8809
-3.88075
-3.88034
-3.87969
-3.88002
-3.88085
-3.88064
-3.88103
-3.88227
-3.88206
-3.88277
-3.88363
-3.88446
-3.88401
-3.88451
-3.88453
-3.88463
-3.88481
-3.88544
-3.88455
-3.88363
-3.88261
-3.88289
-3.88265
-3.88223
-3.88303
-3.88359
-3.88442
-3.88383
-3.8832
-3.8832
-3.88388
-3.8835
-3.88255
-3.88315
-3.88246
-3.88172
-3.88256
-3.88331
-3.8846
-3.88537
-3.88625
-3.88747
-3.88849
-3.88827
-3.88775
-3.88714
-3.88578
-3.88453
-3.88497
-3.88401
-3.8841
-3.88389
-3.88294
-3.88406
-3.88327
-3.88355
-3.88487
-3.88593
-3.88567
-3.8857
-3.88581
-3.88565
-3.88603
-3.88576
-3.88593
-3.88577
-3.88587
-3.88543
-3.88507
-3.88499
-3.88438
-3.88486
-3.88481
-3.88477
-3.8858
-3.88627
-3.88644
-3.8856
-3.88552
-3.88409
-3.88488
-3.88528
-3.88607
-3.88756
-3.88863
-3.88863
-3.88796
-3.88705
-3.88485
-3.88462
-3.88343
-3.88484
-3.88408
-3.8842
-3.88351
-3.88347
-3.88389
-3.88415
-3.88487
-3.88447
-3.88571
-3.88619
-3.88509
-3.8852
-3.88602
-3.88671
-3.88669
-3.88653
-3.88764
-3.88682
-3.88791
-3.8878
-3.88794
-3.88846
-3.88918
-3.88912
-3.8896
-3.89012
-3.89022
-3.8902
-3.89052
-3.88999
-3.88973
-3.8899
-3.88983
-3.88938
-3.88977
-3.89054
-3.89061
-3.89012
-3.88938
-3.88962
-3.88978
-3.89032
-3.8911
-3.89209
-3.89234
-3.89243
-3.89246
-3.89314
-3.89367
-3.89263
-3.89181
-3.8911
-3.89016
-3.88944
-3.88997
-3.89078
-3.89039
-3.88948
-3.88946
-3.89037
-3.89074
-3.89097
-3.89148
-3.89138
-3.89148
-3.89216
-3.89221
-3.89248
-3.89228
-3.89141
-3.89102
-3.8899
-3.8888
-3.88872
-3.8894
-3.88898
-3.88812
-3.88882
-3.88915
-3.8898
-3.88923
-3.88896
-3.88811
-3.88707
-3.88631
-3.88634
-3.88566
-3.88546
-3.88606
-3.88577
-3.8867
-3.88583
-3.88576
-3.88527
-3.88634
-3.88745
-3.88757
-3.88881
-3.88931
-3.889
-3.88926
-3.88975
-3.88895
-3.88817
-3.88673
-3.88654
-3.88582
-3.88536
-3.88395
-3.88432
-3.8842
-3.8836
-3.88432
-3.88555
-3.88617
-3.88611
-3.88622
-3.88619
-3.88608
-3.88624
-3.88598
-3.88579
-3.88628
-3.88593
-3.88588
-3.88561
-3.88641
-3.88554
-3.88562
-3.88446
-3.88459
-3.88534
-3.88599
-3.88698
-3.88719
-3.88729
-3.8886
-3.88888
-3.88921
-3.89004
-3.89129
-3.8915
-3.89271
-3.89198
-3.89023
-3.89023
-3.89011
-3.89056
-3.88956
-3.89021
-3.89087
-3.89018
-3.89023
-3.89173
-3.89164
-3.891
-3.89179
-3.89205
-3.89283
-3.89308
-3.8934
-3.89439
-3.89497
-3.89589
-3.89604
-3.89525
-3.89628
-3.89738
-3.89736
-3.89652
-3.89416
-3.89313
-3.89227
-3.89142
-3.89056
-3.88917
-3.89027
-3.89034
-3.89093
-3.89128
-3.89215
-3.89355
-3.89406
-3.89292
-3.89243
-3.8927
-3.8917
-3.89045
-3.89099
-3.89091
-3.89032
-3.88986
-3.89025
-3.89077
-3.89104
-3.89024
-3.88962
-3.88934
-3.8889
-3.88941
-3.88941
-3.88837
-3.88731
-3.88748
-3.88786
-3.88773
-3.88804
-3.88787
-3.88783
-3.88715
-3.88675
-3.88709
-3.88672
-3.88689
-3.88783
-3.88809
-3.88839
-3.88803
-3.88836
-3.88855
-3.8887
-3.88824
-3.88856
-3.88882
-3.88845
-3.88808
-3.88699
-3.88682
-3.88625
-3.88664
-3.88604
-3.88553
-3.88631
-3.88685
-3.88707
-3.8872
-3.88749
-3.88699
-3.88751
-3.88685
-3.88629
-3.88593
-3.88544
-3.88489
-3.88542
-3.88654
-3.8889
-3.8908
-3.88994
-3.88997
-3.88985
-3.88894
-3.88845
-3.88841
-3.88772
-3.88772
-3.88874
-3.88908
-3.88927
-3.88888
-3.88794
-3.88906
-3.88858
-3.88737
-3.88728
-3.88744
-3.8878
-3.88872
-3.88786
-3.88807
-3.88679
-3.88728
-3.88807
-3.88774
-3.88712
-3.8865
-3.88593
-3.88486
-3.88487
-3.88465
-3.88312
-3.88357
-3.88353
-3.88327
-3.88281
-3.8828
-3.88287
-3.88308
-3.88256
-3.88214
-3.8823
-3.88248
-3.88308
-3.88367
-3.88238
-3.88188
-3.88164
-3.8826
-3.88248
-3.88381
-3.88495
-3.88478
-3.88445
-3.8844
-3.88469
-3.88375
-3.88302
-3.88396
-3.88438
-3.88371
-3.88343
-3.88441
-3.88552
-3.88511
-3.88494
-3.88352
-3.8837
-3.88286
-3.88174
-3.88134
-3.87934
-3.8799
-3.87991
-3.88057
-3.88027
-3.88206
-3.88184
-3.88324
-3.88434
-3.88461
-3.88371
-3.88187
-3.88102
-3.88096
-3.87951
-3.87906
-3.87963
-3.88086
-3.88274
-3.88479
-3.88542
-3.88568
-3.88612
-3.88499
-3.88388
-3.88282
-3.88195
-3.88148
-3.88115
-3.88169
-3.88166
-3.88291
-3.88452
-3.88548
-3.88512
-3.88557
-3.88508
-3.88539
-3.88446
-3.88353
-3.88293
-3.88362
-3.8826
-3.88204
-3.88245
-3.88309
-3.88364
-3.884
-3.88346
-3.88453
-3.88567
-3.88601
-3.88586
-3.88641
-3.88569
-3.88456
-3.88392
-3.88318
-3.88281
-3.88257
-3.88159
-3.88215
-3.88198
-3.8817
-3.88189
-3.88213
-3.88137
-3.88204
-3.88168
-3.88232
-3.88213
-3.88144
-3.88122
-3.88127
-3.88178
-3.8826
-3.88365
-3.88607
-3.88734
-3.88772
-3.88705
-3.88659
-3.88606
-3.88644
-3.88548
-3.88514
-3.8857
-3.88618
-3.88544
-3.88467
-3.88482
-3.88284
-3.88152
-3.88115
-3.88141
-3.88155
-3.88161
-3.88168
-3.88168
-3.88292
-3.88278
-3.88284
-3.88308
-3.88294
-3.88268
-3.88265
-3.88277
-3.88311
-3.88222
-3.883
-3.88326
-3.88349
-3.88447
-3.88562
-3.88465
-3.88431
-3.88319
-3.88292
-3.88205
-3.88157
-3.88164
-3.88256
-3.88189
-3.88221
-3.88201
-3.88135
-3.88102
-3.88164
-3.88135
-3.88233
-3.88283
-3.88276
-3.88257
-3.88338
-3.88429
-3.88463
-3.88571
-3.88744
-3.88727
-3.88644
-3.88582
-3.88473
-3.8845
-3.88341
-3.88354
-3.88422
-3.88467
-3.88513
-3.8853
-3.88452
-3.88552
-3.88576
-3.88648
-3.88544
-3.88578
-3.88492
-3.88362
-3.88212
-3.88156
-3.88106
-3.88138
-3.88076
-3.88094
-3.88231
-3.88194
-3.88223
-3.88229
-3.8832
-3.88393
-3.8843
-3.88519
-3.88564
-3.88616
-3.88517
-3.88287
-3.88225
-3.88199
-3.8818
-3.88149
-3.88189
-3.88204
-3.88222
-3.8821
-3.8827
-3.88251
-3.8828
-3.8828
-3.88336
-3.88361
-3.8839
-3.88342
-3.88333
-3.88275
-3.88178
-3.8807
-3.87975
-3.87985
-3.87928
-3.8787
-3.87881
-3.87947
-3.87859
-3.87851
-3.87897
-3.87974
-3.8804
-3.88039
-3.88178
-3.88265
-3.88434
-3.88591
-3.88637
-3.8869
-3.88577
-3.88415
-3.88321
-3.88232
-3.88204
-3.88184
-3.88169
-3.88275
-3.8822
-3.88222
-3.8831
-3.88307
-3.8834
-3.88383
-3.88377
-3.88467
-3.88465
-3.88532
-3.88474
-3.88579
-3.88516
-3.8851
-3.88509
-3.88554
-3.88536
-3.88384
-3.88299
-3.88233
-3.88194
-3.88252
-3.88186
-3.88268
-3.88418
-3.88672
-3.88823
-3.88828
-3.88951
-3.88976
-3.89007
-3.88939
-3.88913
-3.88768
-3.88856
-3.8867
-3.8861
-3.88638
-3.88592
-3.8855
-3.88616
-3.88708
-3.88823
-3.88852
-3.88869
-3.88779
-3.88851
-3.88943
-3.88965
-3.88904
-3.88914
-3.88906
-3.88864
-3.88816
-3.88746
-3.88627
-3.88526
-3.88434
-3.88418
-3.88497
-3.88532
-3.88457
-3.88493
-3.88632
-3.88732
-3.88831
-3.88892
-3.88866
-3.88742
-3.88618
-3.88553
-3.88425
-3.88438
-3.88381
-3.88343
-3.88277
-3.88254
-3.88268
-3.88298
-3.88365
-3.8831
-3.88224
-3.882
-3.88289
-3.88301
-3.88243
-3.88315
-3.88236
-3.88308
-3.88298
-3.88376
-3.88409
-3.88465
-3.88527
-3.88541
-3.88518
-3.88497
-3.88414
-3.88454
-3.88454
-3.88517
-3.88505
-3.88485
-3.88556
-3.88669
-3.88685
-3.88753
-3.88828
-3.8882
-3.88727
-3.88761
-3.88755
-3.88726
-3.8863
-3.88548
-3.88516
-3.88521
-3.88549
-3.88556
-3.8857
-3.88561
-3.88599
-3.88602
-3.88655
-3.88648
-3.88599
-3.88553
-3.88484
-3.88499
-3.88528
-3.88567
-3.88642
-3.88619
-3.88698
-3.88634
-3.8852
-3.88453
-3.88399
-3.88367
-3.88312
-3.8835
-3.88459
-3.88419
-3.88512
-3.88581
-3.88624
-3.8847
-3.88555
-3.88487
-3.88453
-3.88369
-3.8826
-3.88148
-3.8801
-3.87938
-3.8802
-3.88066
-3.88129
-3.88085
-3.88112
-3.88165
-3.88211
-3.88247
-3.8821
-3.88282
-3.88451
-3.88403
-3.88326
-3.88257
-3.88217
-3.88238
-3.88374
-3.88376
-3.88312
-3.88286
-3.88286
-3.883
-3.8833
-3.8832
-3.88299
-3.88298
-3.88345
-3.8836
-3.88429
-3.88472
-3.88473
-3.8839
-3.88427
-3.88503
-3.885
-3.88543
-3.88583
-3.88629
-3.8869
-3.88653
-3.88636
-3.88653
-3.88616
-3.88592
-3.88573
-3.88565
-3.8863
-3.88637
-3.88801
-3.88746
-3.88708
-3.88708
-3.88777
-3.88732
-3.88676
-3.8856
-3.88527
-3.88481
-3.88456
-3.88411
-3.88471
-3.88496
-3.88527
-3.88607
-3.88662
-3.88737
-3.88723
-3.88751
-3.88765
-3.88687
-3.88834
-3.88804
-3.88726
-3.88726
-3.88686
-3.8868
-3.88615
-3.8849
-3.88489
-3.8837
-3.88389
-3.88436
-3.88337
-3.88283
-3.88213
-3.88209
-3.88124
-3.88144
-3.8812
-3.88239
-3.88349
-3.88533
-3.88565
-3.88467
-3.88409
-3.8835
-3.88317
-3.88345
-3.88357
-3.8828
-3.88325
-3.88353
-3.88449
-3.88532
-3.88625
-3.88621
-3.88597
-3.88541
-3.88533
-3.88434
-3.88489
-3.88534
-3.88637
-3.88442
-3.88325
-3.88152
-3.87968
-3.87934
-3.87975
-3.88014
-3.88046
-3.88154
-3.88225
-3.88267
-3.88361
-3.88367
-3.88375
-3.88419
-3.88426
-3.88437
-3.88385
-3.88435
-3.88428
-3.88538
-3.88514
-3.88434
-3.88433
-3.88454
-3.88486
-3.88489
-3.88491
-3.88438
-3.88438
-3.8839
-3.88321
-3.88222
-3.88166
-3.8808
-3.88142
-3.88139
-3.88191
-3.8819
-3.88197
-3.88184
-3.88071
-3.88065
-3.88054
-3.88038
-3.88044
-3.88068
-3.88125
-3.88171
-3.88244
-3.88346
-3.88468
-3.88537
-3.88587
-3.88511
-3.88577
-3.88676
-3.88616
-3.88638
-3.88661
-3.88661
-3.88515
-3.88477
-3.88338
-3.88308
-3.88316
-3.88276
-3.88108
-3.8806
-3.87967
-3.87924
-3.88073
-3.88071
-3.88142
-3.88079
-3.88204
-3.88357
-3.88451
-3.8863
-3.88729
-3.88722
-3.88758
-3.88727
-3.88528
-3.88434
-3.88335
-3.88333
-3.88232
-3.8823
-3.88167
-3.88185
-3.88201
-3.88193
-3.88163
-3.8814
-3.88161
-3.88277
-3.88371
-3.51529
-3.51459
-3.51542
-3.5151
-3.51429
-3.51324
-3.51315
-3.5143
-3.51455
-3.51427
-3.5143
-3.51416
-3.51432
-3.51431
-3.51381
-3.51392
-3.51445
-3.5141
-3.51423
-3.5143
-3.51381
-3.51259
-3.51212
-3.51216
-3.51247
-3.5129
-3.5134
-3.51539
-3.51578
-3.51553
-3.51638
-3.51835
-3.51806
-3.51806
-3.51794
-3.5178
-3.51711
-3.51618
-3.51593
-3.51497
-3.51396
-3.51535
-3.51608
-3.51679
-3.51698
-3.51728
-3.51798
-3.51782
-3.51672
-3.51645
-3.51549
-3.5148
-3.51507
-3.51434
-3.5141
-3.51477
-3.51547
-3.51586
-3.5175
-3.51843
-3.5181
-3.51766
-3.5176
-3.5165
-3.51455
-3.51412
-3.5133
-3.51256
-3.5124
-3.51281
-3.51338
-3.51416
-3.51473
-3.51661
-3.51702
-3.5173
-3.51719
-3.51661
-3.51565
-3.5142
-3.51434
-3.51461
-3.51432
-3.51459
-3.5151
-3.51523
-3.51574
-3.51682
-3.51896
-3.52047
-3.52116
-3.52076
-3.52012
-3.52035
-3.5189
-3.51706
-3.51622
-3.51566
-3.51525
-3.51464
-3.51463
-3.51437
-3.51445
-3.5138
-3.51332
-3.51298
-3.51348
-3.51436
-3.51564
-3.51696
-3.51742
-3.5187
-3.51881
-3.51895
-3.51783
-3.51749
-3.51695
-3.51602
-3.51565
-3.51482
-3.5146
-3.51434
-3.51431
-3.51374
-3.51279
-3.51301
-3.51385
-3.51427
-3.51376
-3.51406
-3.51472
-3.51413
-3.51511
-3.51537
-3.51493
-3.51382
-3.51271
-3.51318
-3.51172
-3.51113
-3.51107
-3.51124
-3.5107
-3.51225
-3.51325
-3.51371
-3.51413
-3.51512
-3.51592
-3.51631
-3.51694
-3.51721
-3.51702
-3.51583
-3.51429
-3.51387
-3.51288
-3.51218
-3.51158
-3.51006
-3.50874
-3.50799
-3.50739
-3.50849
-3.50964
-3.5102
-3.51175
-3.51203
-3.51306
-3.51314
-3.51296
-3.51145
-3.51072
-3.51137
-3.5102
-3.50994
-3.50967
-3.50973
-3.51022
-3.5108
-3.51183
-3.51329
-3.51255
-3.51346
-3.51427
-3.51297
-3.51247
-3.51266
-3.51301
-3.5128
-3.51418
-3.51541
-3.51549
-3.51641
-3.51645
-3.51785
-3.5177
-3.51734
-3.51696
-3.51695
-3.51618
-3.51559
-3.5148
-3.51516
-3.51458
-3.51429
-3.51475
-3.51398
-3.51506
-3.51574
-3.51631
-3.51672
-3.51648
-3.51481
-3.51506
-3.51461
-3.5146
-3.51458
-3.51449
-3.51482
-3.5162
-3.51717
-3.51754
-3.51832
-3.51873
-3.51867
-3.51825
-3.51851
-3.51897
-3.51868
-3.51802
-3.51858
-3.51881
-3.51795
-3.51668
-3.51656
-3.51583
-3.51629
-3.51644
-3.51676
-3.51668
-3.51568
-3.5154
-3.51602
-3.51596
-3.51543
-3.51486
-3.51463
-3.51449
-3.51428
-3.5147
-3.51443
-3.51578
-3.51683
-3.51801
-3.51739
-3.51788
-3.51769
-3.51793
-3.51694
-3.51795
-3.51838
-3.51957
-3.51968
-3.51838
-3.51765
-3.51736
-3.51632
-3.51541
-3.51514
-3.51439
-3.51406
-3.51362
-3.51328
-3.51342
-3.5135
-3.51504
-3.51577
-3.51733
-3.519
-3.51965
-3.52023
-3.52086
-3.52039
-3.51863
-3.51889
-3.51915
-3.51865
-3.51815
-3.51832
-3.51799
-3.51779
-3.51704
-3.51562
-3.51601
-3.51606
-3.51716
-3.51676
-3.51752
-3.5171
-3.51639
-3.5157
-3.51577
-3.51562
-3.51588
-3.51741
-3.51846
-3.51965
-3.5196
-3.51999
-3.51941
-3.51867
-3.5188
-3.51858
-3.51815
-3.51744
-3.51637
-3.51537
-3.51514
-3.51439
-3.51439
-3.51422
-3.51552
-3.51561
-3.51616
-3.51689
-3.51615
-3.51425
-3.51283
-3.512
-3.51309
-3.51261
-3.51362
-3.51515
-3.51607
-3.51744
-3.51722
-3.51858
-3.5194
-3.51916
-3.51816
-3.51743
-3.51653
-3.51562
-3.51556
-3.51592
-3.51666
-3.51786
-3.51864
-3.51945
-3.51999
-3.52004
-3.51931
-3.5187
-3.5175
-3.51619
-3.51531
-3.51593
-3.51474
-3.51397
-3.51376
-3.51355
-3.51535
-3.5165
-3.5174
-3.51906
-3.51999
-3.52045
-3.52003
-3.51976
-3.51935
-3.51847
-3.51766
-3.51722
-3.5172
-3.51754
-3.51676
-3.51649
-3.51712
-3.51788
-3.51977
-3.52092
-3.52061
-3.52006
-3.51963
-3.51962
-3.51911
-3.51829
-3.51747
-3.51726
-3.51651
-3.5165
-3.51667
-3.51641
-3.51596
-3.51572
-3.51644
-3.51595
-3.51601
-3.51625
-3.51713
-3.51738
-3.51739
-3.51736
-3.5168
-3.51732
-3.51679
-3.51737
-3.51651
-3.51751
-3.51891
-3.51934
-3.51903
-3.51845
-3.51799
-3.51736
-3.51704
-3.51642
-3.51646
-3.51706
-3.51716
-3.51824
-3.51795
-3.51866
-3.51755
-3.51725
-3.51705
-3.51656
-3.5162
-3.5156
-3.51639
-3.51683
-3.51538
-3.51584
-3.51451
-3.51442
-3.51392
-3.51256
-3.51209
-3.51145
-3.51274
-3.5147
-3.51653
-3.51746
-3.51826
-3.5182
-3.51832
-3.51738
-3.51691
-3.5167
-3.51774
-3.51826
-3.51889
-3.5182
-3.51761
-3.51628
-3.51647
-3.51569
-3.51589
-3.5163
-3.51651
-3.51565
-3.5148
-3.51485
-3.51469
-3.51487
-3.51577
-3.51697
-3.51803
-3.51944
-3.51797
-3.51762
-3.51612
-3.51589
-3.5145
-3.51488
-3.51525
-3.51409
-3.51498
-3.51515
-3.51399
-3.51321
-3.51385
-3.5141
-3.51405
-3.51412
-3.51426
-3.51401
-3.51397
-3.51369
-3.51365
-3.513
-3.51389
-3.51468
-3.51488
-3.51552
-3.51478
-3.51468
-3.51513
-3.51522
-3.51526
-3.51494
-3.51499
-3.51643
-3.51635
-3.51714
-3.51666
-3.51764
-3.51825
-3.51789
-3.51754
-3.51697
-3.51632
-3.51433
-3.51233
-3.51183
-3.51155
-3.5116
-3.51219
-3.51234
-3.5126
-3.51313
-3.51338
-3.51324
-3.51369
-3.51383
-3.51527
-3.51669
-3.51783
-3.51818
-3.51806
-3.5165
-3.5158
-3.51633
-3.51587
-3.51641
-3.51643
-3.51573
-3.51369
-3.51373
-3.51431
-3.51407
-3.51486
-3.51527
-3.51482
-3.51445
-3.51542
-3.51441
-3.51465
-3.51554
-3.51622
-3.51687
-3.51661
-3.5172
-3.5171
-3.51824
-3.51788
-3.51712
-3.51675
-3.51649
-3.51624
-3.5148
-3.51471
-3.51474
-3.51471
-3.51451
-3.51374
-3.514
-3.51324
-3.51328
-3.51393
-3.5139
-3.5144
-3.51525
-3.51541
-3.51519
-3.51639
-3.51792
-3.51832
-3.51761
-3.51811
-3.51785
-3.51799
-3.51668
-3.51705
-3.51814
-3.51814
-3.51722
-3.51645
-3.51585
-3.51616
-3.51654
-3.51787
-3.51731
-3.51652
-3.5177
-3.51763
-3.51624
-3.51543
-3.51542
-3.51542
-3.51561
-3.5168
-3.51781
-3.51904
-3.51851
-3.51757
-3.51558
-3.51393
-3.5127
-3.51251
-3.51229
-3.51332
-3.51575
-3.51907
-3.52092
-3.52173
-3.52199
-3.52106
-3.51961
-3.51868
-3.51711
-3.51589
-3.51629
-3.51608
-3.51604
-3.51617
-3.51631
-3.51598
-3.5157
-3.51567
-3.51444
-3.51415
-3.51485
-3.51448
-3.51318
-3.51355
-3.51261
-3.5125
-3.51237
-3.51195
-3.51171
-3.51231
-3.51266
-3.51416
-3.51541
-3.51568
-3.5157
-3.51578
-3.51564
-3.51471
-3.51549
-3.51574
-3.51588
-3.51635
-3.51586
-3.5146
-3.51575
-3.51509
-3.51393
-3.5131
-3.51412
-3.51427
-3.5146
-3.51503
-3.51579
-3.51716
-3.5169
-3.51671
-3.51571
-3.51504
-3.5153
-3.51551
-3.51613
-3.51543
-3.51682
-3.51673
-3.51694
-3.51691
-3.51661
-3.51596
-3.51596
-3.51465
-3.51443
-3.51379
-3.51287
-3.51199
-3.51193
-3.51153
-3.51041
-3.50955
-3.50857
-3.50862
-3.50939
-3.51008
-3.51206
-3.51452
-3.51627
-3.51744
-3.5173
-3.51637
-3.51635
-3.51533
-3.5143
-3.51378
-3.51401
-3.51432
-3.51329
-3.51301
-3.51314
-3.51475
-3.51533
-3.51642
-3.51817
-3.5193
-3.51899
-3.51845
-3.51783
-3.51698
-3.51646
-3.51594
-3.51594
-3.51746
-3.51766
-3.51801
-3.51816
-3.51819
-3.51854
-3.5182
-3.51742
-3.51808
-3.5181
-3.51753
-3.51877
-3.51957
-3.51973
-3.52055
-3.5205
-3.5185
-3.51875
-3.518
-3.51736
-3.51582
-3.51599
-3.51589
-3.51591
-3.51674
-3.51792
-3.51814
-3.5184
-3.51997
-3.52097
-3.52254
-3.52211
-3.52287
-3.52153
-3.5199
-3.51839
-3.51699
-3.51702
-3.51815
-3.51731
-3.51673
-3.51565
-3.5141
-3.51286
-3.51214
-3.51263
-3.51257
-3.51184
-3.51347
-3.51362
-3.5142
-3.51575
-3.51592
-3.51743
-3.51804
-3.51814
-3.51791
-3.51661
-3.51697
-3.5156
-3.51605
-3.51574
-3.51633
-3.51825
-3.51755
-3.5172
-3.51776
-3.51663
-3.51786
-3.51871
-3.51861
-3.51882
-3.51984
-3.51971
-3.52018
-3.52087
-3.52106
-3.52068
-3.52006
-3.52032
-3.52044
-3.52004
-3.51942
-3.51855
-3.51753
-3.51692
-3.51605
-3.51633
-3.51597
-3.51613
-3.51583
-3.51689
-3.51764
-3.51933
-3.51821
-3.51742
-3.51694
-3.51717
-3.51757
-3.51766
-3.51785
-3.51831
-3.51814
-3.51699
-3.51598
-3.5157
-3.516
-3.5162
-3.51672
-3.51767
-3.51686
-3.5166
-3.51589
-3.51505
-3.51411
-3.51276
-3.51192
-3.51188
-3.51201
-3.51154
-3.51214
-3.51312
-3.51416
-3.51329
-3.51366
-3.5142
-3.51409
-3.51492
-3.51619
-3.51706
-3.51822
-3.51989
-3.52113
-3.52022
-3.52066
-3.51985
-3.5192
-3.51875
-3.51792
-3.51752
-3.51707
-3.5173
-3.5181
-3.51644
-3.51725
-3.51758
-3.51746
-3.51779
-3.51826
-3.51965
-3.52108
-3.52144
-3.52082
-3.5201
-3.51823
-3.51733
-3.51587
-3.51551
-3.51551
-3.51618
-3.51637
-3.5162
-3.51705
-3.51572
-3.51694
-3.51801
-3.51759
-3.51762
-3.51713
-3.51744
-3.51685
-3.5169
-3.51685
-3.51714
-3.51656
-3.51597
-3.51359
-3.51357
-3.51298
-3.51195
-3.51257
-3.51223
-3.5124
-3.51508
-3.51718
-3.5187
-3.52104
-3.52156
-3.52256
-3.52235
-3.52178
-3.5224
-3.52212
-3.52102
-3.52068
-3.52185
-3.52074
-3.52064
-3.52108
-3.52202
-3.52164
-3.52189
-3.52156
-3.52217
-3.521
-3.52049
-3.51978
-3.52056
-3.52102
-3.52083
-3.52165
-3.52276
-3.52377
-3.52335
-3.52233
-3.52233
-3.52195
-3.52094
-3.52081
-3.52165
-3.52171
-3.52117
-3.52074
-3.52027
-3.51908
-3.51618
-3.51543
-3.51507
-3.51487
-3.51506
-3.51542
-3.51509
-3.51657
-3.51604
-3.51692
-3.51771
-3.51792
-3.51684
-3.51774
-3.51646
-3.51624
-3.51645
-3.51632
-3.51612
-3.51466
-3.51484
-3.51382
-3.51329
-3.51276
-3.51299
-3.51307
-3.51289
-3.5135
-3.5138
-3.51311
-3.51201
-3.51147
-3.51061
-3.51019
-3.51125
-3.51223
-3.51279
-3.51403
-3.51405
-3.51331
-3.51378
-3.51299
-3.51202
-3.51303
-3.51273
-3.51215
-3.51182
-3.5117
-3.5118
-3.51209
-3.51286
-3.51216
-3.51329
-3.40125
-3.40209
-3.4015
-3.40027
-3.39999
-3.39893
-3.39865
-3.39799
-3.39905
-3.39938
-3.39968
-3.40018
-3.40157
-3.40106
-3.40178
-3.40234
-3.40246
-3.40215
-3.40162
-3.4009
-3.40095
-3.40119
-3.40159
-3.40148
-3.40201
-3.40216
-3.40334
-3.40341
-3.40356
-3.40414
-3.40433
-3.40381
-3.40279
-3.403
-3.40252
-3.40264
-3.40298
-3.40294
-3.40374
-3.40378
-3.40524
-3.40705
-3.40752
-3.40751
-3.4066
-3.40601
-3.40475
-3.4038
-3.40268
-3.40144
-3.40165
-3.40294
-3.40353
-3.40541
-3.40568
-3.40516
-3.40503
-3.40634
-3.40598
-3.40388
-3.40349
-3.40347
-3.40242
-3.40194
-3.40092
-3.40095
-3.40089
-3.4007
-3.40124
-3.40127
-3.40018
-3.3994
-3.40027
-3.39987
-3.39951
-3.40011
-3.39976
-3.39889
-3.39815
-3.3981
-3.39732
-3.39683
-3.3966
-3.39727
-3.39747
-3.39689
-3.39615
-3.39658
-3.39701
-3.39763
-3.39783
-3.39907
-3.3999
-3.39929
-3.39842
-3.39787
-3.3977
-3.3982
-3.39874
-3.39922
-3.39971
-3.39999
-3.40053
-3.40123
-3.40276
-3.40173
-3.40246
-3.40371
-3.40277
-3.40293
-3.40341
-3.40457
-3.40516
-3.40521
-3.40451
-3.40461
-3.40413
-3.40347
-3.40301
-3.40154
-3.40081
-3.40035
-3.40089
-3.40081
-3.40021
-3.40021
-3.40149
-3.40117
-3.40153
-3.40208
-3.40272
-3.40345
-3.40414
-3.40376
-3.40384
-3.40247
-3.4022
-3.40144
-3.40145
-3.40195
-3.40247
-3.40305
-3.40307
-3.40272
-3.40284
-3.40305
-3.4021
-3.40269
-3.40349
-3.40459
-3.4057
-3.4062
-3.4063
-3.4076
-3.40557
-3.40531
-3.40438
-3.40294
-3.40331
-3.40406
-3.40393
-3.40282
-3.40261
-3.40236
-3.40274
-3.40402
-3.40477
-3.4047
-3.40457
-3.40508
-3.40416
-3.4046
-3.40335
-3.40247
-3.4028
-3.40353
-3.40338
-3.40402
-3.40537
-3.40578
-3.4063
-3.40728
-3.40718
-3.4066
-3.40675
-3.40649
-3.4057
-3.40538
-3.40553
-3.40683
-3.40703
-3.40708
-3.4065
-3.40583
-3.40493
-3.4034
-3.40141
-3.40164
-3.40066
-3.40083
-3.40082
-3.40047
-3.40141
-3.40115
-3.40182
-3.40396
-3.40303
-3.40382
-3.40322
-3.40335
-3.40398
-3.40379
-3.40385
-3.40337
-3.4024
-3.40134
-3.4024
-3.40285
-3.40295
-3.40232
-3.40304
-3.4025
-3.40309
-3.4032
-3.40286
-3.40258
-3.4029
-3.40336
-3.40451
-3.4054
-3.40557
-3.40665
-3.40554
-3.40485
-3.40468
-3.40336
-3.40296
-3.40387
-3.40334
-3.4034
-3.4049
-3.40606
-3.40706
-3.40706
-3.40685
-3.4071
-3.40754
-3.407
-3.40435
-3.40431
-3.40501
-3.40689
-3.40699
-3.40743
-3.40721
-3.40809
-3.40704
-3.40676
-3.40548
-3.40473
-3.40337
-3.40378
-3.40312
-3.4032
-3.4029
-3.40278
-3.40273
-3.40139
-3.40149
-3.40258
-3.4027
-3.40351
-3.40489
-3.40635
-3.40773
-3.40692
-3.40784
-3.40804
-3.4075
-3.40709
-3.40726
-3.40641
-3.40423
-3.40414
-3.40319
-3.40356
-3.40405
-3.40472
-3.40402
-3.40339
-3.40302
-3.4028
-3.40248
-3.40238
-3.40181
-3.40219
-3.40339
-3.40323
-3.40434
-3.40677
-3.4066
-3.40668
-3.40648
-3.40572
-3.4047
-3.40415
-3.40458
-3.40502
-3.40485
-3.40536
-3.40511
-3.40437
-3.40562
-3.40527
-3.40606
-3.40683
-3.40707
-3.40767
-3.40696
-3.40661
-3.40618
-3.40557
-3.40487
-3.40478
-3.40518
-3.40496
-3.40538
-3.40584
-3.40662
-3.40528
-3.4064
-3.40533
-3.40547
-3.40478
-3.40531
-3.40515
-3.40412
-3.40485
-3.40433
-3.40338
-3.40312
-3.4037
-3.40347
-3.40417
-3.40382
-3.40308
-3.40252
-3.40271
-3.40253
-3.40275
-3.40343
-3.40288
-3.40231
-3.40147
-3.40074
-3.40082
-3.39935
-3.3992
-3.40037
-3.39994
-3.39958
-3.40062
-3.40154
-3.40198
-3.40278
-3.40343
-3.4022
-3.40168
-3.39982
-3.4002
-3.39995
-3.3995
-3.39948
-3.40023
-3.40169
-3.401
-3.40114
-3.4013
-3.40055
-3.40048
-3.40068
-3.40043
-3.40138
-3.40125
-3.40113
-3.40161
-3.40157
-3.40165
-3.40262
-3.40322
-3.40439
-3.40412
-3.40443
-3.40458
-3.4036
-3.4037
-3.40349
-3.40251
-3.40267
-3.40135
-3.4012
-3.40119
-3.40163
-3.40095
-3.40019
-3.39981
-3.40041
-3.40092
-3.40186
-3.40181
-3.40149
-3.40198
-3.40182
-3.40241
-3.40287
-3.40256
-3.40316
-3.40313
-3.40297
-3.40273
-3.40322
-3.40205
-3.40252
-3.40228
-3.40339
-3.40341
-3.40353
-3.4039
-3.40422
-3.4049
-3.40365
-3.40376
-3.40388
-3.40366
-3.40371
-3.40336
-3.40374
-3.40442
-3.40522
-3.40443
-3.4033
-3.40288
-3.4025
-3.4024
-3.40198
-3.40299
-3.40334
-3.40454
-3.40496
-3.40549
-3.4048
-3.40447
-3.40455
-3.4052
-3.40489
-3.40523
-3.40424
-3.40322
-3.40257
-3.40181
-3.40142
-3.40196
-3.40199
-3.40295
-3.40458
-3.40567
-3.40469
-3.40515
-3.40501
-3.4043
-3.40584
-3.40596
-3.40608
-3.40643
-3.40594
-3.40638
-3.40582
-3.40567
-3.40325
-3.40238
-3.40326
-3.40453
-3.40592
-3.4073
-3.40908
-3.4091
-3.41013
-3.40929
-3.40938
-3.40774
-3.40642
-3.40674
-3.40771
-3.40816
-3.40758
-3.40659
-3.4065
-3.40599
-3.40567
-3.40561
-3.40672
-3.40675
-3.40694
-3.40576
-3.40461
-3.40286
-3.40216
-3.40307
-3.40327
-3.40288
-3.40454
-3.40597
-3.40683
-3.4079
-3.40768
-3.40804
-3.40694
-3.40499
-3.40417
-3.4034
-3.40151
-3.40021
-3.39937
-3.39916
-3.39935
-3.39954
-3.40029
-3.40079
-3.40164
-3.40238
-3.40311
-3.40316
-3.40389
-3.40521
-3.40571
-3.4061
-3.40619
-3.40603
-3.40607
-3.40623
-3.40693
-3.40722
-3.40792
-3.4074
-3.40809
-3.40755
-3.40676
-3.40648
-3.40586
-3.40625
-3.40611
-3.40618
-3.4052
-3.40354
-3.40451
-3.40474
-3.40428
-3.40492
-3.40562
-3.4061
-3.40525
-3.40485
-3.40392
-3.40381
-3.40315
-3.40435
-3.40412
-3.4039
-3.40391
-3.40546
-3.40623
-3.40489
-3.40414
-3.40352
-3.40272
-3.40229
-3.40108
-3.40097
-3.4003
-3.40058
-3.40152
-3.40165
-3.40296
-3.40305
-3.40372
-3.40434
-3.40384
-3.40444
-3.40436
-3.40404
-3.40365
-3.40387
-3.40533
-3.40653
-3.40481
-3.40487
-3.4042
-3.4045
-3.40355
-3.40311
-3.40269
-3.40324
-3.40357
-3.40378
-3.40402
-3.40271
-3.40241
-3.40239
-3.40385
-3.40409
-3.40574
-3.40542
-3.40427
-3.40473
-3.40313
-3.40286
-3.40295
-3.40217
-3.40163
-3.40171
-3.40103
-3.40114
-3.40066
-3.40034
-3.40049
-3.40051
-3.40056
-3.40049
-3.40116
-3.4006
-3.40156
-3.40222
-3.40187
-3.40195
-3.40179
-3.40108
-3.40226
-3.40166
-3.40264
-3.40303
-3.40267
-3.40328
-3.40335
-3.40334
-3.40285
-3.40203
-3.40094
-3.39896
-3.3982
-3.39614
-3.39562
-3.3958
-3.39606
-3.39691
-3.39685
-3.39768
-3.39821
-3.39975
-3.39973
-3.3999
-3.4001
-3.40107
-3.4014
-3.40192
-3.40245
-3.40247
-3.40231
-3.40189
-3.40104
-3.40098
-3.40119
-3.4018
-3.4004
-3.3993
-3.39871
-3.40005
-3.39934
-3.39903
-3.39868
-3.39828
-3.39857
-3.39907
-3.39941
-3.40034
-3.40066
-3.40111
-3.40101
-3.40302
-3.40379
-3.40283
-3.40238
-3.40241
-3.4016
-3.39998
-3.39979
-3.39909
-3.39916
-3.39946
-3.39902
-3.39837
-3.39962
-3.40159
-3.40314
-3.40335
-3.40459
-3.40603
-3.40691
-3.40756
-3.40654
-3.40594
-3.4055
-3.40461
-3.40385
-3.40384
-3.4027
-3.40319
-3.4022
-3.40274
-3.40272
-3.40325
-3.40433
-3.40492
-3.405
-3.40453
-3.40496
-3.4059
-3.40667
-3.40693
-3.40772
-3.40699
-3.40558
-3.40613
-3.40626
-3.40674
-3.40725
-3.40761
-3.40629
-3.40524
-3.40512
-3.40465
-3.40419
-3.40373
-3.4035
-3.40337
-3.40112
-3.40062
-3.40071
-3.4001
-3.40013
-3.40088
-3.40074
-3.40199
-3.40183
-3.40198
-3.40234
-3.40095
-3.40078
-3.40149
-3.40162
-3.40101
-3.40155
-3.40302
-3.40403
-3.40498
-3.40585
-3.40542
-3.40596
-3.40609
-3.40838
-3.40767
-3.40831
-3.40776
-3.40662
-3.40643
-3.40524
-3.4043
-3.40259
-3.40137
-3.4006
-3.39935
-3.39941
-3.39947
-3.40098
-3.40222
-3.40293
-3.40383
-3.40468
-3.40383
-3.40394
-3.40405
-3.40385
-3.40373
-3.40439
-3.40373
-3.40361
-3.40462
-3.40331
-3.4016
-3.40125
-3.40104
-3.39989
-3.39942
-3.4007
-3.40139
-3.40228
-3.40281
-3.40311
-3.40424
-3.40352
-3.40307
-3.40305
-3.40268
-3.40244
-3.40163
-3.40045
-3.40042
-3.39966
-3.39867
-3.39847
-3.39908
-3.40033
-3.40052
-3.40101
-3.40055
-3.40083
-3.40026
-3.39946
-3.40046
-3.40044
-3.40087
-3.40164
-3.40176
-3.40169
-3.402
-3.40036
-3.39957
-3.39848
-3.39954
-3.40036
-3.40029
-3.40229
-3.40246
-3.4019
-3.40173
-3.40177
-3.40126
-3.40114
-3.4004
-3.39856
-3.39765
-3.39722
-3.39795
-3.40036
-3.40203
-3.40306
-3.40324
-3.40426
-3.40451
-3.40411
-3.40399
-3.40461
-3.40502
-3.40549
-3.40534
-3.40436
-3.40357
-3.4032
-3.40173
-3.3994
-3.39877
-3.39894
-3.40034
-3.40244
-3.40458
-3.40682
-3.40736
-3.40663
-3.40714
-3.40691
-3.40532
-3.40344
-3.40336
-3.40308
-3.40236
-3.40254
-3.40316
-3.40359
-3.40332
-3.40366
-3.40365
-3.40592
-3.40704
-3.40646
-3.40555
-3.40511
-3.40425
-3.4037
-3.40453
-3.40523
-3.40644
-3.40864
-3.40959
-3.41058
-3.41141
-3.41062
-3.40953
-3.40823
-3.4079
-3.40747
-3.40771
-3.40844
-3.4089
-3.40921
-3.40904
-3.40961
-3.40892
-3.40879
-3.4095
-3.41034
-3.41035
-3.40989
-3.40983
-3.40942
-3.40905
-3.4085
-3.40927
-3.4098
-3.41056
-3.40996
-3.40934
-3.40982
-3.41077
-3.40932
-3.40951
-3.40956
-3.41055
-3.41105
-3.41175
-3.41234
-3.41146
-3.41086
-3.40903
-3.40733
-3.40619
-3.40575
-3.40569
-3.40605
-3.40637
-3.40577
-3.40571
-3.40619
-3.4063
-3.40696
-3.40702
-3.40708
-3.40733
-3.40722
-3.40719
-3.40666
-3.40663
-3.40577
-3.40646
-3.40679
-3.40746
-3.40767
-3.40764
-3.40739
-3.40589
-3.40612
-3.40519
-3.40577
-3.40543
-3.4039
-3.4043
-3.40315
-3.40409
-3.40483
-3.40465
-3.40523
-3.40528
-3.40695
-3.40708
-3.40588
-3.40692
-3.40664
-3.40612
-3.40553
-3.40658
-3.40697
-3.40671
-3.40774
-3.40751
-3.40798
-3.41035
-3.41089
-3.41071
-3.41037
-3.41007
-3.4095
-3.40907
