-3.35012
-3.34929
-3.3492
-3.34922
-3.34755
-3.34732
-3.3463
-3.34497
-3.34513
-3.3445
-3.34305
-3.34221
-3.34125
-3.34025
-3.33984
-3.34017
-3.34206
-3.34246
-3.34283
-3.34262
-3.34205
-3.34208
-3.34072
-3.34093
-3.34098
-3.34082
-3.34047
-3.33986
-3.33781
-3.3381
-3.33937
-3.34056
-3.34105
-3.34068
-3.34117
-3.34166
-3.34189
-3.34281
-3.34211
-3.34162
-3.34186
-3.34177
-3.34123
-3.34094
-3.34164
-3.34146
-3.34141
-3.34194
-3.34127
-3.34126
-3.34225
-3.34438
-3.34364
-3.34278
-3.34262
-3.34227
-3.34213
-3.34263
-3.34187
-3.34185
-3.3428
-3.34389
-3.34442
-3.34373
-3.34291
-3.34292
-3.34291
-3.34308
-3.34334
-3.34269
-3.34303
-3.34301
-3.34282
-3.34365
-3.34389
-3.34426
-3.34508
-3.34399
-3.34364
-3.34235
-3.34328
-3.34284
-3.34427
-3.34404
-3.34577
-3.34605
-3.34611
-3.34659
-3.34693
-3.34745
-3.34694
-3.34672
-3.3463
-3.34633
-3.34467
-3.34358
-3.34341
-3.34299
-3.34476
-3.34613
-3.34655
-3.34767
-3.34797
-3.34834
-3.3464
-3.34578
-3.34521
-3.34494
-3.34382
-3.34393
-3.34342
-3.34255
-3.34165
-3.34219
-3.34194
-3.34376
-3.34453
-3.34494
-3.34506
-3.34499
-3.34364
-3.34337
-3.34362
-3.34416
-3.3447
-3.34514
-3.3459
-3.34716
-3.34753
-3.34832
-3.34675
-3.34649
-3.34542
-3.34574
-3.34512
-3.34428
-3.34377
-3.34311
-3.34245
-3.34218
-3.34172
-3.34068
-3.34052
-3.34066
-3.34062
-3.3411
-3.34052
-3.3393
-3.33882
-3.33963
-3.33962
-3.34049
-3.34145
-3.34062
-3.34
-3.34007
-3.34122
-3.34291
-3.34342
-3.34362
-3.34317
-3.34304
-3.34377
-3.3444
-3.34415
-3.34435
-3.34416
-3.34426
-3.34399
-3.34247
-3.34276
-3.34111
-3.3391
-3.33861
-3.33978
-3.3408
-3.34235
-3.3429
-3.34298
-3.34329
-3.34274
-3.34235
-3.34284
-3.34209
-3.34207
-3.34178
-3.3413
-3.34264
-3.34314
-3.34385
-3.34479
-3.34422
-3.34429
-3.34425
-3.34508
-3.34415
-3.34417
-3.34357
-3.34324
-3.3424
-3.34126
-3.34121
-3.34055
-3.34121
-3.34132
-3.34204
-3.34274
-3.34252
-3.34185
-3.34241
-3.34342
-3.34415
-3.34427
-3.3445
-3.34507
-3.34518
-3.34497
-3.34393
-3.34234
-3.34124
-3.34038
-3.34036
-3.34201
-3.34335
-3.34392
-3.34611
-3.34637
-3.34668
-3.34673
-3.34751
-3.34733
-3.34719
-3.34676
-3.34468
-3.34421
-3.34327
-3.34328
-3.34254
-3.34164
-3.34112
-3.34004
-3.33912
-3.33964
-3.34041
-3.34224
-3.34313
-3.34431
-3.34454
-3.34452
-3.34546
-3.34521
-3.34474
-3.34469
-3.34553
-3.34544
-3.34538
-3.34526
-3.34581
-3.34371
-3.34166
-3.33975
-3.33931
-3.3393
-3.33922
-3.33918
-3.34124
-3.3425
-3.34425
-3.34731
-3.34924
-3.35071
-3.35106
-3.35021
-3.34948
-3.3487
-3.34786
-3.34658
-3.34564
-3.34451
-3.34496
-3.34455
-3.34531
-3.34662
-3.34733
-3.34752
-3.34747
-3.34694
-3.3465
-3.34638
-3.34524
-3.34426
-3.34399
-3.34413
-3.34414
-3.34398
-3.34341
-3.34411
-3.34405
-3.34515
-3.34601
-3.3472
-3.34821
-3.3479
-3.34947
-3.34964
-3.3501
-3.35021
-3.35071
-3.35073
-3.3512
-3.3498
-3.35011
-3.34898
-3.34827
-3.34731
-3.3468
-3.34597
-3.3448
-3.34429
-3.34415
-3.34304
-3.34384
-3.34423
-3.34409
-3.34421
-3.34383
-3.34255
-3.34137
-3.3409
-3.34075
-3.33971
-3.33888
-3.33921
-3.34003
-3.34158
-3.34226
-3.34286
-3.34282
-3.34275
-3.34249
-3.34158
-3.34152
-3.3422
-3.3424
-3.34297
-3.34387
-3.34449
-3.34367
-3.34313
-3.3427
-3.3427
-3.34186
-3.3409
-3.34086
-3.34137
-3.3413
-3.34059
-3.34152
-3.34219
-3.34291
-3.34326
-3.34214
-3.34338
-3.34452
-3.34594
-3.34732
-3.3479
-3.34822
-3.34836
-3.34778
-3.34593
-3.3453
-3.34347
-3.34312
-3.3429
-3.34282
-3.34248
-3.34235
-3.34212
-3.34214
-3.34172
-3.34189
-3.34116
-3.34068
-3.3406
-3.34063
-3.34196
-3.34179
-3.3427
-3.34312
-3.34403
-3.34436
-3.34336
-3.3416
-3.34162
-3.34082
-3.33987
-3.34133
-3.34274
-3.34322
-3.34381
-3.34434
-3.34423
-3.34435
-3.34427
-3.34556
-3.34703
-3.3481
-3.3488
-3.34891
-3.34726
-3.34606
-3.34587
-3.34485
-3.34523
-3.34397
-3.34384
-3.34323
-3.34275
-3.34326
-3.34255
-3.34194
-3.34076
-3.33971
-3.33891
-3.33921
-3.33863
-3.33972
-3.34157
-3.34359
-3.34602
-3.34763
-3.34837
-3.34859
-3.34907
-3.34868
-3.34753
-3.34668
-3.34474
-3.34464
-3.34418
-3.34393
-3.34469
-3.34442
-3.34513
-3.34468
-3.34279
-3.3418
-3.34329
-3.34279
-3.34128
-3.34164
-3.3412
-3.34268
-3.34265
-3.34258
-3.34345
-3.34378
-3.34394
-3.3458
-3.34479
-3.34514
-3.34571
-3.34549
-3.34638
-3.34721
-3.3474
-3.34805
-3.34759
-3.3466
-3.34528
-3.34578
-3.3465
-3.34662
-3.34617
-3.34642
-3.34723
-3.34726
-3.34728
-3.34849
-3.34839
-3.34869
-3.34983
-3.34947
-3.34837
-3.34678
-3.34668
-3.34625
-3.34617
-3.34534
-3.34421
-3.34526
-3.34574
-3.34713
-3.34762
-3.34764
-3.34702
-3.34791
-3.34746
-3.34745
-3.34718
-3.3465
-3.34595
-3.34445
-3.34461
-3.34404
-3.34288
-3.34173
-3.34242
-3.3413
-3.34164
-3.3432
-3.34433
-3.34545
-3.34543
-3.34422
-3.34213
-3.3418
-3.34185
-3.34271
-3.34217
-3.34307
-3.34341
-3.34392
-3.34294
-3.34347
-3.34265
-3.34188
-3.34245
-3.34269
-3.34245
-3.34317
-3.34389
-3.34368
-3.34393
-3.34357
-3.34283
-3.34213
-3.34073
-3.34005
-3.33999
-3.33998
-3.34189
-3.34328
-3.34512
-3.34631
-3.34674
-3.34681
-3.34653
-3.34672
-3.34602
-3.34592
-3.34499
-3.34384
-3.34355
-3.34337
-3.34303
-3.34315
-3.34304
-3.34236
-3.34321
-3.34362
-3.34321
-3.34279
-3.3428
-3.34243
-3.34126
-3.34244
-3.34269
-3.34375
-3.34388
-3.34484
-3.34512
-3.34536
-3.34438
-3.34433
-3.34433
-3.34468
-3.34512
-3.34469
-3.34426
-3.34289
-3.34146
-3.34109
-3.34161
-3.34085
-3.34131
-3.34221
-3.34346
-3.34424
-3.34524
-3.34596
-3.34527
-3.34557
-3.34484
-3.3438
-3.34252
-3.34221
-3.34226
-3.34236
-3.34222
-3.34052
-3.34153
-3.3418
-3.34192
-3.34239
-3.34278
-3.34305
-3.34318
-3.34464
-3.3455
-3.3464
-3.34738
-3.34734
-3.34698
-3.34619
-3.34656
-3.34646
-3.3476
-3.34565
-3.34553
-3.34477
-3.34436
-3.34336
-3.34279
-3.34278
-3.34184
-3.34198
-3.34222
-3.34214
-3.34356
-3.34402
-3.34386
-3.34363
-3.34447
-3.34496
-3.34497
-3.34652
-3.34728
-3.34764
-3.34807
-3.34768
-3.34732
-3.34646
-3.34687
-3.34594
-3.34581
-3.346
-3.3451
-3.34356
-3.34399
-3.34408
-3.34376
-3.34323
-3.34331
-3.34366
-3.3436
-3.34381
-3.34293
-3.3427
-3.34247
-3.34348
-3.34397
-3.3445
-3.3448
-3.34604
-3.34607
-3.34559
-3.3447
-3.34495
-3.34453
-3.34457
-3.34511
-3.34547
-3.34651
-3.34715
-3.34825
-3.34944
-3.35015
-3.35111
-3.34995
-3.3485
-3.34845
-3.34741
-3.3464
-3.34559
-3.34594
-3.34501
-3.34483
-3.34538
-3.34599
-3.34606
-3.34705
-3.34848
-3.34809
-3.34845
-3.34915
-3.34786
-3.34754
-3.34707
-3.34731
-3.34648
-3.34468
-3.3453
-3.34583
-3.34471
-3.34439
-3.34407
-3.34276
-3.34175
-3.34084
-3.33933
-3.33967
-3.34001
-3.34134
-3.34471
-3.3458
-3.34779
-3.34705
-3.34647
-3.34497
-3.34332
-3.34272
-3.34169
-3.34172
-3.34288
-3.34359
-3.34446
-3.34559
-3.34558
-3.34509
-3.34369
-3.34407
-3.34407
-3.34463
-3.34553
-3.3449
-3.34538
-3.34493
-3.34469
-3.3446
-3.34347
-3.34416
-3.34276
-3.34175
-3.34221
-3.34328
-3.34396
-3.34452
-3.34507
-3.34507
-3.34374
-3.34256
-3.34146
-3.33995
-3.3395
-3.33956
-3.34109
-3.34179
-3.34273
-3.34202
-3.34333
-3.34287
-3.34488
-3.34426
-3.34366
-3.34353
-3.34374
-3.34457
-3.34532
-3.3461
-3.34658
-3.34643
-3.34666
-3.34733
-3.347
-3.34674
-3.34538
-3.34497
-3.34463
-3.34246
-3.34202
-3.34067
-3.3406
-3.34108
-3.34094
-3.34128
-3.34222
-3.34251
-3.34267
-3.3425
-3.34288
-3.34255
-3.34223
-3.3403
-3.34067
-3.34062
-3.34038
-3.33978
-3.33976
-3.34012
-3.34075
-3.34238
-3.34321
-3.3435
-3.34577
-3.3468
-3.34709
-3.34642
-3.34592
-3.3451
-3.34413
-3.34184
-3.3414
-3.34105
-3.34198
-3.34203
-3.34348
-3.34509
-3.3454
-3.34616
-3.3467
-3.34689
-3.34673
-3.34567
-3.34548
-3.34643
-3.34585
-3.34614
-3.34494
-3.34366
-3.34193
-3.34251
-3.34198
-3.34223
-3.34261
-3.34245
-3.3434
-3.34491
-3.34569
-3.34521
-3.34603
-3.34602
-3.34558
-3.34443
-3.34303
-3.34303
-3.34249
-3.3417
-3.34109
-3.34005
-3.33976
-3.33832
-3.33843
-3.3392
-3.34087
-3.3411
-3.34043
-3.34071
-3.34142
-3.3416
-3.34177
-3.34137
-3.34203
-3.34105
-3.34008
-3.34027
-3.34121
-3.34096
-3.34125
-3.34177
-3.34322
-3.34322
-3.34376
-3.34261
-3.34195
-3.34301
-3.34263
-3.34112
-3.3401
-3.33879
-3.33918
-3.33785
-3.33748
-3.33589
-3.33659
-3.33688
-3.33687
-3.33724
-3.3382
-3.33814
-3.33852
-3.33816
-3.33991
-3.34075
-3.3421
-3.3429
-3.34224
-3.34322
-3.34476
-3.34603
-3.34543
-3.34434
-3.34272
-3.34206
-3.34081
-3.34022
-3.33849
-3.33686
-3.33637
-3.33837
-3.33989
-3.34116
-3.34265
-3.34234
-3.34432
-3.34464
-3.34412
-3.34457
-3.34344
-3.34225
-3.34161
-3.34049
-3.34081
-3.34034
-3.34034
-3.34006
-3.34051
-3.34162
-3.34057
-3.34027
-3.34068
-3.34053
-3.33991
-3.3407
-3.34206
-3.34289
-3.34305
-3.34332
-3.34162
-3.34133
-3.3413
-3.34109
-3.34194
-3.34242
-3.34231
-3.34309
-3.34278
-3.34152
-3.342
-3.34197
-3.34206
-3.34244
-3.34246
-3.34165
-3.34201
-3.34222
-3.3428
-3.34307
-3.34294
-3.34261
-3.34482
-3.34603
-3.34702
-3.34773
-3.34875
-3.34819
-3.34687
-3.34661
-3.34622
-3.34582
-3.34604
-3.34607
-3.34523
-3.34522
-3.34436
-3.34445
-3.3449
-3.34515
-3.34452
-3.34429
-3.34431
-3.34379
-3.34266
-3.34247
-3.34233
-3.34275
-3.34339
-3.34376
-3.34424
-3.34419
-3.34438
-3.34367
-3.34332
-3.3432
-3.34328
-3.34292
-3.34403
-3.3439
-3.34469
