1.80082
1.80133
1.80152
1.80141
1.80104
1.80044
1.79964
1.79867
1.79753
1.79626
1.79487
1.79338
1.79181
1.79019
1.78855
1.78698
1.78559
1.78456
1.78407
1.78431
1.78541
1.78738
1.79006
1.79312
1.79611
1.7985
1.79977
1.79951
1.79753
1.79401
1.78967
1.78574
1.78367
1.78453
1.78842
1.79442
1.80104
1.80687
1.81101
1.81308
1.81312
1.81144
1.80847
1.80468
1.80047
1.79617
1.79203
1.7882
1.78485
1.78215
1.78032
1.77949
1.77967
1.78071
1.78235
1.78434
1.78645
1.78854
1.79044
1.79192
1.79268
1.79242
1.79102
1.78872
1.78615
1.78428
1.78405
1.78593
1.7897
1.79456
1.79953
1.8038
1.80693
1.80882
1.80962
1.80958
1.80901
1.80815
1.80723
1.80639
1.80571
1.80524
1.80499
1.80492
1.80501
1.80522
1.80551
1.80583
1.80615
1.80641
1.80657
1.80662
1.8065
1.80624
1.80583
1.80534
1.80485
1.80446
1.8043
1.80447
1.80506
1.80612
1.80759
1.80941
1.81143
1.81347
1.81537
1.81696
1.8181
1.81872
1.81877
1.81828
1.81733
1.81609
1.81477
1.8136
1.81282
1.8126
1.81302
1.81405
1.81554
1.8173
1.8191
1.82072
1.822
1.82279
1.82299
1.82255
1.82146
1.81973
1.81741
1.81456
1.81123
1.80744
1.80322
1.79859
1.79355
1.78819
1.78268
1.77739
1.77295
1.77015
1.76987
1.77272
1.7788
1.78762
1.79822
1.80948
1.82041
1.83031
1.83877
1.84564
1.85091
1.85468
1.85703
1.85805
1.85778
1.85621
1.8533
1.849
1.84324
1.83607
1.82762
1.81824
1.80847
1.79896
1.79036
1.78309
1.77727
1.7727
1.76904
1.76601
1.76349
1.76156
1.76051
1.76068
1.76233
1.7655
1.76999
1.77537
1.78113
1.78682
1.79207
1.79667
1.80052
1.80357
1.80583
1.8073
1.80792
1.80763
1.80631
1.80386
1.80031
1.79594
1.79135
1.78752
1.78549
1.78601
1.78913
1.79421
1.80021
1.80612
1.81124
1.81525
1.81811
1.81994
1.82094
1.8213
1.82121
1.82081
1.82019
1.81944
1.8186
1.81771
1.81679
1.81585
1.8149
1.81398
1.81311
1.81233
1.81171
1.81131
1.81118
1.81139
1.81196
1.81289
1.81413
1.81562
1.81725
1.81891
1.82048
1.82184
1.82286
1.82342
1.82341
1.82273
1.82125
1.8189
1.81565
1.81155
1.80681
1.8018
1.79708
1.79331
1.79113
1.79097
1.79292
1.79673
1.80191
1.80792
1.81425
1.82052
1.8265
1.83206
1.83716
1.84178
1.84595
1.84965
1.85285
1.85545
1.8573
1.85819
1.85794
1.85641
1.85362
1.84989
1.84583
1.84228
1.84003
1.83954
1.84079
1.84337
1.84676
1.85046
1.85402
1.85703
1.85912
1.86002
1.8597
1.85838
1.85647
1.85441
1.85248
1.85064
1.84862
1.84595
1.84223
1.8372
1.83091
1.82382
1.81699
1.81215
1.81133
1.81579
1.8251
1.83717
1.8494
1.85978
1.86733
1.87195
1.87406
1.87429
1.87337
1.87196
1.87067
1.86995
1.87005
1.87101
1.8727
1.87486
1.87721
1.87946
1.8814
1.88284
1.88365
1.8837
1.88287
1.88104
1.8781
1.87403
1.86893
1.86313
1.85719
1.85193
1.84817
1.84647
1.84691
1.84901
1.85197
1.85491
1.85712
1.85809
1.85756
1.85541
1.8517
1.84667
1.84071
1.83442
1.82853
1.82391
1.82145
1.82191
1.82573
1.83281
1.84244
1.85349
1.86474
1.87514
1.88399
1.8909
1.89576
1.89857
1.89947
1.89859
1.89616
1.89241
1.88766
1.88231
1.87678
1.87149
1.86675
1.86269
1.85927
1.85628
1.85344
1.85053
1.84746
1.84426
1.84115
1.83839
1.83632
1.83519
1.83523
1.83655
1.83917
1.84296
1.84764
1.85279
1.85799
1.86283
1.86707
1.8706
1.87342
1.8756
1.8772
1.87827
1.87881
1.87876
1.87808
1.87671
1.87463
1.87188
1.86859
1.86495
1.86121
1.85766
1.85457
1.85217
1.85063
1.85005
1.85049
1.85198
1.85447
1.85786
1.86192
1.86639
1.87098
1.87546
1.87964
1.88345
1.88685
1.88985
1.89245
1.89466
1.89649
1.8979
1.8989
1.89948
1.89966
1.89947
1.89898
1.89827
1.89741
1.89652
1.89568
1.89499
1.89449
1.89422
1.89418
1.89432
1.89453
1.89466
1.89453
1.89393
1.89267
1.89065
1.88792
1.88479
1.88181
1.87973
1.87923
1.8807
1.88403
1.88867
1.89387
1.89893
1.90334
1.90686
1.9094
1.911
1.91175
1.91177
1.91114
1.90997
1.90835
1.90636
1.90412
1.90175
1.89943
1.89731
1.89555
1.89425
1.89346
1.8931
1.89299
1.89288
1.89249
1.89153
1.88981
1.88727
1.88405
1.8805
1.87715
1.87464
1.87354
1.87424
1.87677
1.88088
1.88606
1.89172
1.89731
1.90238
1.90659
1.90972
1.91165
1.91232
1.91178
1.91011
1.90747
1.90409
1.90025
1.89625
1.89243
1.88909
1.88648
1.88476
1.88398
1.88405
1.88477
1.88583
1.88683
1.88737
1.88697
1.88514
1.88136
1.87517
1.86632
1.8552
1.84329
1.83324
1.82809
1.82956
1.83688
1.84735
1.8581
1.86727
1.87423
1.8791
1.88234
1.88442
1.88573
1.88649
1.8868
1.88671
1.88621
1.88531
1.88405
1.88255
1.88094
1.87942
1.87816
1.87732
1.87698
1.87715
1.87775
1.87864
1.87957
1.88028
1.88049
1.87996
1.87853
1.87621
1.87323
1.87006
1.86733
1.86567
1.86545
1.86669
1.86895
1.87161
1.87395
1.87545
1.87574
1.8747
1.87233
1.86876
1.8642
1.85891
1.85324
1.84764
1.84266
1.83894
1.83707
1.83746
1.84015
1.84484
1.85101
1.85805
1.86539
1.87263
1.87944
1.88563
1.89107
1.89568
1.89942
1.90227
1.9042
1.90516
1.90511
1.90397
1.90172
1.89842
1.89431
1.88982
1.88565
1.88254
1.88112
1.88163
1.88383
1.88714
1.89085
1.89439
1.89737
1.89964
1.90121
1.90215
1.9026
1.90267
1.90247
1.90208
1.90156
1.90094
1.90022
1.89936
1.8983
1.89695
1.89524
1.89307
1.89039
1.88718
1.88345
1.87928
1.87481
1.87029
1.86611
1.86277
1.86076
1.86037
1.86152
1.86378
1.86649
1.86904
1.87108
1.87252
1.87351
1.87434
1.87531
1.87671
1.87869
1.88126
1.88429
1.88756
1.89081
1.89383
1.89647
1.89865
1.90034
1.90158
1.90239
1.90281
1.90288
1.90262
1.90207
1.90123
1.9001
1.8987
1.89701
1.89502
1.89269
1.89001
1.88697
1.88356
1.87984
1.87592
1.87198
1.86826
1.86504
1.86256
1.86097
1.86029
1.86043
1.86121
1.86241
1.86386
1.86541
1.86697
1.86848
1.86988
1.87109
1.872
1.87252
1.87254
1.87201
1.87094
1.86943
1.86774
1.86621
1.86528
1.86531
1.86651
1.86881
1.87191
1.87536
1.87871
1.88157
1.8837
1.88495
1.88531
1.8848
1.88349
1.88146
1.87881
1.87564
1.87209
1.86831
1.86451
1.86094
1.8579
1.85569
1.85458
1.85475
1.85622
1.85885
1.86234
1.86634
1.87043
1.87428
1.87759
1.88017
1.88184
1.88251
1.88207
1.88043
1.87755
1.87344
1.86829
1.86251
1.85675
1.85183
1.84854
1.84732
1.84805
1.85001
1.85208
1.853
1.85173
1.84765
1.84068
1.83149
1.82142
1.81229
1.80594
1.80366
1.80571
1.81137
1.81928
1.82798
1.83628
1.84335
1.84879
1.85251
1.85461
1.85536
1.85507
1.85408
1.85265
1.85097
1.84916
1.84725
1.84526
1.84318
1.84106
1.83901
1.8372
1.83583
1.83511
1.83519
1.83613
1.83783
1.84006
1.84251
1.84486
1.84684
1.84822
1.84889
1.84877
1.84787
1.84621
1.84387
1.84093
1.83752
1.83376
1.82985
1.82597
1.82232
1.81913
1.81655
1.8147
1.81362
1.81327
1.81352
1.8142
1.81512
1.81614
1.81717
1.81821
1.81935
1.82074
1.82251
1.82474
1.8274
1.83037
1.83341
1.83628
1.83875
1.84063
1.84183
1.84233
1.84218
1.84146
1.8403
1.83885
1.83724
1.83556
1.83387
1.83218
1.83046
1.82862
1.82661
1.82435
1.82182
1.81904
1.81608
1.81303
1.81
1.80714
1.80454
1.80232
1.80053
1.79921
1.79836
1.79792
1.79787
1.79815
1.79874
1.79961
1.80074
1.80208
1.80356
1.80504
1.80638
1.8074
1.80798
1.80806
1.80769
1.80704
1.80634
1.80584
1.8057
1.80597
1.80654
1.80721
1.80778
1.80806
1.80801
1.80765
1.80711
1.80657
1.80623
1.80626
1.80679
1.80787
1.80948
1.81152
1.81385
1.81629
1.81866
1.82081
1.8226
1.8239
1.82459
1.82454
1.82361
1.82168
1.81864
1.81447
1.8093
1.80345
1.79751
1.79222
1.78834
1.78641
1.78657
1.7885
1.7916
1.79512
1.79837
1.80078
1.80196
1.80171
1.79994
1.79675
1.79235
1.78709
1.78144
1.77592
1.77106
1.76729
1.76483
1.7637
1.76373
1.76464
1.76613
1.76793
1.76987
1.77182
1.77375
1.77566
1.77763
1.77973
1.78201
1.78444
1.7869
1.78921
1.79112
1.79247
1.79312
1.79307
1.79238
1.79119
1.78964
1.78788
1.78604
1.78426
1.78268
1.78149
1.78088
1.781
1.78192
1.78355
1.78563
1.78784
1.7898
1.79121
1.79187
1.79171
1.79077
1.7892
1.7872
1.785
1.78283
1.78091
1.77938
1.77836
1.7779
1.77799
1.77858
1.7796
1.78092
1.78243
1.78404
1.78568
1.78733
1.789
1.79074
1.79259
1.79456
1.79667
1.79888
1.80115
1.80343
1.80564
1.80773
1.80965
1.81135
1.8128
1.81396
1.8148
1.81531
1.81544
1.81519
1.81452
1.81345
1.81196
1.81011
1.80794
1.80556
1.80308
1.80066
1.79846
1.79666
1.79539
1.79475
1.79478
1.79545
1.79666
1.79829
1.80018
1.80219
1.80417
1.806
1.80756
1.80875
1.8095
1.80976
1.80954
1.80888
1.80788
1.80667
1.80543
1.8043
1.80341
1.80287
1.80271
1.80293
1.8035
1.80436
1.80542
1.80659
1.80776
