-6.3632
-6.3585
-6.35041
-6.3385
-6.32103
-6.29667
-6.26695
-6.22967
-6.18575
-6.1326
-6.0703
-5.9979
-5.91932
-5.83509
-5.74715
-5.66356
-5.58679
-5.52223
-5.47127
-5.4365
-5.41684
-5.4114
-5.41635
-5.42967
-5.44711
-5.46593
-5.48527
-5.50291
-5.51837
-5.5313
-5.54214
-5.55219
-5.56039
-5.56761
-5.57318
-5.57843
-5.58173
-5.58315
-5.58361
-5.58318
-5.58185
-5.58196
-5.58357
-5.58538
-5.58924
-5.59447
-5.5999
-5.60556
-5.60857
-5.6124
-5.6136
-5.61436
-5.61381
-5.61259
-5.61142
-5.61089
-5.61116
-5.61225
-5.61447
-5.61741
-5.62046
-5.62347
-5.62597
-5.62901
-5.6295
-5.62826
-5.62494
-5.62081
-5.61537
-5.61033
-5.60676
-5.60494
-5.60345
-5.60161
-5.59878
-5.59324
-5.58642
-5.57961
-5.5742
-5.57114
-5.56939
-5.57198
-5.57812
-5.58849
-5.60067
-5.61449
-5.62775
-5.6416
-5.65443
-5.66572
-5.67415
-5.68135
-5.68536
-5.68652
-5.68494
-5.68149
-5.67504
-5.66767
-5.65647
-5.64423
-5.63115
-5.61678
-5.60139
-5.58623
-5.57177
-5.55836
-5.54681
-5.53828
-5.53233
-5.5286
-5.52755
-5.52836
-5.53117
-5.53514
-5.54192
-5.55026
-5.56245
-5.57593
-5.59142
-5.60842
-5.62566
-5.64218
-5.65566
-5.66657
-5.67369
-5.67731
-5.67685
-5.67176
-5.66301
-5.65209
-5.6391
-5.62465
-5.61075
-5.59655
-5.58352
-5.57149
-5.56087
-5.55305
-5.54851
-5.54816
-5.5516
-5.55836
-5.56929
-5.58378
-5.59939
-5.61617
-5.63319
-5.64751
-5.65813
-5.66619
-5.66995
-5.67119
-5.66863
-5.66446
-5.65665
-5.64671
-5.63568
-5.62405
-5.61231
-5.59982
-5.58733
-5.57622
-5.56557
-5.55781
-5.55296
-5.55218
-5.55516
-5.56075
-5.56827
-5.57744
-5.58461
-5.59104
-5.59526
-5.59576
-5.59352
-5.58853
-5.58055
-5.57037
-5.55814
-5.54524
-5.53471
-5.52519
-5.52038
-5.52044
-5.52484
-5.53481
-5.54844
-5.5632
-5.57736
-5.59245
-5.60389
-5.61248
-5.6166
-5.61759
-5.6155
-5.60963
-5.60172
-5.59216
-5.58329
-5.57453
-5.56783
-5.56265
-5.56093
-5.561
-5.56356
-5.56791
-5.57386
-5.58079
-5.5876
-5.59312
-5.59719
-5.5994
-5.59967
-5.59707
-5.59288
-5.58672
-5.57832
-5.57039
-5.56245
-5.55589
-5.55146
-5.54973
-5.55045
-5.55154
-5.55407
-5.55703
-5.55911
-5.56206
-5.56385
-5.56497
-5.56592
-5.56642
-5.56756
-5.56804
-5.56787
-5.56737
-5.56545
-5.56338
-5.56091
-5.5572
-5.55313
-5.54952
-5.54744
-5.5475
-5.55131
-5.55762
-5.56648
-5.5774
-5.5887
-5.60079
-5.61197
-5.62224
-5.63034
-5.63573
-5.63796
-5.63692
-5.63363
-5.62706
-5.61919
-5.60999
-5.59932
-5.58902
-5.5794
-5.56962
-5.56159
-5.55481
-5.55009
-5.54715
-5.54451
-5.5426
-5.54171
-5.54193
-5.54196
-5.54275
-5.54366
-5.54549
-5.54652
-5.54917
-5.55245
-5.55632
-5.55924
-5.56207
-5.56303
-5.56116
-5.55924
-5.55716
-5.55295
-5.54975
-5.54806
-5.54794
-5.548
-5.54823
-5.54818
-5.54871
-5.54801
-5.54614
-5.5447
-5.54484
-5.54408
-5.5449
-5.54644
-5.54822
-5.55048
-5.5522
-5.55233
-5.55116
-5.54831
-5.54659
-5.54522
-5.5444
-5.5427
-5.53982
-5.53671
-5.53293
-5.52828
-5.52481
-5.52181
-5.51943
-5.5177
-5.51742
-5.51692
-5.51913
-5.52235
-5.52814
-5.53425
-5.54033
-5.54627
-5.55163
-5.5545
-5.5562
-5.55695
-5.55476
-5.55082
-5.54591
-5.53932
-5.53133
-5.5223
-5.51439
-5.50792
-5.50195
-5.4991
-5.49812
-5.49792
-5.50003
-5.50333
-5.5078
-5.51454
-5.52216
-5.53006
-5.53806
-5.54548
-5.55266
-5.55864
-5.56502
-5.56889
-5.57086
-5.5717
-5.56983
-5.56471
-5.5571
-5.54636
-5.53315
-5.51878
-5.50455
-5.49238
-5.48285
-5.4769
-5.47495
-5.47686
-5.48419
-5.49369
-5.50496
-5.51788
-5.53037
-5.54374
-5.55438
-5.56367
-5.56952
-5.5721
-5.57187
-5.57101
-5.56804
-5.56259
-5.55721
-5.55176
-5.54575
-5.5412
-5.53741
-5.53682
-5.53735
-5.53916
-5.54213
-5.54702
-5.55383
-5.56229
-5.56976
-5.57786
-5.58435
-5.58898
-5.59149
-5.59282
-5.59187
-5.59031
-5.58773
-5.58533
-5.58152
-5.57796
-5.57421
-5.57084
-5.56645
-5.56232
-5.55761
-5.55404
-5.54975
-5.54545
-5.54279
-5.54066
-5.53995
-5.54088
-5.54304
-5.54454
-5.54745
-5.55035
-5.55174
-5.55402
-5.55638
-5.55756
-5.55948
-5.56076
-5.56189
-5.56213
-5.56235
-5.56342
-5.56487
-5.56702
-5.56948
-5.57369
-5.57825
-5.58208
-5.58586
-5.58745
-5.58898
-5.58768
-5.58531
-5.57991
-5.57218
-5.564
-5.55524
-5.54578
-5.53872
-5.53262
-5.53093
-5.53233
-5.5356
-5.54065
-5.54781
-5.55744
-5.56703
-5.57676
-5.58622
-5.59533
-5.60419
-5.61126
-5.61794
-5.62221
-5.62488
-5.62689
-5.62657
-5.62487
-5.62052
-5.6163
-5.61158
-5.60585
-5.59917
-5.59181
-5.58475
-5.57757
-5.571
-5.56532
-5.56031
-5.55738
-5.55607
-5.55537
-5.55505
-5.55563
-5.5563
-5.55655
-5.55666
-5.55716
-5.55778
-5.55951
-5.56109
-5.56331
-5.56692
-5.57058
-5.57517
-5.58114
-5.58642
-5.59145
-5.5963
-5.59913
-5.60019
-5.6003
-5.599
-5.59675
-5.59317
-5.58813
-5.58148
-5.57398
-5.56596
-5.55733
-5.5458
-5.53419
-5.52159
-5.50956
-5.49797
-5.48915
-5.48251
-5.47844
-5.47639
-5.47743
-5.47816
-5.48111
-5.48356
-5.48664
-5.4913
-5.49726
-5.50395
-5.51166
-5.521
-5.53216
-5.54423
-5.55741
-5.57142
-5.58532
-5.59866
-5.60963
-5.62006
-5.62802
-5.6329
-5.63493
-5.63451
-5.63104
-5.62539
-5.6164
-5.60772
-5.59811
-5.58998
-5.58399
-5.5778
-5.57403
-5.57164
-5.57193
-5.57317
-5.57409
-5.57549
-5.57716
-5.57862
-5.57954
-5.57989
-5.57957
-5.57749
-5.57335
-5.56644
-5.55825
-5.54939
-5.54035
-5.53147
-5.5255
-5.52216
-5.52262
-5.52543
-5.53123
-5.539
-5.54661
-5.55549
-5.56317
-5.56869
-5.57436
-5.57769
-5.57872
-5.57787
-5.57661
-5.57241
-5.56818
-5.56469
-5.56114
-5.55851
-5.55627
-5.55437
-5.55316
-5.55275
-5.55099
-5.54936
-5.54797
-5.54701
-5.54792
-5.55031
-5.55555
-5.56413
-5.57227
-5.58053
-5.58811
-5.59435
-5.59677
-5.59551
-5.59177
-5.58582
-5.57765
-5.57018
-5.56325
-5.55808
-5.55323
-5.55074
-5.5499
-5.55157
-5.55526
-5.56039
-5.56745
-5.57537
-5.5823
-5.58925
-5.59464
-5.59875
-5.6027
-5.60396
-5.60578
-5.60782
-5.60925
-5.61188
-5.61426
-5.61674
-5.61944
-5.62343
-5.62741
-5.62949
-5.63134
-5.63155
-5.63041
-5.62653
-5.6214
-5.61383
-5.60517
-5.59405
-5.58073
-5.56769
-5.55489
-5.54341
-5.5346
-5.528
-5.52475
-5.52429
-5.52706
-5.5309
-5.5367
-5.54224
-5.54791
-5.55199
-5.55392
-5.55348
-5.55061
-5.5459
-5.53968
-5.53105
-5.52163
-5.5119
-5.50368
-5.49788
-5.49209
-5.48793
-5.48606
-5.48472
-5.48457
-5.48333
-5.48133
-5.47949
-5.47739
-5.47754
-5.47903
-5.48156
-5.48613
-5.4931
-5.50188
-5.51134
-5.5204
-5.52912
-5.53562
-5.54001
-5.54098
-5.53926
-5.53388
-5.52834
-5.52066
-5.51286
-5.50585
-5.49954
-5.4957
-5.49294
-5.49188
-5.49449
-5.49813
-5.50476
-5.51272
-5.52182
-5.53152
-5.54097
-5.5488
-5.55505
-5.55921
-5.56141
-5.56205
-5.56039
-5.55812
-5.55547
-5.55123
-5.54776
-5.54413
-5.53953
-5.5349
-5.53021
-5.52505
-5.51805
-5.5121
-5.50748
-5.50593
-5.50541
-5.50889
-5.5139
-5.52267
-5.5335
-5.54482
-5.55598
-5.56672
-5.57497
-5.58004
-5.58184
-5.57994
-5.57419
-5.56524
-5.55068
-5.53526
-5.51724
-5.49838
-5.47905
-5.4604
-5.44498
-5.43342
-5.42617
-5.42458
-5.42902
-5.4381
-5.45244
-5.47036
-5.48998
-5.50854
-5.52403
-5.53821
-5.54837
-5.55512
-5.55766
-5.55852
-5.55556
-5.55093
-5.54522
-5.53925
-5.53395
-5.5303
-5.52789
-5.52748
-5.53002
-5.53493
-5.54275
-5.55162
-5.56222
-5.5738
-5.58595
-5.59615
-5.60704
-5.61374
-5.61652
-5.61716
-5.61485
-5.60963
-5.60318
-5.59684
-5.5905
-5.58477
-5.58148
-5.57926
-5.57873
-5.57961
-5.58048
-5.58076
-5.58098
-5.58092
-5.58183
-5.58273
-5.58381
-5.58316
-5.58218
-5.5794
-5.57499
-5.56961
-5.564
-5.55965
-5.55629
-5.55474
-5.55453
-5.55833
-5.56365
-5.57218
-5.58159
-5.59182
-5.60234
-5.61117
-5.61836
-5.62307
-5.62477
-5.62397
-5.61853
-5.6107
-5.59984
-5.58745
-5.57342
-5.5596
-5.54643
-5.53478
-5.52598
-5.51918
-5.51522
-5.51313
-5.51204
-5.51086
-5.50955
-5.50835
-5.50531
-5.50335
-5.50156
-5.49935
-5.49709
-5.49668
-5.4956
-5.49485
-5.49441
-5.49282
-5.48983
-5.48775
-5.48541
-5.48281
-5.4802
-5.4793
-5.47933
-5.48059
-5.48282
-5.48678
-5.49133
-5.4972
-5.50265
-5.50939
-5.51608
-5.52125
-5.52519
-5.5262
-5.52519
-5.52235
-5.51661
-5.51087
-5.5067
-5.50486
-5.50495
-5.50797
-5.51415
-5.52176
-5.53092
-5.53993
-5.54829
-5.55508
-5.56018
-5.56294
-5.56306
-5.55966
-5.55275
-5.5433
-5.52981
-5.51501
-5.49881
-5.48257
-5.46582
-5.45015
-5.43758
-5.42757
-5.41978
-5.41452
-5.41119
-5.40925
-5.40907
-5.40987
-5.41182
-5.41477
-5.41819
-5.4235
-5.43022
-5.43794
-5.44722
-5.45621
-5.46559
-5.47459
-5.48213
-5.48848
-5.49381
-5.49815
-5.50252
-5.50651
-5.51011
-5.51359
-5.51639
-5.51818
-5.52009
-5.52095
-5.52247
-5.52235
-5.52206
-5.52306
-5.52386
-5.52513
-5.52485
-5.52303
-5.52064
-5.51636
-5.51069
-5.50452
-5.49866
-5.4932
-5.49017
-5.4878
-5.4874
-5.48876
-5.49209
-5.49647
-5.50242
-5.50836
-5.51427
-5.52061
-5.52523
-5.53009
-5.53511
-5.53907
-5.54257
-5.54505
-5.54751
-5.54832
-5.5477
-5.54607
-5.54313
-5.53822
-5.53149
-5.52333
-5.51375
-5.50445
-5.49525
-5.48723
-5.47995
-5.47528
-5.47145
-5.46825
-5.46471
-5.46293
-5.45981
-5.4566
-5.45169
-5.44743
-5.44428
-5.44327
-5.4447
-5.44794
-5.45346
-5.4571
-5.45889
-5.45802
-5.45556
-5.45103
-5.44668
-5.4436
-5.44263
-5.44782
-5.45698
-5.46935
-5.48299
-5.4968
-5.50995
-5.52227
-5.5325
-5.54101
-5.54863
-5.55272
-5.55442
-5.55191
-5.54775
-5.54213
-5.53304
-5.51428
-5.48846
-5.45569
-5.41802
-5.37885
-5.33986
-5.30138
-5.26667
-5.23717
-5.2114
-5.19207
-5.17848
-5.17029
-5.1658
-5.16641
-5.16929
-5.17293
-5.17505
-5.17412
-5.16726
-5.15642
-5.14318
-5.13123
-5.12117
-5.1152
-5.11551
-5.12022
-5.12845
-5.1366
-5.14396
-5.14953
-5.15236
-5.15034
-5.14408
-5.13609
-5.12401
-5.10987
-5.09688
-5.08619
-5.08233
-5.08761
-5.10377
-5.12949
-5.16111
-5.19415
-5.22626
-5.25493
-5.27751
-5.29388
-5.30558
-5.31017
-5.31134
-5.30932
-5.30525
-5.30336
-5.30049
-5.2999
-5.30151
-5.30416
-5.30721
-5.31248
-5.31937
-5.32656
-5.33391
-5.33963
-5.34455
-5.34771
-5.34932
-5.34796
-5.34345
-5.33546
-5.32338
-5.31011
-5.2961
-5.28391
-5.27559
-5.26906
-5.26324
-5.25601
-5.2486
-5.23971
-5.23498
-5.23427
-5.23995
-5.25256
-5.2701
-5.29052
-5.31235
-5.33368
-5.35108
-5.36586
-5.37402
-5.379
-5.37667
-5.3712
-5.36205
-5.35148
-5.33952
-5.32548
-5.30999
-5.29184
-5.27488
-5.25817
-5.24213
-5.22996
-5.22087
-5.21388
-5.20877
-5.20644
-5.20792
-5.20899
-5.21251
-5.21515
-5.21888
-5.22478
-5.23333
-5.24371
-5.25678
-5.27116
-5.28525
-5.29815
-5.30915
-5.31604
-5.31922
-5.31859
-5.31361
-5.30483
-5.29431
-5.28241
-5.26869
-5.2538
-5.23851
-5.22467
-5.21193
-5.20157
-5.19424
-5.19064
-5.19026
-5.19372
-5.20078
-5.21139
-5.22352
-5.23392
-5.24213
-5.24585
-5.24332
-5.23475
-5.22249
-5.208
-5.19281
-5.18037
-5.17404
-5.17465
-5.18046
-5.19075
-5.20435
-5.21865
-5.23315
-5.24758
-5.26053
-5.27243
-5.28129
-5.28496
-5.2828
-5.27296
-5.25711
-5.23847
-5.21971
-5.20186
-5.18775
-5.18048
-5.17811
-5.18033
-5.18407
-5.18921
-5.1935
-5.19643
-5.19817
-5.19931
-5.1987
-5.19795
-5.19773
-5.19663
-5.19691
-5.19571
-5.19586
-5.19656
-5.20019
-5.20568
-5.21251
-5.22342
-5.23706
-5.25322
-5.27216
-5.29143
-5.30714
-5.31872
-5.32454
-5.32644
-5.3232
-5.31652
-5.30626
-5.29628
-5.28552
-5.27517
-5.2682
-5.26471
-5.2639
-5.26528
-5.26865
-5.27236
-5.27529
-5.27718
-5.27736
-5.27681
-5.27692
-5.27688
-5.2782
-5.28005
-5.28266
-5.28182
-5.27871
-5.27041
-5.25964
-5.24695
-5.23354
-5.22188
-5.2124
-5.20663
-5.20613
-5.20878
-5.216
-5.22875
-5.24707
-5.2688
-5.29426
-5.31804
-5.33831
-5.35543
-5.36574
-5.3691
-5.36367
-5.35352
-5.33851
-5.31895
-5.29839
-5.27869
-5.25764
-5.23689
-5.21903
-5.20281
-5.19003
-5.18036
-5.17508
-5.17545
-5.181
-5.1929
-5.2102
-5.23247
-5.26169
-5.29428
-5.3261
-5.35371
-5.37287
-5.38393
-5.38482
-5.3762
-5.36035
-5.34005
-5.32214
-5.30672
-5.29818
-5.29725
-5.3046
-5.31869
-5.33554
-5.35144
-5.36599
-5.37717
-5.38185
-5.38098
-5.37748
-5.37035
-5.36087
-5.3501
-5.33842
-5.3246
-5.30832
-5.28966
-5.27154
-5.25603
-5.24432
-5.23848
-5.23704
-5.23851
-5.24239
-5.24836
-5.25425
-5.25865
-5.26209
-5.2635
-5.26326
-5.26029
-5.2552
-5.24829
-5.23818
-5.22674
-5.21548
-5.20492
-5.19792
-5.1953
-5.19865
-5.20606
-5.21596
-5.22602
-5.23619
-5.24467
-5.25039
-5.25393
-5.25471
-5.25464
-5.25271
-5.25077
-5.2475
-5.24478
-5.24472
-5.2465
-5.25031
-5.25591
-5.26236
-5.26702
-5.26984
-5.26704
-5.25891
-5.24553
-5.22759
-5.20725
-5.18847
-5.17389
-5.16671
-5.16621
-5.16913
-5.17651
-5.18412
-5.18873
-5.1904
-5.18971
-5.18757
-5.18791
-5.19296
-5.20127
-5.21221
-5.22382
-5.23506
-5.2478
-5.25765
-5.26444
-5.26888
-5.26933
-5.26568
-5.25908
-5.24862
-5.23895
-5.22924
-5.22411
-5.22275
-5.22344
-5.22597
-5.22919
-5.23176
-5.23236
-5.2325
-5.23133
-5.22842
-5.22739
-5.2257
-5.22308
-5.21894
-5.21358
-5.20697
-5.2003
-5.19432
-5.19132
-5.19227
-5.19586
-5.2008
-5.20491
-5.2051
-5.20382
-5.20123
-5.19957
-5.19804
-5.20024
-5.20489
-5.21021
-5.21593
-5.22083
-5.22353
-5.22171
-5.21693
-5.21168
-5.20571
-5.2011
-5.20193
-5.21065
-5.22569
-5.24297
-5.26073
-5.27393
-5.28252
-5.2822
-5.27321
-5.25718
-5.23344
-5.20867
-5.18303
-5.16122
-5.14478
-5.13873
-5.13941
-5.14934
-5.16412
-5.17982
-5.19213
-5.19738
-5.19468
-5.18271
-5.16068
-5.13502
-5.11208
-5.09865
-5.10011
-5.11734
-5.14552
-5.17959
-5.21368
-5.24122
-5.26124
-5.27333
-5.27877
-5.27999
-5.27949
-5.28084
-5.28495
-5.29499
-5.31003
-5.32762
-5.34477
-5.36099
-5.37233
-5.37902
-5.3783
-5.37124
-5.35836
-5.34111
-5.31736
-5.29058
-5.26313
-5.23657
-5.21281
-5.19341
-5.17833
-5.16982
-5.16569
-5.16439
-5.1658
-5.17072
-5.17661
-5.18345
-5.19106
-5.19772
-5.20299
-5.2061
-5.20608
-5.20544
-5.20227
-5.1975
-5.19197
-5.18558
-5.17783
-5.17182
-5.16558
-5.16106
-5.15574
-5.14924
-5.14235
-5.13552
-5.13033
-5.12829
-5.1306
-5.13888
-5.1502
-5.16364
-5.17766
-5.19228
-5.20641
-5.22071
-5.23298
-5.24545
-5.25845
-5.27059
-5.27959
-5.28489
-5.28571
-5.27812
-5.26576
-5.25173
-5.23932
-5.22982
-5.22223
-5.2138
-5.20245
-5.19002
-5.17632
-5.16547
-5.15869
-5.1551
-5.15397
-5.15463
-5.15658
-5.16019
-5.16503
-5.17546
-5.19058
-5.2113
-5.23749
-5.26639
-5.29268
-5.31613
-5.33305
-5.34378
-5.34664
-5.34308
-5.33418
-5.32122
-5.30264
-5.28171
-5.25776
-5.23197
-5.20677
-5.18465
-5.16551
-5.15267
-5.1446
-5.14046
-5.13942
-5.14166
-5.14638
-5.15439
-5.1688
-5.18988
-5.2127
-5.2339
-5.24958
-5.25606
-5.25427
-5.24476
-5.23364
-5.22478
-5.22069
-5.22286
-5.23032
-5.24066
-5.25465
-5.26805
-5.28076
-5.2894
-5.29597
-5.29653
-5.29046
-5.27693
-5.25693
-5.23071
-5.20184
-5.17262
-5.14884
-5.13334
-5.12351
-5.12079
-5.12333
-5.1316
-5.14413
-5.16032
-5.1804
-5.20233
-5.22481
-5.24359
-5.25604
-5.26305
-5.26277
-5.25629
-5.24628
-5.23668
-5.22825
-5.22091
-5.21278
-5.20393
-5.19316
-5.18325
-5.17523
-5.17135
-5.17127
-5.17487
-5.17991
-5.18557
-5.1889
-5.18859
-5.1846
-5.17803
-5.17129
-5.16386
-5.15677
-5.15033
-5.1437
-5.13443
-5.12489
-5.11544
-5.10701
-5.10097
-5.09893
-5.10519
-5.11932
-5.1427
-5.17266
-5.20504
-5.23732
-5.26427
-5.28448
-5.29775
-5.30333
-5.30282
-5.29758
-5.28984
-5.2826
-5.27406
-5.26654
-5.25986
-5.25195
-5.2443
-5.23747
-5.23197
-5.23013
-5.23029
-5.2337
-5.23787
-5.24525
-5.25232
-5.26105
-5.2703
-5.27931
-5.28536
-5.28609
-5.28242
-5.27354
-5.26028
-5.24502
-5.22796
-5.21459
-5.20666
-5.20645
-5.21269
-5.22466
-5.24361
-5.26531
-5.28846
-5.30962
-5.32809
-5.34057
-5.34948
-5.34923
-5.34392
-5.334
-5.31931
-5.30246
-5.28628
-5.27142
-5.25881
-5.24803
-5.24022
-5.23456
-5.23341
-5.23467
-5.23644
-5.2377
-5.23939
-5.24026
-5.2398
-5.23784
-5.2336
-5.22623
-5.21625
-5.20413
-5.19183
-5.18128
-5.1729
-5.16747
-5.16803
-5.17467
-5.18545
-5.19947
-5.21443
-5.22739
-5.23569
-5.23836
-5.2351
-5.22519
-5.21231
-5.19644
-5.18051
-5.16581
-5.15458
-5.14788
-5.1459
-5.14844
-5.15271
-5.15799
-5.16372
-5.16932
-5.17238
-5.17309
-5.17421
-5.17417
-5.17751
-5.18313
-5.19313
-5.20536
-5.21863
-5.23038
-5.23794
-5.24006
-5.23689
-5.22854
-5.21838
-5.20671
-5.19652
-5.18813
-5.18333
-5.18359
-5.18825
-5.19539
-5.20577
-5.21812
-5.23074
-5.2428
-5.2555
-5.26626
-5.27427
-5.27835
-5.27895
-5.27658
-5.27166
-5.26482
-5.25644
-5.24765
-5.23886
-5.23126
-5.22397
-5.21705
-5.20808
-5.1959
-5.18037
-5.16232
-5.14591
-5.13475
-5.13253
-5.14049
-5.15491
-5.17334
-5.18886
-5.19944
-5.20506
-5.20613
-5.20456
-5.2021
-5.20195
-5.20533
-5.2107
-5.22084
-5.23366
-5.24814
-5.26123
-5.27558
-5.28556
-5.29152
-5.29178
-5.28657
-5.27696
-5.2643
-5.25154
-5.24153
-5.2338
-5.22951
-5.22736
-5.22887
-5.23317
-5.23941
-5.24669
-5.25323
-5.25965
-5.26475
-5.26466
-5.26097
-5.25448
-5.24653
-5.23896
-5.23362
-5.22858
-5.22435
-5.22135
-5.21882
-5.21631
-5.21386
-5.21123
-5.2092
-5.20852
-5.20984
-5.21247
-5.2169
-5.22146
-5.22481
-5.22548
-5.22502
-5.22292
-5.21907
-5.21611
-5.21496
-5.2167
-5.22174
-5.22859
-5.23753
-5.24756
-5.25684
-5.26546
-5.2734
-5.28153
-5.29166
-5.30339
-5.31865
-5.33203
-5.34329
-5.35004
-5.351
-5.34433
-5.33237
-5.31648
-5.29931
-5.28034
-5.26021
-5.23935
-5.22023
-5.20272
-5.18805
-5.17718
-5.16976
-5.16675
-5.16747
-5.17313
-5.18237
-5.19288
-5.2061
-5.21661
-5.22499
-5.23248
-5.23828
-5.24359
-5.24781
-5.25103
-5.25516
-5.2581
-5.26275
-5.26805
-5.27167
-5.27422
-5.27345
-5.26885
-5.25876
-5.24693
-5.23574
-5.2315
-5.2351
-5.24622
-5.2586
-5.26788
-5.2727
-5.27156
-5.26525
-5.25541
-5.24282
-5.22831
-5.2156
-5.2048
-5.19791
-5.19459
-5.19496
-5.19733
-5.20184
-5.20804
-5.21681
-5.22691
-5.24029
-5.25351
-5.26432
-5.26607
-5.26044
-5.24564
-5.2233
-5.1974
-5.1702
-5.14391
-5.12102
-5.10432
-5.09398
-5.09058
-5.09464
-5.10365
-5.11718
-5.13446
-5.15397
-5.17525
-5.1962
-5.21663
-5.23331
-5.24717
-5.25569
-5.25995
-5.26169
-5.26078
-5.25802
-5.2544
-5.25173
-5.25053
-5.25189
-5.25359
-5.25386
-5.25065
-5.24375
-5.23305
-5.22248
-5.21263
-5.20666
-5.20364
-5.20267
-5.20125
-5.19699
-5.19153
-5.18435
-5.17649
-5.16911
-5.16268
-5.15754
-5.1536
-5.15206
-5.1542
-5.16103
-5.17177
-5.18533
-5.19862
-5.21281
-5.22642
-5.23807
-5.25095
-5.2646
-5.27848
-5.29048
-5.30199
-5.3097
-5.31461
-5.31501
-5.30948
-5.29743
-5.28252
-5.26465
-5.24583
-5.22747
-5.20576
-5.18349
-5.1608
-5.14446
-5.13627
-5.13705
-5.14729
-5.16248
-5.17901
-5.19588
-5.21077
-5.22231
-5.23313
-5.24183
-5.24879
-5.25115
-5.25012
-5.24365
-5.23334
-5.21932
-5.20307
-5.18685
-5.17327
-5.16458
-5.16224
-5.16499
-5.16907
-5.17066
-5.17066
-5.1653
-5.15451
-5.13855
-5.11986
-5.10147
-5.08462
-5.07185
-5.06363
-5.05773
-5.05359
-5.0514
-5.05225
-5.05791
-5.06739
-5.07709
-5.08549
-5.08953
-5.0871
-5.0776
-5.06324
-5.04554
-5.02672
-5.00936
-4.99596
-4.98972
-4.98851
-4.99349
-5.00573
-5.02358
-5.04097
-5.05727
-5.06916
-5.07444
-5.07121
-5.0595
-5.04152
-5.01879
-4.99589
-4.9788
-4.96647
-4.95985
-4.95799
-4.96099
-4.96869
-4.97907
-4.99066
-5.00319
-5.01272
-5.01803
-5.01835
-5.01143
-4.99999
-4.98691
-4.97452
-4.96567
-4.96447
-4.97024
-4.98182
-4.99732
-5.01248
-5.02086
-5.01911
-5.0083
-4.98757
-4.96033
-4.93122
-4.90456
-4.88366
-4.87123
-4.86848
-4.87717
-4.89312
-4.9142
-4.93521
-4.95086
-4.95754
-4.95441
-4.94601
-4.93514
-4.92448
-4.91598
-4.90857
-4.9015
-4.89706
-4.89805
-4.9072
-4.92354
-4.94578
-4.97091
-4.99603
-5.01849
-5.0331
-5.04047
-5.04349
-5.04424
-5.04494
-5.04582
-5.04657
-5.04488
-5.04097
-5.03485
-5.02925
-5.02577
-5.02612
-5.03067
-5.04039
-5.05566
-5.07532
-5.09944
-5.12341
-5.14573
-5.16266
-5.17457
-5.17957
-5.17751
-5.17014
-5.15778
-5.14296
-5.1264
-5.1094
-5.09189
-5.07465
-5.06012
-5.04913
-5.04241
-5.04115
-5.04803
-5.06246
-5.08147
-5.10566
-5.13011
-5.15226
-5.16982
-5.18157
-5.18792
-5.185
-5.17636
-5.16333
-5.14794
-5.13151
-5.11842
-5.10695
-5.09767
-5.0919
-5.09143
-5.09672
-5.10833
-5.12688
-5.15055
-5.17667
-5.20111
-5.22073
-5.23389
-5.23709
-5.2306
-5.21458
-5.18913
-5.15716
-5.12133
-5.084
-5.04992
-5.02094
-4.9999
-4.99055
-4.99017
-4.99745
-5.00577
-5.0111
-5.00888
-4.99917
-4.98203
-4.95503
-4.92303
-4.88879
-4.85797
-4.83702
-4.8302
-4.83769
-4.85463
-4.87227
-4.89005
-4.9042
-4.91219
-4.9172
-4.91976
-4.92053
-4.92058
-4.92424
-4.93177
-4.94322
-4.96058
-4.98122
-5.00601
-5.03028
-5.05337
-5.07357
-5.08991
-5.10074
-5.10717
-5.10947
-5.10993
-5.10755
-5.1048
-5.10357
-5.10329
-5.10806
-5.11536
-5.12368
-5.1301
-5.1314
-5.12538
-5.11552
-5.10077
-5.08479
-5.07005
-5.05921
-5.05454
-5.05725
-5.0654
-5.0775
-5.09279
-5.10847
-5.12247
-5.13363
-5.14295
-5.15142
-5.16002
-5.16981
-5.18058
-5.18749
-5.18702
-5.17909
-5.16665
-5.15078
-5.13622
-5.12368
-5.11455
-5.10781
-5.1016
-5.09584
-5.08897
-5.07814
-5.06305
-5.04456
-5.02449
-5.00482
-4.98781
-4.97625
-4.97011
-4.97185
-4.9786
-4.98915
-4.99995
-5.01271
-5.02483
-5.03685
-5.04691
-5.05828
-5.06866
-5.07964
-5.08928
-5.09688
-5.10396
-5.11011
-5.11416
-5.11694
-5.11836
-5.11588
-5.10843
-5.09392
-5.07233
-5.04611
-5.01908
-4.99844
-4.98686
-4.98852
-5.00219
-5.02374
-5.0494
-5.07438
-5.09437
-5.10856
-5.12164
-5.13354
-5.14444
-5.15433
-5.1618
-5.16343
-5.15863
-5.14747
-5.13283
-5.12148
-5.11513
-5.11658
-5.1218
-5.13012
-5.13597
-5.13806
-5.1361
-5.13167
-5.12571
-5.12135
-5.12186
-5.12729
-5.13891
-5.15442
-5.17307
-5.18998
-5.20245
-5.20893
-5.20695
-5.19681
-5.17981
-5.15794
-5.13404
-5.11082
-5.08825
-5.06805
-5.04911
-5.03278
-5.01614
-5.00085
-4.98682
-4.97275
-4.95941
-4.94882
-4.94126
-4.93771
-4.93411
-4.93306
-4.9338
-4.93625
-4.94303
-4.9533
-4.97024
-4.99021
-5.00995
-5.02659
-5.03858
-5.04436
-5.04469
-5.04239
-5.03963
-5.03891
-5.04229
-5.04993
-5.06197
-5.07623
-5.08934
-5.0976
-5.09921
-5.09248
-5.07897
-5.06161
-5.04376
-5.02286
-5.00084
-4.97807
-4.95596
-4.93989
-4.93038
-4.9295
-4.93787
-4.95187
-4.96872
-4.98492
-4.99925
-5.01067
-5.0196
-5.02781
-5.03557
-5.04151
-5.04404
-5.04156
-5.03722
-5.03391
-5.03381
-5.04056
-5.05365
-5.0713
-5.09145
-5.11061
-5.12643
-5.13684
-5.1418
-5.14155
-5.13668
-5.12639
-5.11295
-5.09741
-5.08092
-5.06521
-5.05156
-5.04126
-5.03245
-5.02669
-5.02267
-5.01959
-5.01538
-5.01065
-5.00652
-5.00345
-5.00356
-5.00484
-5.00967
-5.01615
-5.02825
-5.04455
-5.06245
-5.07966
-5.0937
-5.10258
-5.10495
-5.10193
-5.09521
-5.08913
-5.08683
-5.08915
-5.09775
-5.10902
-5.12347
-5.13643
-5.14915
-5.1602
-5.16903
-5.17606
-5.18037
-5.18256
-5.17993
-5.17101
-5.16056
-5.14554
-5.12853
-5.10662
-5.07887
-5.04861
-5.01846
-4.99492
-4.98006
-4.97433
-4.97637
-4.98491
-4.99583
-5.00589
-5.00996
-5.0078
-5.0018
-5.00073
-5.0112
-5.03454
-5.06127
-5.08381
-5.09719
-5.10392
-5.10359
-5.10056
-5.0962
-5.09177
-5.08694
-5.08201
-5.07625
-5.0673
-5.0562
-5.04639
-5.04205
-5.0461
-5.05867
-5.07285
-5.08819
-5.09914
-5.10644
-5.10738
-5.10568
-5.10088
-5.09285
-5.08625
-5.07892
-5.07063
-5.06353
-5.05938
-5.05702
-5.05693
-5.05939
-5.06376
-5.06875
-5.07403
-5.07826
-5.08113
-5.08141
-5.08139
-5.07984
-5.07661
-5.07273
-5.06621
-5.05913
-5.05198
-5.04481
-5.03899
-5.03517
-5.03491
-5.03972
-5.04683
-5.05841
-5.07183
-5.08919
-5.10814
-5.12745
-5.1471
-5.16509
-5.17928
-5.1864
-5.18701
-5.18328
-5.17576
-5.16664
-5.15754
-5.14796
-5.13828
-5.12833
-5.1174
-5.10581
-5.09555
-5.08708
-5.08333
-5.0834
-5.08627
-5.08982
-5.09261
-5.09232
-5.09059
-5.08772
-5.08191
-5.07595
-5.0692
-5.06211
-5.05434
-5.04926
-5.0449
-5.0392
-5.03342
-5.02631
-5.01871
-5.01382
-5.01486
-5.01914
-5.02921
-5.04331
-5.05973
-5.07828
-5.0979
-5.12009
-5.14262
-5.16633
-5.18722
-5.20518
-5.2201
-5.23123
-5.23832
-5.24025
-5.23966
-5.23514
-5.22611
-5.21196
-5.19228
-5.16941
-5.14291
-5.1166
-5.09204
-5.06915
-5.04987
-5.03463
-5.02302
-5.01595
-5.01593
-5.02239
-5.03374
-5.04865
-5.06687
-5.08341
-5.09673
-5.1034
-5.10622
-5.10486
-5.09874
-5.08935
-5.0791
-5.06961
-5.06336
-5.06071
-5.06242
-5.06398
-5.06468
-5.06474
-5.05996
-5.05027
-5.03837
-5.02603
-5.01495
-5.00862
-5.01105
-5.02228
-5.04082
-5.05996
-5.0753
-5.08102
-5.07488
-5.05529
-5.02387
-4.98437
-4.94726
-4.92351
-4.91938
-4.93199
-4.95576
-4.98371
-5.00938
-5.03016
-5.04558
-5.05388
-5.05608
-5.05416
-5.0472
-5.03756
-5.02693
-5.01688
-5.00844
-5.0031
-5.00106
-4.99994
-5.00049
-5.00176
-5.00135
-4.99927
-4.99738
-4.99075
-4.979
-4.95972
-4.93388
-4.90674
-4.88589
-4.87583
-4.87895
-4.88994
-4.90228
-4.91262
-4.92025
-4.92644
-4.93324
-4.94553
-4.9625
-4.98452
-5.0102
-5.03499
-5.05561
-5.07273
-5.08127
-5.0831
-5.0805
-5.07684
-5.07132
-5.06679
-5.06467
-5.06594
-5.07033
-5.07351
-5.07448
-5.0708
-5.06418
-5.05775
-5.05362
-5.05416
-5.05764
-5.06601
-5.07407
-5.08299
-5.09254
-5.1032
-5.11485
-5.12775
-5.13889
-5.14955
-5.15708
-5.16034
-5.15844
-5.15116
-5.1367
-5.11463
-5.08657
-5.05356
-5.01898
-4.98588
-4.95817
-4.94266
-4.94318
-4.96001
-4.98996
-5.02496
-5.057
-5.08133
-5.09317
-5.09378
-5.08555
-5.07061
-5.04936
-5.0214
-4.99171
-4.96583
-4.95167
-4.95015
-4.96093
-4.97926
-4.99865
-5.01399
-5.02331
-5.02518
-5.01928
-5.00741
-4.9917
-4.976
-4.96479
-4.95792
-4.95787
-4.96338
-4.97209
-4.98156
-4.98871
-4.99403
-5.00221
-5.01532
-5.03662
-5.06873
-5.1064
-5.14467
-5.18022
-5.20812
-5.22534
-5.23529
-5.23483
-5.2259
-5.20885
-5.18808
-5.16354
-5.13724
-5.11072
-5.08391
-5.05669
-5.03435
-5.02597
-5.03649
-5.06592
-5.1026
-5.13977
-5.16868
-5.18989
-5.20452
-5.21375
-5.21983
-5.22302
-5.22041
-5.214
-5.20258
-5.18581
-5.16439
-5.13894
-5.11117
-5.08104
-5.05073
-5.02566
-5.0042
-4.98987
-4.9842
-4.98505
-4.99433
-5.00752
-5.0216
-5.03325
-5.03915
-5.04113
-5.03626
-5.02929
-5.01918
-5.00903
-5.00064
-4.99117
-4.98437
-4.98108
-4.97861
-4.98053
-4.98346
-4.98616
-4.98962
-4.99469
-5.00008
-5.00782
-5.01707
-5.02644
-5.03576
-5.04585
-5.05816
-5.0709
-5.08178
-5.08891
-5.09058
-5.0863
-5.0772
-5.06407
-5.0505
-5.03728
-5.02804
-5.02371
-5.02694
-5.03533
-5.048
-5.05851
-5.06804
-5.07595
-5.08322
-5.09066
-5.09944
-5.1113
-5.12679
-5.144
-5.16058
-5.17557
-5.18849
-5.19966
-5.2101
-5.22221
-5.23698
-5.25096
-5.26338
-5.26979
-5.26818
-5.25819
-5.24068
-5.21869
-5.19458
-5.16948
-5.14431
-5.12235
-5.10419
-5.08956
-5.07487
-5.0605
-5.04314
-5.02175
-5.00008
-4.98158
-4.96956
-4.96739
-4.9756
-4.99135
-5.00972
-5.03097
-5.04988
-5.06616
-5.07868
-5.08593
-5.08816
-5.08516
-5.07934
-5.07315
-5.06562
-5.06174
-5.05706
-5.05053
-5.04434
-5.04208
-5.04866
-5.06449
-5.08561
-5.10693
-5.12449
-5.13398
-5.13579
-5.1281
-5.11375
-5.09467
-5.07492
-5.05673
-5.04217
-5.0329
-5.02513
-5.02308
-5.02395
-5.02663
-5.03315
-5.04224
-5.05429
-5.06636
-5.07869
-5.08945
-5.09805
-5.10211
-5.10112
-5.09185
-5.0774
-5.05468
-5.02476
-4.99192
-4.957
-4.92599
-4.90623
-4.89993
-4.91063
-4.93965
-4.98014
-5.02747
-5.07309
-5.11289
-5.14574
-5.16873
-5.18241
-5.18953
-5.19242
-5.1888
-5.18315
-5.17591
-5.16773
-5.15727
-5.14682
-5.13538
-5.12469
-5.1124
-5.10143
-5.09165
-5.08586
-5.08366
-5.08595
-5.09482
-5.10852
-5.12456
-5.13914
-5.15117
-5.1613
-5.1683
-5.17292
-5.17797
-5.18459
-5.19126
-5.19733
-5.20178
-5.2025
-5.1972
-5.18406
-5.16686
-5.14441
-5.11768
-5.08881
-5.06039
-5.03508
-5.0188
-5.00988
-5.01188
-5.02158
-5.03583
-5.05128
-5.06927
-5.08471
-5.10049
-5.11593
-5.12993
-5.14223
-5.15103
-5.15883
-5.16276
-5.16468
-5.16434
-5.1625
-5.15828
-5.15176
-5.14441
-5.13529
-5.12332
-5.10805
-5.08961
-5.0674
-5.04423
-5.02475
-5.01154
-5.00729
-5.01375
-5.02708
-5.04384
-5.06137
-5.07306
-5.07723
-5.07511
-5.0644
-5.04881
-5.03251
-5.01936
-5.01241
-5.01306
-5.02118
-5.03291
-5.04877
-5.06346
-5.07302
-5.07555
-5.0713
-5.06193
-5.04647
-5.02797
-5.00727
-4.98872
-4.97187
-4.9589
-4.95089
-4.94873
-4.94916
-4.95423
-4.96109
-4.96791
-4.97334
-4.9766
-4.97722
-4.97595
-4.97249
-4.96769
-4.9629
-4.9622
-4.96758
-4.98168
-5.00054
-5.02088
-5.03783
-5.04677
-5.04628
-5.03816
-5.02715
-5.01412
-5.00153
-4.98849
-4.97405
-4.96153
-4.95445
-4.96027
-4.97888
-5.00357
-5.02728
-5.04308
-5.0493
-5.04471
-5.03146
-5.01124
-4.98782
-4.96802
-4.95676
-4.95583
-4.96804
-4.98887
-5.01616
-5.04753
-5.08038
-5.10811
-5.12781
-5.14123
-5.14675
-5.14423
-5.13751
-5.12799
-5.11914
-5.11084
-5.10341
-5.0977
-5.09213
-5.08545
-5.07869
-5.07383
-5.06995
-5.0707
-5.07767
-5.08673
-5.0945
-5.09878
-5.09961
-5.09699
-5.09366
-5.09017
-5.0861
-5.07837
-5.06556
-5.04881
-5.03151
-5.01539
-5.00326
-4.99569
-4.99351
-4.99311
-4.9909
-4.98627
-4.97931
-4.97059
-4.96112
-4.95082
-4.94019
-4.93051
-4.92358
-4.92244
-4.92922
-4.94517
-4.96513
-4.99004
-5.01548
-5.03712
-5.0582
-5.07833
-5.09763
-5.11383
-5.1259
-5.13317
-5.13745
-5.13778
-5.13457
-5.12757
-5.11445
-5.09625
-5.07292
-5.04702
-5.01968
-4.9937
-4.97209
-4.95665
-4.94519
-4.94061
-4.94307
-4.95248
-4.96754
-4.98529
-5.00133
-5.01475
-5.02308
-5.03017
-5.03681
-5.04656
-5.06021
-5.07687
-5.09474
-5.11066
-5.12233
-5.12877
-5.12859
-5.12037
-5.10787
-5.09245
-5.07837
-5.06938
-5.06658
-5.06887
-5.07493
-5.07772
-5.0813
-5.08351
-5.08539
-5.08988
-5.09519
-5.09903
-5.10013
-5.09995
-5.09808
-5.09663
-5.0976
-5.10071
-5.10578
-5.11219
-5.1183
-5.11945
-5.11653
-5.10553
-5.08867
-5.06786
-5.04428
-5.0195
-4.99856
-4.98449
-4.97764
-4.97946
-4.98935
-5.00417
-5.02269
-5.04437
-5.0666
-5.08833
-5.11025
-5.13255
-5.15579
-5.17656
-5.19334
-5.20241
-5.20134
-5.18831
-5.16306
-5.12784
-5.08881
-5.04686
-5.00868
-4.97645
-4.95198
-4.93713
-4.92836
-4.92639
-4.93085
-4.93681
-4.94842
-4.96121
-4.97546
-4.98945
-5.00108
-5.01085
-5.01725
-5.01963
-5.01846
-5.01703
-5.01422
-5.01158
-5.00938
-5.00975
-5.00975
-5.0112
-5.01185
-5.0116
-5.0113
-5.01187
-5.0127
-5.01453
-5.01789
-5.02379
-5.03269
-5.03784
-5.03876
-5.03498
-5.02625
-5.01658
-5.00775
-4.99785
-4.98983
-4.98634
-4.98817
-4.99775
-5.01461
-5.03734
-5.06246
-5.08524
-5.10118
-5.10793
-5.11118
-5.11152
-5.11228
-5.11287
-5.11656
-5.1223
-5.13104
-5.13852
-5.1462
-5.15115
-5.15397
-5.15314
-5.15149
-5.14747
-5.14373
-5.13801
-5.12813
-5.11201
-5.08883
-5.06443
-5.04235
-5.0239
-5.01237
-5.0079
-5.00944
-5.01608
-5.0249
-5.03907
-5.0552
-5.07202
-5.08879
-5.1042
-5.11519
-5.12092
-5.12557
-5.12785
-5.13158
-5.1361
-5.14065
-5.14227
-5.14104
-5.13653
-5.12848
-5.11684
-5.10248
-5.08572
-5.06962
-5.0561
-5.04492
-5.0398
-5.04087
-5.04386
-5.05124
-5.0617
-5.07306
-5.08284
-5.0897
-5.09377
-5.09525
-5.09522
-5.09615
-5.09687
-5.09743
-5.10017
-5.102
-5.10644
-5.11269
-5.11975
-5.12759
-5.13362
-5.13856
-5.14106
-5.14039
-5.13676
-5.13192
-5.12749
-5.12413
-5.12398
-5.12616
-5.12963
-5.13048
-5.13194
-5.12845
-5.12297
-5.11381
-5.10421
-5.09414
-5.08547
-5.08242
-5.08235
-5.08518
-5.09034
-5.09578
-5.09769
-5.09606
-5.08818
-5.07569
-5.06196
-5.05092
-5.04347
-5.04048
-5.04102
-5.04185
-5.04242
-5.04096
-5.037
-5.03129
-5.02227
-5.01396
-5.0075
-5.00089
-4.99647
-4.99608
-4.99855
-5.00362
-5.01158
-5.02068
-5.02737
-5.03215
-5.03122
-5.02727
-5.01785
-5.00531
-4.99304
-4.98377
-4.97817
-4.97214
-4.9665
-4.95855
-4.94664
-4.93273
-4.91744
-4.90142
-4.88772
-4.87549
-4.86726
-4.86515
-4.86926
-4.88062
-4.89904
-4.92128
-4.94618
-4.9703
-4.99516
-5.0199
-5.04323
-5.0664
-5.08648
-5.10139
-5.1118
-5.11481
-5.11379
-5.10903
-5.10229
-5.09322
-5.08367
-5.07479
-5.06798
-5.06287
-5.06019
-5.05804
-5.05607
-5.05426
-5.05043
-5.04573
-5.03928
-5.0306
-5.02128
-5.00966
-4.99614
-4.98116
-4.96658
-4.95143
-4.94043
-4.93217
-4.92895
-4.92805
-4.9302
-4.93507
-4.94189
-4.95039
-4.95719
-4.96422
-4.9687
-4.96923
-4.96667
-4.96266
-4.96244
-4.96885
-4.98098
-4.99257
-5.00014
-5.0027
-5.00035
-4.99574
-4.99114
-4.99093
-4.99468
-5.00412
-5.0165
-5.03081
-5.04385
-5.05589
-5.06631
-5.07497
-5.07992
-5.08192
-5.07787
-5.0682
-5.05341
-5.03434
-5.01355
-4.9937
-4.97471
-4.95861
-4.94549
-4.9348
-4.92565
-4.9215
-4.91925
-4.91747
-4.91816
-4.91804
-4.91983
-4.92506
-4.93274
-4.94282
-4.94997
-4.95179
-4.9429
-4.92701
-4.90786
-4.89051
-4.88127
-4.88443
-4.90182
-4.92924
-4.9641
-4.99669
-5.02412
-5.04107
-5.05011
-5.0549
-5.05696
-5.05664
-5.05389
-5.04961
-5.04595
-5.04327
-5.04415
-5.05022
-5.0629
-5.07891
-5.09713
-5.11288
-5.12459
-5.12952
-5.12846
-5.12235
-5.11033
-5.09502
-5.08263
-5.07477
-5.07418
-5.08223
-5.09511
-5.11025
-5.12101
-5.12468
-5.12164
-5.1106
-5.09109
-5.06598
-5.03658
-5.00469
-4.97219
-4.94146
-4.91597
-4.89659
-4.88369
-4.87559
-4.87171
-4.87176
-4.87793
-4.89048
-4.90762
-4.9292
-4.95374
-4.97934
-5.0039
-5.02502
-5.04184
-5.05333
-5.06102
-5.06447
-5.06764
-5.06962
-5.07236
-5.07646
-5.07958
-5.08109
-5.07799
-5.07082
-5.05945
-5.04611
-5.03637
-5.02889
-5.025
-5.02628
-5.02996
-5.03332
-5.03344
-5.03146
-5.02674
-5.02141
-5.01471
-5.00948
-5.00302
-4.99799
-4.99659
-5.00227
-5.01365
-5.02798
-5.04408
-5.05662
-5.06111
-5.05586
-5.03984
-5.0173
-4.99078
-4.96686
-4.94976
-4.94036
-4.94033
-4.94477
-4.9522
-4.95919
-4.9633
-4.96669
-4.96822
-4.96897
-4.96977
-4.97248
-4.9795
-4.99064
-5.0026
-5.01732
-5.02901
-5.03737
-5.04031
-5.04126
-5.04172
-5.04387
-5.04652
-5.04881
-5.04964
-5.04651
-5.04216
-5.03772
-5.03797
-5.04408
-5.05997
-5.07946
-5.0985
-5.11486
-5.12253
-5.12502
-5.12307
-5.11753
-5.11094
-5.10421
-5.09602
-5.088
-5.079
-5.06999
-5.06135
-5.05262
-5.04428
-5.03649
-5.03024
-5.02324
-5.01816
-5.01393
-5.01166
-5.01458
-5.02233
-5.03295
-5.04633
-5.05696
-5.06793
-5.07823
-5.08946
-5.10453
-5.12186
-5.14033
-5.15678
-5.16801
-5.17096
-5.16285
-5.14512
-5.11629
-5.0819
-5.0448
-5.00836
-4.97657
-4.95012
-4.93154
-4.91885
-4.91161
-4.90516
-4.89962
-4.89432
-4.89094
-4.89028
-4.8956
-4.90786
-4.92562
-4.94646
-4.96717
-4.98553
-5.00227
-5.0177
-5.03313
-5.04655
-5.05924
-5.06938
-5.07612
-5.07407
-5.06565
-5.05214
-5.03686
-5.02459
-5.01812
-5.01814
-5.02445
-5.03414
-5.04699
-5.06249
-5.08374
-5.10658
-5.12776
-5.14556
-5.15641
-5.15706
-5.14765
-5.13201
-5.11055
-5.08672
-5.06123
-5.03353
-5.00456
-4.97799
-4.9553
-4.93772
-4.92594
-4.92451
-4.93533
-4.95776
-4.98735
-5.01515
-5.03669
-5.04847
-5.0499
-5.04376
-5.03371
-5.02058
-5.00885
-4.99616
-4.98577
-4.97589
-4.96826
-4.96387
-4.96279
-4.96604
-4.97437
-4.98949
-5.0106
-5.03573
-5.06254
-5.08989
-5.11381
-5.13388
-5.15228
-5.16682
-5.17871
-5.18805
-5.19483
-5.19737
-5.1974
-5.1955
-5.19095
-5.18542
-5.18053
-5.1778
-5.17729
-5.17573
-5.17509
-5.17223
-5.16453
-5.15294
-5.13827
-5.12041
-5.10338
-5.08588
-5.07022
-5.05588
-5.03995
-5.02491
-5.01104
-4.99844
-4.98872
-4.98508
-4.98795
-4.996
-5.00929
-5.02712
-5.04741
-5.07153
-5.09712
-5.12571
-5.15095
-5.17577
-5.19613
-5.21126
-5.22146
-5.22379
-5.21878
-5.20496
-5.18371
-5.1558
-5.12237
-5.08856
-5.05744
-5.03481
-5.02197
-5.01936
-5.02601
-5.0385
-5.05164
-5.06509
-5.07586
-5.08273
-5.08643
-5.08897
-5.09019
-5.09343
-5.09939
-5.10319
-5.1044
-5.10268
-5.0959
-5.08352
-5.0689
-5.05543
-5.04289
-5.03322
-5.02587
-5.02027
-5.01663
-5.01164
-5.00712
-5.00294
-4.99797
-4.99236
-4.98538
-4.97783
-4.97213
-4.96711
-4.96308
-4.95999
-4.9567
-4.95269
-4.94711
-4.94293
-4.94027
-4.9413
-4.94388
-4.94769
-4.95422
-4.96085
-4.96931
-4.97893
-4.98717
-4.99249
-4.99407
-4.98925
-4.98136
-4.97048
-4.96073
-4.95171
-4.94477
-4.9443
-4.9469
-4.95296
-4.96199
-4.97148
-4.97816
-4.98062
-4.97586
-4.96228
-4.94237
-4.91879
-4.89821
-4.88817
-4.89066
-4.90497
-4.92621
-4.95122
-4.97569
-4.99878
-5.02111
-5.04287
-5.0628
-5.08049
-5.09406
-5.10128
-5.10067
-5.09017
-5.06698
-5.03192
-4.99082
-4.94916
-4.91616
-4.89988
-4.90451
-4.92939
-4.96763
-5.01297
-5.06161
-5.10642
-5.14306
-5.17031
-5.18947
-5.19899
-5.19992
-5.19525
-5.18591
-5.17251
-5.15602
-5.14027
-5.12733
-5.12148
-5.11806
-5.11349
-5.10639
-5.09658
-5.08416
-5.07232
-5.06546
-5.06472
-5.0713
-5.08397
-5.09829
-5.11402
-5.12978
-5.14208
-5.1493
-5.14881
-5.14093
-5.12645
-5.11063
-5.09859
-5.0932
-5.09486
-5.10074
-5.10864
-5.11385
-5.11695
-5.11842
-5.11862
-5.11772
-5.11649
-5.11538
-5.11301
-5.10971
-5.10607
-5.10485
-5.10542
-5.10822
-5.11057
-5.11213
-5.11255
-5.11066
-5.10442
-5.10016
-5.09915
-5.1051
-5.11748
-5.13555
-5.15568
-5.1723
-5.18332
-5.18469
-5.17672
-5.16023
-5.13708
-5.11006
-5.08329
-5.05995
-5.04058
-5.02545
-5.0122
-4.99842
-4.9851
-4.97242
-4.96263
-4.95692
-4.95465
-4.95554
-4.95839
-4.9642
-4.97223
-4.98552
-5.00216
-5.02193
-5.0427
-5.06339
-5.08323
-5.1006
-5.11796
-5.1315
-5.14267
-5.1474
-5.14384
-5.13416
-5.11521
-5.09251
-5.06721
-5.04284
-5.02503
-5.01458
-5.01307
-5.01471
-5.01653
-5.01978
-5.01947
-5.0157
-5.00783
-4.99704
-4.98134
-4.96236
-4.94521
-4.93143
-4.92647
-4.93265
-4.9443
-4.95867
-4.97254
-4.9839
-4.99204
-4.99825
