-5.51428
-5.48846
-5.45569
-5.41802
-5.37885
-5.33986
-5.30138
-5.26667
-5.23717
-5.2114
-5.19207
-5.17848
-5.17029
-5.1658
-5.16641
-5.16929
-5.17293
-5.17505
-5.17412
-5.16726
-5.15642
-5.14318
-5.13123
-5.12117
-5.1152
-5.11551
-5.12022
-5.12845
-5.1366
-5.14396
-5.14953
-5.15236
-5.15034
-5.14408
-5.13609
-5.12401
-5.10987
-5.09688
-5.08619
-5.08233
-5.08761
-5.10377
-5.12949
-5.16111
-5.19415
-5.22626
-5.25493
-5.27751
-5.29388
-5.30558
-5.31017
-5.31134
-5.30932
-5.30525
-5.30336
-5.30049
-5.2999
-5.30151
-5.30416
-5.30721
-5.31248
-5.31937
-5.32656
-5.33391
-5.33963
-5.34455
-5.34771
-5.34932
-5.34796
-5.34345
-5.33546
-5.32338
-5.31011
-5.2961
-5.28391
-5.27559
-5.26906
-5.26324
-5.25601
-5.2486
-5.23971
-5.23498
-5.23427
-5.23995
-5.25256
-5.2701
-5.29052
-5.31235
-5.33368
-5.35108
-5.36586
-5.37402
-5.379
-5.37667
-5.3712
-5.36205
-5.35148
-5.33952
-5.32548
-5.30999
-5.29184
-5.27488
-5.25817
-5.24213
-5.22996
-5.22087
-5.21388
-5.20877
-5.20644
-5.20792
-5.20899
-5.21251
-5.21515
-5.21888
-5.22478
-5.23333
-5.24371
-5.25678
-5.27116
-5.28525
-5.29815
-5.30915
-5.31604
-5.31922
-5.31859
-5.31361
-5.30483
-5.29431
-5.28241
-5.26869
-5.2538
-5.23851
-5.22467
-5.21193
-5.20157
-5.19424
-5.19064
-5.19026
-5.19372
-5.20078
-5.21139
-5.22352
-5.23392
-5.24213
-5.24585
-5.24332
-5.23475
-5.22249
-5.208
-5.19281
-5.18037
-5.17404
-5.17465
-5.18046
-5.19075
-5.20435
-5.21865
-5.23315
-5.24758
-5.26053
-5.27243
-5.28129
-5.28496
-5.2828
-5.27296
-5.25711
-5.23847
-5.21971
-5.20186
-5.18775
-5.18048
-5.17811
-5.18033
-5.18407
-5.18921
-5.1935
-5.19643
-5.19817
-5.19931
-5.1987
-5.19795
-5.19773
-5.19663
-5.19691
-5.19571
-5.19586
-5.19656
-5.20019
-5.20568
-5.21251
-5.22342
-5.23706
-5.25322
-5.27216
-5.29143
-5.30714
-5.31872
-5.32454
-5.32644
-5.3232
-5.31652
-5.30626
-5.29628
-5.28552
-5.27517
-5.2682
-5.26471
-5.2639
-5.26528
-5.26865
-5.27236
-5.27529
-5.27718
-5.27736
-5.27681
-5.27692
-5.27688
-5.2782
-5.28005
-5.28266
-5.28182
-5.27871
-5.27041
-5.25964
-5.24695
-5.23354
-5.22188
-5.2124
-5.20663
-5.20613
-5.20878
-5.216
-5.22875
-5.24707
-5.2688
-5.29426
-5.31804
-5.33831
-5.35543
-5.36574
-5.3691
-5.36367
-5.35352
-5.33851
-5.31895
-5.29839
-5.27869
-5.25764
-5.23689
-5.21903
-5.20281
-5.19003
-5.18036
-5.17508
-5.17545
-5.181
-5.1929
-5.2102
-5.23247
-5.26169
-5.29428
-5.3261
-5.35371
-5.37287
-5.38393
-5.38482
-5.3762
-5.36035
-5.34005
-5.32214
-5.30672
-5.29818
-5.29725
-5.3046
-5.31869
-5.33554
-5.35144
-5.36599
-5.37717
-5.38185
-5.38098
-5.37748
-5.37035
-5.36087
-5.3501
-5.33842
-5.3246
-5.30832
-5.28966
-5.27154
-5.25603
-5.24432
-5.23848
-5.23704
-5.23851
-5.24239
-5.24836
-5.25425
-5.25865
-5.26209
-5.2635
-5.26326
-5.26029
-5.2552
-5.24829
-5.23818
-5.22674
-5.21548
-5.20492
-5.19792
-5.1953
-5.19865
-5.20606
-5.21596
-5.22602
-5.23619
-5.24467
-5.25039
-5.25393
-5.25471
-5.25464
-5.25271
-5.25077
-5.2475
-5.24478
-5.24472
-5.2465
-5.25031
-5.25591
-5.26236
-5.26702
-5.26984
-5.26704
-5.25891
-5.24553
-5.22759
-5.20725
-5.18847
-5.17389
-5.16671
-5.16621
-5.16913
-5.17651
-5.18412
-5.18873
-5.1904
-5.18971
-5.18757
-5.18791
-5.19296
-5.20127
-5.21221
-5.22382
-5.23506
-5.2478
-5.25765
-5.26444
-5.26888
-5.26933
-5.26568
-5.25908
-5.24862
-5.23895
-5.22924
-5.22411
-5.22275
-5.22344
-5.22597
-5.22919
-5.23176
-5.23236
-5.2325
-5.23133
-5.22842
-5.22739
-5.2257
-5.22308
-5.21894
-5.21358
-5.20697
-5.2003
-5.19432
-5.19132
-5.19227
-5.19586
-5.2008
-5.20491
-5.2051
-5.20382
-5.20123
-5.19957
-5.19804
-5.20024
-5.20489
-5.21021
-5.21593
-5.22083
-5.22353
-5.22171
-5.21693
-5.21168
-5.20571
-5.2011
-5.20193
-5.21065
-5.22569
-5.24297
-5.26073
-5.27393
-5.28252
-5.2822
-5.27321
-5.25718
-5.23344
-5.20867
-5.18303
-5.16122
-5.14478
-5.13873
-5.13941
-5.14934
-5.16412
-5.17982
-5.19213
-5.19738
-5.19468
-5.18271
-5.16068
-5.13502
-5.11208
-5.09865
-5.10011
-5.11734
-5.14552
-5.17959
-5.21368
-5.24122
-5.26124
-5.27333
-5.27877
-5.27999
-5.27949
-5.28084
-5.28495
-5.29499
-5.31003
-5.32762
-5.34477
-5.36099
-5.37233
-5.37902
-5.3783
-5.37124
-5.35836
-5.34111
-5.31736
-5.29058
-5.26313
-5.23657
-5.21281
-5.19341
-5.17833
-5.16982
-5.16569
-5.16439
-5.1658
-5.17072
-5.17661
-5.18345
-5.19106
-5.19772
-5.20299
-5.2061
-5.20608
-5.20544
-5.20227
-5.1975
-5.19197
-5.18558
-5.17783
-5.17182
-5.16558
-5.16106
-5.15574
-5.14924
-5.14235
-5.13552
-5.13033
-5.12829
-5.1306
-5.13888
-5.1502
-5.16364
-5.17766
-5.19228
-5.20641
-5.22071
-5.23298
-5.24545
-5.25845
-5.27059
-5.27959
-5.28489
-5.28571
-5.27812
-5.26576
-5.25173
-5.23932
-5.22982
-5.22223
-5.2138
-5.20245
-5.19002
-5.17632
-5.16547
-5.15869
-5.1551
-5.15397
-5.15463
-5.15658
-5.16019
-5.16503
-5.17546
-5.19058
-5.2113
-5.23749
-5.26639
-5.29268
-5.31613
-5.33305
-5.34378
-5.34664
-5.34308
-5.33418
-5.32122
-5.30264
-5.28171
-5.25776
-5.23197
-5.20677
-5.18465
-5.16551
-5.15267
-5.1446
-5.14046
-5.13942
-5.14166
-5.14638
-5.15439
-5.1688
-5.18988
-5.2127
-5.2339
-5.24958
-5.25606
-5.25427
-5.24476
-5.23364
-5.22478
-5.22069
-5.22286
-5.23032
-5.24066
-5.25465
-5.26805
-5.28076
-5.2894
-5.29597
-5.29653
-5.29046
-5.27693
-5.25693
-5.23071
-5.20184
-5.17262
-5.14884
-5.13334
-5.12351
-5.12079
-5.12333
-5.1316
-5.14413
-5.16032
-5.1804
-5.20233
-5.22481
-5.24359
-5.25604
-5.26305
-5.26277
-5.25629
-5.24628
-5.23668
-5.22825
-5.22091
-5.21278
-5.20393
-5.19316
-5.18325
-5.17523
-5.17135
-5.17127
-5.17487
-5.17991
-5.18557
-5.1889
-5.18859
-5.1846
-5.17803
-5.17129
-5.16386
-5.15677
-5.15033
-5.1437
-5.13443
-5.12489
-5.11544
-5.10701
-5.10097
-5.09893
-5.10519
-5.11932
-5.1427
-5.17266
-5.20504
-5.23732
-5.26427
-5.28448
-5.29775
-5.30333
-5.30282
-5.29758
-5.28984
-5.2826
-5.27406
-5.26654
-5.25986
-5.25195
-5.2443
-5.23747
-5.23197
-5.23013
-5.23029
-5.2337
-5.23787
-5.24525
-5.25232
-5.26105
-5.2703
-5.27931
-5.28536
-5.28609
-5.28242
-5.27354
-5.26028
-5.24502
-5.22796
-5.21459
-5.20666
-5.20645
-5.21269
-5.22466
-5.24361
-5.26531
-5.28846
-5.30962
-5.32809
-5.34057
-5.34948
-5.34923
-5.34392
-5.334
-5.31931
-5.30246
-5.28628
-5.27142
-5.25881
-5.24803
-5.24022
-5.23456
-5.23341
-5.23467
-5.23644
-5.2377
-5.23939
-5.24026
-5.2398
-5.23784
-5.2336
-5.22623
-5.21625
-5.20413
-5.19183
-5.18128
-5.1729
-5.16747
-5.16803
-5.17467
-5.18545
-5.19947
-5.21443
-5.22739
-5.23569
-5.23836
-5.2351
-5.22519
-5.21231
-5.19644
-5.18051
-5.16581
-5.15458
-5.14788
-5.1459
-5.14844
-5.15271
-5.15799
-5.16372
-5.16932
-5.17238
-5.17309
-5.17421
-5.17417
-5.17751
-5.18313
-5.19313
-5.20536
-5.21863
-5.23038
-5.23794
-5.24006
-5.23689
-5.22854
-5.21838
-5.20671
-5.19652
-5.18813
-5.18333
-5.18359
-5.18825
-5.19539
-5.20577
-5.21812
-5.23074
-5.2428
-5.2555
-5.26626
-5.27427
-5.27835
-5.27895
-5.27658
-5.27166
-5.26482
-5.25644
-5.24765
-5.23886
-5.23126
-5.22397
-5.21705
-5.20808
-5.1959
-5.18037
-5.16232
-5.14591
-5.13475
-5.13253
-5.14049
-5.15491
-5.17334
-5.18886
-5.19944
-5.20506
-5.20613
-5.20456
-5.2021
-5.20195
-5.20533
-5.2107
-5.22084
-5.23366
-5.24814
-5.26123
-5.27558
-5.28556
-5.29152
-5.29178
-5.28657
-5.27696
-5.2643
-5.25154
-5.24153
-5.2338
-5.22951
-5.22736
-5.22887
-5.23317
-5.23941
-5.24669
-5.25323
-5.25965
-5.26475
-5.26466
-5.26097
-5.25448
-5.24653
-5.23896
-5.23362
-5.22858
-5.22435
-5.22135
-5.21882
-5.21631
-5.21386
-5.21123
-5.2092
-5.20852
-5.20984
-5.21247
-5.2169
-5.22146
-5.22481
-5.22548
-5.22502
-5.22292
-5.21907
-5.21611
-5.21496
-5.2167
-5.22174
-5.22859
-5.23753
-5.24756
-5.25684
-5.26546
-5.2734
-5.28153
-5.29166
-5.30339
-5.31865
-5.33203
-5.34329
-5.35004
-5.351
-5.34433
-5.33237
-5.31648
-5.29931
-5.28034
-5.26021
-5.23935
-5.22023
-5.20272
-5.18805
-5.17718
-5.16976
-5.16675
-5.16747
-5.17313
-5.18237
-5.19288
-5.2061
-5.21661
-5.22499
-5.23248
-5.23828
-5.24359
-5.24781
-5.25103
-5.25516
-5.2581
-5.26275
-5.26805
-5.27167
-5.27422
-5.27345
-5.26885
-5.25876
-5.24693
-5.23574
-5.2315
-5.2351
-5.24622
-5.2586
-5.26788
-5.2727
-5.27156
-5.26525
-5.25541
-5.24282
-5.22831
-5.2156
-5.2048
-5.19791
-5.19459
-5.19496
-5.19733
-5.20184
-5.20804
-5.21681
-5.22691
-5.24029
-5.25351
-5.26432
-5.26607
-5.26044
-5.24564
-5.2233
-5.1974
-5.1702
-5.14391
-5.12102
-5.10432
-5.09398
-5.09058
-5.09464
-5.10365
-5.11718
-5.13446
-5.15397
-5.17525
-5.1962
-5.21663
-5.23331
-5.24717
-5.25569
-5.25995
-5.26169
-5.26078
-5.25802
-5.2544
-5.25173
-5.25053
-5.25189
-5.25359
-5.25386
-5.25065
-5.24375
-5.23305
-5.22248
-5.21263
-5.20666
-5.20364
-5.20267
-5.20125
-5.19699
-5.19153
-5.18435
-5.17649
-5.16911
-5.16268
-5.15754
-5.1536
-5.15206
-5.1542
-5.16103
-5.17177
-5.18533
-5.19862
-5.21281
-5.22642
-5.23807
-5.25095
-5.2646
-5.27848
-5.29048
-5.30199
-5.3097
-5.31461
-5.31501
-5.30948
-5.29743
-5.28252
-5.26465
-5.24583
-5.22747
-5.20576
-5.18349
-5.1608
-5.14446
-5.13627
-5.13705
-5.14729
-5.16248
-5.17901
-5.19588
-5.21077
-5.22231
-5.23313
-5.24183
-5.24879
-5.25115
-5.25012
-5.24365
-5.23334
-5.21932
-5.20307
-5.18685
-5.17327
-5.16458
-5.16224
-5.16499
-6.3632
-6.3585
-6.35041
-6.3385
-6.32103
-6.29667
-6.26695
-6.22967
-6.18575
-6.1326
-6.0703
-5.9979
-5.91932
-5.83509
-5.74715
-5.66356
-5.58679
-5.52223
-5.47127
-5.4365
-5.41684
-5.4114
-5.41635
-5.42967
-5.44711
-5.46593
-5.48527
-5.50291
-5.51837
-5.5313
-5.54214
-5.55219
-5.56039
-5.56761
-5.57318
-5.57843
-5.58173
-5.58315
-5.58361
-5.58318
-5.58185
-5.58196
-5.58357
-5.58538
-5.58924
-5.59447
-5.5999
-5.60556
-5.60857
-5.6124
-5.6136
-5.61436
-5.61381
-5.61259
-5.61142
-5.61089
-5.61116
-5.61225
-5.61447
-5.61741
-5.62046
-5.62347
-5.62597
-5.62901
-5.6295
-5.62826
-5.62494
-5.62081
-5.61537
-5.61033
-5.60676
-5.60494
-5.60345
-5.60161
-5.59878
-5.59324
-5.58642
-5.57961
-5.5742
-5.57114
-5.56939
-5.57198
-5.57812
-5.58849
-5.60067
-5.61449
-5.62775
-5.6416
-5.65443
-5.66572
-5.67415
-5.68135
-5.68536
-5.68652
-5.68494
-5.68149
-5.67504
-5.66767
-5.65647
-5.64423
-5.63115
-5.61678
-5.60139
-5.58623
-5.57177
-5.55836
-5.54681
-5.53828
-5.53233
-5.5286
-5.52755
-5.52836
-5.53117
-5.53514
-5.54192
-5.55026
-5.56245
-5.57593
-5.59142
-5.60842
-5.62566
-5.64218
-5.65566
-5.66657
-5.67369
-5.67731
-5.67685
-5.67176
-5.66301
-5.65209
-5.6391
-5.62465
-5.61075
-5.59655
-5.58352
-5.57149
-5.56087
-5.55305
-5.54851
-5.54816
-5.5516
-5.55836
-5.56929
-5.58378
-5.59939
-5.61617
-5.63319
-5.64751
-5.65813
-5.66619
-5.66995
-5.67119
-5.66863
-5.66446
-5.65665
-5.64671
-5.63568
-5.62405
-5.61231
-5.59982
-5.58733
-5.57622
-5.56557
-5.55781
-5.55296
-5.55218
-5.55516
-5.56075
-5.56827
-5.57744
-5.58461
-5.59104
-5.59526
-5.59576
-5.59352
-5.58853
-5.58055
-5.57037
-5.55814
-5.54524
-5.53471
-5.52519
-5.52038
-5.52044
-5.52484
-5.53481
-5.54844
-5.5632
-5.57736
-5.59245
-5.60389
-5.61248
-5.6166
-5.61759
-5.6155
-5.60963
-5.60172
-5.59216
-5.58329
-5.57453
-5.56783
-5.56265
-5.56093
-5.561
-5.56356
-5.56791
-5.57386
-5.58079
-5.5876
-5.59312
-5.59719
-5.5994
-5.59967
-5.59707
-5.59288
-5.58672
-5.57832
-5.57039
-5.56245
-5.55589
-5.55146
-5.54973
-5.55045
-5.55154
-5.55407
-5.55703
-5.55911
-5.56206
-5.56385
-5.56497
-5.56592
-5.56642
-5.56756
-5.56804
-5.56787
-5.56737
-5.56545
-5.56338
-5.56091
-5.5572
-5.55313
-5.54952
-5.54744
-5.5475
-5.55131
-5.55762
-5.56648
-5.5774
-5.5887
-5.60079
-5.61197
-5.62224
-5.63034
-5.63573
-5.63796
-5.63692
-5.63363
-5.62706
-5.61919
-5.60999
-5.59932
-5.58902
-5.5794
-5.56962
-5.56159
-5.55481
-5.55009
-5.54715
-5.54451
-5.5426
-5.54171
-5.54193
-5.54196
-5.54275
-5.54366
-5.54549
-5.54652
-5.54917
-5.55245
-5.55632
-5.55924
-5.56207
-5.56303
-5.56116
-5.55924
-5.55716
-5.55295
-5.54975
-5.54806
-5.54794
-5.548
-5.54823
-5.54818
-5.54871
-5.54801
-5.54614
-5.5447
-5.54484
-5.54408
-5.5449
-5.54644
-5.54822
-5.55048
-5.5522
-5.55233
-5.55116
-5.54831
-5.54659
-5.54522
-5.5444
-5.5427
-5.53982
-5.53671
-5.53293
-5.52828
-5.52481
-5.52181
-5.51943
-5.5177
-5.51742
-5.51692
-5.51913
-5.52235
-5.52814
-5.53425
-5.54033
-5.54627
-5.55163
-5.5545
-5.5562
-5.55695
-5.55476
-5.55082
-5.54591
-5.53932
-5.53133
-5.5223
-5.51439
-5.50792
-5.50195
-5.4991
-5.49812
-5.49792
-5.50003
-5.50333
-5.5078
-5.51454
-5.52216
-5.53006
-5.53806
-5.54548
-5.55266
-5.55864
-5.56502
-5.56889
-5.57086
-5.5717
-5.56983
-5.56471
-5.5571
-5.54636
-5.53315
-5.51878
-5.50455
-5.49238
-5.48285
-5.4769
-5.47495
-5.47686
-5.48419
-5.49369
-5.50496
-5.51788
-5.53037
-5.54374
-5.55438
-5.56367
-5.56952
-5.5721
-5.57187
-5.57101
-5.56804
-5.56259
-5.55721
-5.55176
-5.54575
-5.5412
-5.53741
-5.53682
-5.53735
-5.53916
-5.54213
-5.54702
-5.55383
-5.56229
-5.56976
-5.57786
-5.58435
-5.58898
-5.59149
-5.59282
-5.59187
-5.59031
-5.58773
-5.58533
-5.58152
-5.57796
-5.57421
-5.57084
-5.56645
-5.56232
-5.55761
-5.55404
-5.54975
-5.54545
-5.54279
-5.54066
-5.53995
-5.54088
-5.54304
-5.54454
-5.54745
-5.55035
-5.55174
-5.55402
-5.55638
-5.55756
-5.55948
-5.56076
-5.56189
-5.56213
-5.56235
-5.56342
-5.56487
-5.56702
-5.56948
-5.57369
-5.57825
-5.58208
-5.58586
-5.58745
-5.58898
-5.58768
-5.58531
-5.57991
-5.57218
-5.564
-5.55524
-5.54578
-5.53872
-5.53262
-5.53093
-5.53233
-5.5356
-5.54065
-5.54781
-5.55744
-5.56703
-5.57676
-5.58622
-5.59533
-5.60419
-5.61126
-5.61794
-5.62221
-5.62488
-5.62689
-5.62657
-5.62487
-5.62052
-5.6163
-5.61158
-5.60585
-5.59917
-5.59181
-5.58475
-5.57757
-5.571
-5.56532
-5.56031
-5.55738
-5.55607
-5.55537
-5.55505
-5.55563
-5.5563
-5.55655
-5.55666
-5.55716
-5.55778
-5.55951
-5.56109
-5.56331
-5.56692
-5.57058
-5.57517
-5.58114
-5.58642
-5.59145
-5.5963
-5.59913
-5.60019
-5.6003
-5.599
-5.59675
-5.59317
-5.58813
-5.58148
-5.57398
-5.56596
-5.55733
-5.5458
-5.53419
-5.52159
-5.50956
-5.49797
-5.48915
-5.48251
-5.47844
-5.47639
-5.47743
-5.47816
-5.48111
-5.48356
-5.48664
-5.4913
-5.49726
-5.50395
-5.51166
-5.521
-5.53216
-5.54423
-5.55741
-5.57142
-5.58532
-5.59866
-5.60963
-5.62006
-5.62802
-5.6329
-5.63493
-5.63451
-5.63104
-5.62539
-5.6164
-5.60772
-5.59811
-5.58998
-5.58399
-5.5778
-5.57403
-5.57164
-5.57193
-5.57317
-5.57409
-5.57549
-5.57716
-5.57862
-5.57954
-5.57989
-5.57957
-5.57749
-5.57335
-5.56644
-5.55825
-5.54939
-5.54035
-5.53147
-5.5255
-5.52216
-5.52262
-5.52543
-5.53123
-5.539
-5.54661
-5.55549
-5.56317
-5.56869
-5.57436
-5.57769
-5.57872
-5.57787
-5.57661
-5.57241
-5.56818
-5.56469
-5.56114
-5.55851
-5.55627
-5.55437
-5.55316
-5.55275
-5.55099
-5.54936
-5.54797
-5.54701
-5.54792
-5.55031
-5.55555
-5.56413
-5.57227
-5.58053
-5.58811
-5.59435
-5.59677
-5.59551
-5.59177
-5.58582
-5.57765
-5.57018
-5.56325
-5.55808
-5.55323
-5.55074
-5.5499
-5.55157
-5.55526
-5.56039
-5.56745
-5.57537
-5.5823
-5.58925
-5.59464
-5.59875
-5.6027
-5.60396
-5.60578
-5.60782
-5.60925
-5.61188
-5.61426
-5.61674
-5.61944
-5.62343
-5.62741
-5.62949
-5.63134
-5.63155
-5.63041
-5.62653
-5.6214
-5.61383
-5.60517
-5.59405
-5.58073
-5.56769
-5.55489
-5.54341
-5.5346
-5.528
-5.52475
-5.52429
-5.52706
-5.5309
-5.5367
-5.54224
-5.54791
-5.55199
-5.55392
-5.55348
-5.55061
-5.5459
-5.53968
-5.53105
-5.52163
-5.5119
-5.50368
-5.49788
-5.49209
-5.48793
-5.48606
-5.48472
-5.48457
-5.48333
-5.48133
-5.47949
-5.47739
-5.47754
-5.47903
-5.48156
-5.48613
-5.4931
-5.50188
-5.51134
-5.5204
-5.52912
-5.53562
-5.54001
-5.54098
-5.53926
-5.53388
-5.52834
-5.52066
-5.51286
-5.50585
-5.49954
-5.4957
-5.49294
-5.49188
-5.49449
-5.49813
-5.50476
-5.51272
-5.52182
-5.53152
-5.54097
-5.5488
-5.55505
-5.55921
-5.56141
-5.56205
-5.56039
-5.55812
-5.55547
-5.55123
-5.54776
-5.54413
-5.53953
-5.5349
-5.53021
-5.52505
-5.51805
-5.5121
-5.50748
-5.50593
-5.50541
-5.50889
-5.5139
-5.52267
-5.5335
-5.54482
-5.55598
-5.56672
-5.57497
-5.58004
-5.58184
-5.57994
-5.57419
-5.56524
-5.55068
-5.53526
-5.51724
-5.49838
-5.47905
-5.4604
-5.44498
-5.43342
-5.42617
-5.42458
-5.42902
-5.4381
-5.45244
-5.47036
-5.48998
-5.50854
-5.52403
-5.53821
-5.54837
-5.55512
-5.55766
-5.55852
-5.55556
-5.55093
-5.54522
-5.53925
-5.53395
-5.5303
-5.52789
-5.52748
-5.53002
-5.53493
-5.54275
-5.55162
-5.56222
-5.5738
-5.58595
-5.59615
-5.60704
-5.61374
-5.61652
-5.61716
-5.61485
-5.60963
-5.60318
-5.59684
-5.5905
-5.58477
-5.58148
-5.57926
-5.57873
-5.57961
-5.58048
-5.58076
-5.58098
-5.58092
-5.58183
-5.58273
-5.58381
-5.58316
-5.58218
-5.5794
-5.57499
-5.56961
-5.564
-5.55965
-5.55629
-5.55474
-5.55453
-5.55833
-5.56365
-5.57218
-5.58159
-5.59182
-5.60234
-5.61117
-5.61836
-5.62307
-5.62477
-5.62397
-5.61853
-5.6107
-5.59984
-5.58745
-5.57342
-5.5596
-5.54643
-5.53478
-5.52598
-5.51918
-5.51522
-5.51313
-5.51204
-5.51086
-5.50955
-5.50835
-5.50531
-5.50335
-5.50156
-5.49935
-5.49709
-5.49668
-5.4956
-5.49485
-5.49441
-5.49282
-5.48983
-5.48775
-5.48541
-5.48281
-5.4802
-5.4793
-5.47933
-5.48059
-5.48282
-5.48678
-5.49133
-5.4972
-5.50265
-5.50939
-5.51608
-5.52125
-5.52519
-5.5262
-5.52519
-5.52235
-5.51661
-5.51087
-5.5067
-5.50486
-5.50495
-5.50797
-5.51415
-5.52176
-5.53092
-5.53993
-5.54829
-5.55508
-5.56018
-5.56294
-5.56306
-5.55966
-5.55275
-5.5433
-5.52981
-5.51501
-5.49881
-5.48257
-5.46582
-5.45015
-5.43758
-5.42757
-5.41978
-5.41452
-5.41119
-5.40925
-5.40907
-5.40987
-5.41182
-5.41477
-5.41819
-5.4235
-5.43022
-5.43794
-5.44722
-5.45621
-5.46559
-5.47459
-5.48213
-5.48848
-5.49381
-5.49815
-5.50252
-5.50651
-5.51011
-5.51359
-5.51639
-5.51818
-5.52009
-5.52095
-5.52247
-5.52235
-5.52206
-5.52306
-5.52386
-5.52513
-5.52485
-5.52303
-5.52064
-5.51636
-5.51069
-5.50452
-5.49866
-5.4932
-5.49017
-5.4878
-5.4874
-5.48876
-5.49209
-5.49647
-5.50242
-5.50836
-5.51427
-5.52061
-5.52523
-5.53009
-5.53511
-5.53907
-5.54257
-5.54505
-5.54751
-5.54832
-5.5477
-5.54607
-5.54313
-5.53822
-5.53149
-5.52333
-5.51375
-5.50445
-5.49525
-5.48723
-5.47995
-5.47528
-5.47145
-5.46825
-5.46471
-5.46293
-5.45981
-5.4566
-5.45169
-5.44743
-5.44428
-5.44327
-5.4447
-5.44794
-5.45346
-5.4571
-5.45889
-5.45802
-5.45556
-5.45103
-5.44668
-5.4436
-5.44263
-5.44782
-5.45698
-5.46935
-5.48299
-5.4968
-5.50995
-5.52227
-5.5325
-5.54101
-5.54863
-5.55272
-5.55442
-5.55191
-5.54775
-5.54213
-5.53304
