-6.64821
-6.64042
-6.62276
-6.60952
-6.59759
-6.58714
-6.58155
-6.57803
-6.57729
-6.5773
-6.5772
-6.5783
-6.57992
-6.5808
-6.58335
-6.58394
-6.58426
-6.58246
-6.58226
-6.58184
-6.57906
-6.57824
-6.58008
-6.58044
-6.57933
-6.57807
-6.5773
-6.57895
-6.58106
-6.58228
-6.58419
-6.58353
-6.5822
-6.58341
-6.58131
-6.58107
-6.58206
-6.58266
-6.58159
-6.58047
-6.58159
-6.58203
-6.58309
-6.58542
-6.58547
-6.58518
-6.58394
-6.58404
-6.58487
-6.58583
-6.5853
-6.58264
-6.58236
-6.58281
-6.58489
-6.58627
-6.5895
-6.58644
-6.58744
-6.58765
-6.58773
-6.58805
-6.58573
-6.58435
-6.58397
-6.58526
-6.5834
-6.58293
-6.58126
-6.58033
-6.58203
-6.58051
-6.58028
-6.58166
-6.58143
-6.57994
-6.58078
-6.58137
-6.58102
-6.58292
-6.58343
-6.58284
-6.58504
-6.5833
-6.58511
-6.58374
-6.58403
-6.58402
-6.58497
-6.58328
-6.58411
-6.58362
-6.58245
-6.58032
-6.5818
-6.58139
-6.58005
-6.58265
-6.58141
-6.58442
-6.58197
-6.58247
-6.58172
-6.58131
-6.58059
-6.58115
-6.58004
-6.58082
-6.58057
-6.58089
-6.58149
-6.58239
-6.58456
-6.58349
-6.58499
-6.58421
-6.5834
-6.58646
-6.58626
-6.58606
-6.5862
-6.58542
-6.58597
-6.58627
-6.58728
-6.58672
-6.58554
-6.58469
-6.5835
-6.58391
-6.58363
-6.58462
-6.58332
-6.58363
-6.58364
-6.58303
-6.58216
-6.58069
-6.5799
-6.58331
-6.58377
-6.5851
-6.58471
-6.58325
-6.58332
-6.58368
-6.58244
-6.58449
-6.58436
-6.584
-6.58372
-6.58444
-6.5829
-6.58228
-6.58162
-6.57866
-6.57734
-6.57703
-6.5752
-6.57703
-6.57669
-6.57803
-6.57711
-6.5781
-6.57771
-6.57916
-6.57922
-6.58015
-6.58132
-6.58179
-6.58093
-6.58263
-6.58432
-6.58535
-6.5854
-6.5861
-6.5852
-6.58498
-6.58576
-6.58495
-6.58288
-6.58407
-6.58367
-6.58555
-6.5823
-6.58169
-6.5805
-6.57938
-6.58059
-6.58216
-6.5844
-6.58629
-6.58816
-6.58836
-6.58756
-6.58899
-6.58716
-6.5866
-6.58601
-6.5854
-6.58443
-6.58248
-6.5847
-6.5853
-6.58492
-6.58391
-6.58485
-6.58547
-6.58609
-6.58475
-6.58531
-6.5881
-6.5876
-6.58836
-6.5865
-6.58559
-6.58628
-6.58698
-6.58546
-6.58434
-6.5833
-6.58138
-6.5818
-6.58326
-6.5838
-6.58437
-6.5853
-6.58497
-6.58368
-6.58367
-6.5849
-6.58474
-6.58642
-6.58574
-6.58529
-6.58703
-6.58743
-6.58748
-6.58623
-6.58597
-6.58543
-6.58431
-6.58457
-6.58329
-6.58304
-6.58091
-6.58141
-6.58194
-6.58088
-6.5808
-6.58332
-6.58258
-6.58243
-6.58448
-6.58418
-6.5851
-6.58435
-6.58226
-6.58276
-6.58262
-6.58314
-6.58139
-6.58352
-6.58368
-6.58382
-6.58166
-6.58112
-6.58191
-6.58274
-6.58203
-6.5814
-6.57953
-6.58127
-6.57915
-6.57897
-6.5794
-6.58403
-6.58507
-6.58513
-6.581
-6.5798
-6.57898
-6.57884
-6.58003
-6.58025
-6.57945
-6.57924
-6.57957
-6.57981
-6.58285
-6.58323
-6.58325
-6.58297
-6.5834
-6.58684
-6.58747
-6.58591
-6.58569
-6.58742
-6.58817
-6.58599
-6.58475
-6.58544
-6.58481
-6.5858
-6.58647
-6.58554
-6.58428
-6.58431
-6.58466
-6.58466
-6.58202
-6.58482
-6.58499
-6.58317
-6.58133
-6.57921
-6.57748
-6.57941
-6.57984
-6.58004
-6.57965
-6.58026
-6.5802
-6.58104
-6.58082
-6.58146
-6.58492
-6.58573
-6.58684
-6.58669
-6.58823
-6.58856
-6.58765
-6.5884
-6.59014
-6.59058
-6.58775
-6.58618
-6.58618
-6.58644
-6.58437
-6.58418
-6.58297
-6.58304
-6.58182
-6.58098
-6.57991
-6.5822
-6.58269
-6.58263
-6.58232
-6.58332
-6.58299
-6.58419
-6.58106
-6.58136
-6.58089
-6.58163
-6.58101
-6.58232
-6.57976
-6.57984
-6.57869
-6.57762
-6.58018
-6.57923
-6.57835
-6.5785
-6.58099
-6.58193
-6.58359
-6.58235
-6.58241
-6.5837
-6.58394
-6.58503
-6.58503
-6.58425
-6.58368
-6.58334
-6.58358
-6.58347
-6.58144
-6.58205
-6.58178
-6.58034
-6.57934
-6.58007
-6.58056
-6.58305
-6.58264
-6.58319
-6.58371
-6.58515
-6.5865
-6.58648
-6.5854
-6.58459
-6.58313
-6.58233
-6.58418
-6.58449
-6.58325
-6.58239
-6.5819
-6.58305
-6.58518
-6.58506
-6.58525
-6.58349
-6.58462
-6.58475
-6.58644
-6.5871
-6.58802
-6.58757
-6.58415
-6.58489
-6.58366
-6.58277
-6.58027
-6.57911
-6.57737
-6.57828
-6.58185
-6.58192
-6.5817
-6.5815
-6.58097
-6.5817
-6.58303
-6.58334
-6.58358
-6.58184
-6.58298
-6.58187
-6.58176
-6.5827
-6.58504
-6.58424
-6.58483
-6.58353
-6.5832
-6.58443
-6.58391
-6.58455
-6.58508
-6.58391
-6.58177
-6.58099
-6.58194
-6.58235
-6.58219
-6.58267
-6.58438
-6.58631
-6.58556
-6.58574
-6.58427
-6.5828
-6.58168
-6.58187
-6.58401
-6.58229
-6.58027
-6.58089
-6.57863
-6.57704
-6.57676
-6.5794
-6.57914
-6.57793
-6.57642
-6.57625
-6.5745
-6.57311
-6.57529
-6.57713
-6.58052
-6.58058
-6.5815
-6.58165
-6.58428
-6.58551
-6.58604
-6.5859
-6.58449
-6.58381
-6.58358
-6.58384
-6.58202
-6.58328
-6.58341
-6.5859
-6.58554
-6.58643
-6.58689
-6.58588
-6.58401
-6.58321
-6.58093
-6.58111
-6.579
-6.57986
-6.58053
-6.58171
-6.57983
-6.58004
-6.58065
-6.58029
-6.58216
-6.58426
-6.58302
-6.58362
-6.58285
-6.58333
-6.58155
-6.58303
-6.58295
-6.58164
-6.58203
-6.58116
-6.58195
-6.58176
-6.58188
-6.58393
-6.58369
-6.5844
-6.5851
-6.58676
-6.58774
-6.58739
-6.58797
-6.58883
-6.58642
-6.58462
-6.58441
-6.58255
-6.58068
-6.57977
-6.58052
-6.58132
-6.58155
-6.58154
-6.58094
-6.58134
-6.58076
-6.58079
-6.58015
-6.57951
-6.5789
-6.57834
-6.57914
-6.58131
-6.58127
-6.58158
-6.57996
-6.57994
-6.58118
-6.58011
-6.58157
-6.58167
-6.58203
-6.58331
-6.58322
-6.58243
-6.58061
-6.58068
-6.5804
-6.58172
-6.58304
-6.58275
-6.58087
-6.58032
-6.57819
-6.5774
-6.57863
-6.57736
-6.57648
-6.57797
-6.57599
-6.57536
-6.57608
-6.57615
-6.57748
-6.57903
-6.57882
-6.58007
-6.58056
-6.58258
-6.58166
-6.58108
-6.58182
-6.58229
-6.58153
-6.58147
-6.58049
-6.58183
-6.58191
-6.58071
-6.58273
-6.58374
-6.58733
-6.58667
-6.58439
-6.58308
-6.58437
-6.58664
-6.5857
-6.58574
-6.58546
-6.58454
-6.58457
-6.58553
-6.58611
-6.585
-6.58449
-6.58103
-6.58015
-6.57898
-6.57886
-6.57852
-6.58056
-6.58109
-6.5817
-6.58366
-6.58205
-6.58299
-6.58192
-6.58205
-6.58207
-6.57938
-6.58143
-6.5808
-6.58142
-6.58305
-6.58347
-6.58209
-6.58088
-6.58274
-6.5844
-6.58449
-6.58425
-6.58457
-6.58411
-6.58479
-6.58468
-6.58413
-6.58545
-6.58546
-6.58807
-6.58652
-6.58504
-6.58587
-6.58514
-6.58247
-6.58143
-6.58363
-6.58262
-6.58261
-6.58297
-6.58404
-6.58519
-6.58573
-6.58695
-6.5859
-6.58481
-6.58655
-6.58659
-6.58491
-6.58381
-6.58427
-6.58212
-6.5803
-6.57948
-6.57869
-6.57925
-6.57922
-6.58215
-6.58222
-6.5817
-6.58448
-6.58699
-6.58856
-6.5895
-6.5898
-6.58974
-6.58864
-6.58613
-6.58675
-6.58626
-6.58665
-6.5876
-6.58721
-6.58777
-6.58798
-6.58627
-6.58721
-6.58631
-6.58556
-6.58436
-6.58305
-6.58354
-6.58478
-6.58376
-6.58429
-6.58564
-6.5868
-6.58618
-6.5854
-6.58453
-6.58357
-6.58353
-6.58087
-6.57918
-6.57849
-6.57623
-6.57664
-6.57556
-6.57493
-6.57702
-6.57596
-6.57755
-6.57885
-6.57884
-6.58075
-6.58163
-6.58244
-6.58221
-6.58255
-6.5835
-6.58281
-6.58277
-6.58535
-6.58374
-6.58506
-6.58573
-6.58443
-6.58535
-6.5833
-6.58347
-6.58391
-6.58334
-6.58534
-6.58831
-6.58936
-6.58657
-6.58646
-6.58416
-6.58263
-6.58184
-6.58245
-6.58345
-6.58316
-6.58219
-6.58242
-6.57928
-6.57861
-6.57881
-6.5809
-6.5817
-6.58092
-6.57989
-6.57926
-6.5784
-6.57953
-6.58003
-6.58116
-6.58255
-6.58355
-6.58156
-6.58048
-6.58001
-6.58015
-6.5793
-6.57873
-6.58042
-6.58178
-6.58318
-6.58529
-6.58718
-6.58726
-6.58617
-6.58649
-6.58687
-6.58562
-6.58559
-6.5851
-6.5848
-6.58568
-6.58776
-6.58818
-6.58764
-6.58647
-6.58536
-6.58431
-6.58299
-6.58529
-6.58374
-6.58321
-6.584
-6.58514
-6.58241
-6.58226
-6.585
-6.58443
-6.58477
-6.58437
-6.58552
-6.58595
-6.58571
-6.58451
-6.58205
-6.58224
-6.58346
-6.58444
-6.58518
-6.586
-6.58591
-6.58617
-6.58513
-6.58371
-6.58416
-6.58451
-6.58382
-6.58274
-6.5829
-6.58273
-6.58256
-6.58274
-6.5823
-6.58351
-6.58441
-6.58334
-6.58355
-6.58506
-6.58464
-6.58491
-6.58493
-6.58242
-6.58256
-6.58271
-6.58318
-6.58295
-6.58463
-6.58465
-6.58531
-6.58372
-6.58184
-6.58194
-6.58143
-6.58354
-6.58468
-6.58513
-6.58619
-6.58556
-6.58648
-6.5841
-6.58296
-6.58276
-6.58188
-6.58003
-6.58175
-6.58351
-6.58272
-6.58298
-6.58331
-6.58307
-6.58321
-6.58209
-6.5823
-6.58348
-6.58336
-6.58421
-6.58505
-6.58519
-6.58464
-6.58401
-6.58426
-6.58443
-6.58452
-6.5823
-6.58007
-6.57982
-6.57833
-6.57851
-6.57746
-6.57776
-6.57681
-6.57786
-6.57798
-6.57653
-6.57639
-6.5782
-6.5803
-6.58169
-6.58169
-6.57933
-6.57917
-6.58124
-6.58073
-6.57997
-6.58063
-6.57951
-6.58081
-6.58092
-6.57913
-6.57958
-6.58219
-6.58335
-6.58496
-6.58605
-6.58568
-6.58618
-6.5863
-6.58647
-6.58608
-6.58615
-6.58572
-6.58314
-6.58227
-6.58143
-6.58028
-6.57946
-6.57798
-6.57972
-6.57854
-6.57926
-6.57798
-6.57758
-6.57743
-6.57655
-6.5766
-6.57503
-6.57512
-6.57497
-6.57495
-6.57604
-6.57693
-6.57792
-6.57767
-6.57645
-6.57781
-6.57913
-6.57813
-6.58096
-6.58179
-6.58289
-6.58263
-6.58198
-6.58385
-6.58595
-6.58633
-6.58662
-6.58359
-6.58278
-6.58293
-6.58214
-6.57979
-6.5785
-6.57862
-6.57952
-6.57959
-6.57982
-6.57988
-6.58005
-6.57966
-6.57895
-6.57751
-6.58048
-6.58038
-6.58045
-6.57942
-6.58086
-6.58156
-6.58189
-6.58184
-6.58439
-6.5834
-6.58473
-6.58387
-6.58276
-6.58107
-6.58172
-6.58116
-6.58197
-6.5822
-6.5815
-6.58309
-6.5824
-6.58102
-6.58217
-6.58293
-6.58496
-6.58469
-6.58505
-6.58475
-6.58247
-6.58239
