1.20628
1.21258
1.21731
1.21936
1.21789
1.21252
1.20377
1.19304
1.18244
1.17414
1.17004
1.17118
1.17763
1.18881
1.20384
1.22179
1.24155
1.26168
1.28042
1.29591
1.30647
1.31096
1.30903
1.30113
1.28821
1.2716
1.25262
1.23249
1.21222
1.1926
1.1742
1.15763
1.14379
1.134
1.1298
1.13265
1.14347
1.16181
1.18588
1.21278
1.23895
1.26078
1.27502
1.27915
1.2722
1.25527
1.2315
1.20506
1.17977
1.15826
1.14193
1.13133
1.12641
1.12658
1.13083
1.13796
1.14668
1.15584
1.16475
1.17315
1.18095
1.18808
1.19437
1.19968
1.20395
1.20738
1.21048
1.21405
1.21904
1.22624
1.23593
1.2473
1.25821
1.26533
1.2651
1.25512
1.2357
1.21031
1.18494
1.16649
1.16102
1.17219
1.20023
1.24198
1.29151
1.34133
1.38389
1.41278
1.4238
1.41547
1.38923
1.34933
1.30224
1.25558
1.21633
1.18886
1.1741
1.16985
1.17222
1.1771
1.18115
1.18242
1.18054
1.17652
1.17225
1.16997
1.1716
1.17823
1.1899
1.20552
1.22336
1.24169
1.25933
1.27581
1.29112
1.30495
1.31598
1.32186
1.31993
1.30832
1.2867
1.2565
1.2206
1.18278
1.14672
1.11542
1.0909
1.07419
1.06572
1.06568
1.07423
1.09118
1.11573
1.14595
1.17898
1.21116
1.23884
1.25906
1.27035
1.27299
1.26916
1.26249
1.257
1.25569
1.25934
1.2663
1.27354
1.27786
1.27709
1.27067
1.25979
1.24728
1.23667
1.23088
1.23095
1.23577
1.24287
1.24969
1.25449
1.25683
1.2572
1.25638
1.2551
1.25364
1.25167
1.2483
1.2426
1.23403
1.22291
1.21075
1.20023
1.19457
1.1965
1.2071
1.2249
1.2461
1.26597
1.28022
1.28563
1.28059
1.26546
1.24278
1.21698
1.19327
1.1764
1.16968
1.17456
1.19037
1.21434
1.24226
1.26942
1.29183
1.30679
1.31307
1.31056
1.29983
1.28187
1.25795
1.22983
1.19992
1.17115
1.14633
1.12761
1.11647
1.11405
1.12115
1.13755
1.16098
1.18695
1.21044
1.22786
1.2384
1.24364
1.24646
1.24974
1.25553
1.26475
1.27719
1.29165
1.30604
1.31788
1.32534
1.32789
1.32642
1.3227
1.31854
1.31516
1.31274
1.31052
1.30711
1.30076
1.28985
1.27337
1.25102
1.22353
1.19269
1.16139
1.13321
1.11168
1.09949
1.09783
1.10596
1.12144
1.14062
1.15936
1.17372
1.18068
1.17899
1.16954
1.15505
1.13951
1.12706
1.12123
1.12448
1.13816
1.16215
1.1946
1.23181
1.26869
1.30034
1.32318
1.33542
1.33683
1.32845
1.31244
1.29185
1.27017
1.25072
1.23616
1.2281
1.22698
1.23191
1.24111
1.25266
1.26501
1.27716
1.28817
1.29676
1.30117
1.29985
1.29223
1.27932
1.2634
1.24748
1.23449
1.22657
1.22486
1.22946
1.23967
1.2542
1.2711
1.28797
1.30228
1.3117
1.31435
1.30896
1.29473
1.27166
1.24075
1.20396
1.16357
1.12171
1.08029
1.04124
1.00663
0.978219
0.957651
0.94713
0.949454
0.966646
0.998375
1.04156
1.09155
1.14382
1.19504
1.24324
1.2874
1.3268
1.36079
1.38868
1.40989
1.42406
1.43118
1.4315
1.42533
1.41308
1.39503
1.37167
1.34366
1.31202
1.27814
1.2436
1.20995
1.17838
1.14998
1.12576
1.10674
1.0938
1.08749
1.08794
1.09471
1.10719
1.12463
1.14595
1.16965
1.19372
1.2158
1.23354
1.24512
1.24947
1.24658
1.23775
1.22532
1.21221
1.20117
1.19419
1.19225
1.19537
1.20302
1.21439
1.22809
1.24191
1.25285
1.25798
1.25557
1.24586
1.23101
1.21436
1.19946
1.18907
1.18464
1.18606
1.19187
1.19977
1.2074
1.213
1.2157
1.21565
1.21379
1.21156
1.21033
1.21115
1.21462
1.22091
1.23006
1.24189
1.25583
1.2706
1.28421
1.29451
1.2996
1.29818
1.28972
1.27458
1.25413
1.23066
1.20748
1.18793
1.17465
1.16875
1.16959
1.17545
1.1841
1.19337
1.2017
1.20806
1.21221
1.21469
1.21642
1.21825
1.22069
1.22365
1.22689
1.23018
1.23327
1.2359
1.23793
1.23971
1.24189
1.24458
1.24669
1.24617
1.24136
1.23215
1.22042
1.20926
1.20157
1.19878
1.20071
1.20598
1.2128
1.21966
1.22555
1.23007
1.23325
1.23506
1.23497
1.23229
1.22674
1.21925
1.21183
1.20674
1.20547
1.20838
1.21514
1.22519
1.23785
1.25195
1.26609
1.27871
1.28834
1.29372
1.29386
1.28801
1.27579
1.25735
1.2335
1.20589
1.17706
1.15044
1.12975
1.11798
1.11657
1.12515
1.14219
1.16562
1.19324
1.22273
1.25147
1.27682
1.29646
1.30873
1.31245
1.30703
1.29234
1.26895
1.23844
1.20387
1.16964
1.14064
1.12116
1.11367
1.11816
1.13218
1.15167
1.17244
1.19154
1.20788
1.22183
1.23398
1.24436
1.25252
1.25828
1.26233
1.26633
1.27245
1.28229
1.29618
1.31278
1.32969
1.34408
1.35344
1.35583
1.35013
1.33616
1.31477
1.28756
1.25635
1.22289
1.1888
1.15555
1.12484
1.09884
1.08009
1.07081
1.07147
1.08008
1.09322
1.10807
1.12334
1.13923
1.15664
1.17656
1.19968
1.22611
1.25459
1.28207
1.30455
1.31868
1.3233
1.31962
1.31032
1.29827
1.28579
1.27462
1.26612
1.26134
1.26051
1.26261
1.26546
1.26612
1.26205
1.25204
1.23671
1.21819
1.19943
1.1834
1.17239
1.16728
1.16768
1.17212
1.17895
1.18716
1.19679
1.20878
1.22384
1.24113
1.25761
1.26926
1.27361
1.27141
1.26649
1.26372
1.26635
1.27489
1.28778
1.30298
1.31884
1.33393
1.34691
1.35586
1.35872
1.35353
1.33883
1.31411
1.28026
1.23986
1.1972
1.15783
1.12727
1.10923
1.10437
1.11029
1.12275
1.13757
1.15151
1.16286
1.17113
1.17649
1.17912
1.17892
1.17558
1.16909
1.15986
1.1488
1.1372
1.12652
1.11841
1.1144
1.11583
1.12377
1.13897
1.16161
1.19104
1.22569
1.26299
1.29967
1.33211
1.35688
1.37134
1.37407
1.36531
1.34696
1.3221
1.29456
1.26826
1.24674
1.23232
1.22524
1.2235
1.2234
1.22105
1.21382
1.20109
1.18407
1.16512
1.14691
1.13173
1.12121
1.11621
1.11683
1.12248
1.13223
1.14508
1.16025
1.17697
1.19434
1.2112
1.2265
1.23987
1.25162
1.26212
1.27134
1.27884
1.28451
1.28894
1.29315
1.29797
1.30393
1.31161
1.32138
1.33233
1.34222
1.34833
1.34872
1.34259
1.32997
1.31144
1.28841
1.26315
1.23863
1.21779
1.20222
1.19148
1.18358
1.17665
1.1709
1.16862
1.17189
1.18008
1.1897
1.19655
1.19794
1.19331
1.1841
1.17291
1.16262
1.15553
1.15287
1.15476
1.16042
1.16846
1.17748
1.18652
1.19484
1.20187
1.20703
1.20985
1.21052
1.21011
1.21026
1.21259
1.21792
1.22605
1.23622
1.24771
1.26032
1.27418
1.28912
1.30402
1.31683
1.32522
1.32771
1.32422
1.31637
1.30657
1.29704
1.28842
1.2801
1.27105
1.26117
1.25183
1.24525
1.24295
1.24452
1.24778
1.25002
1.24906
1.24378
1.23409
1.22086
1.20553
1.18997
1.17604
1.16511
1.15778
1.15385
1.15282
1.15428
1.15812
1.16412
1.17184
1.18033
1.18846
1.19538
1.20085
1.20538
1.20976
1.21477
1.2209
1.22827
1.23667
1.24545
1.25338
1.25912
1.26171
1.26107
1.25796
1.25319
1.24698
1.23888
1.22842
1.21561
1.2013
1.1869
1.17419
1.16485
1.16032
1.16155
1.16875
1.18138
1.19802
1.21654
1.23436
1.24881
1.25768
1.2596
1.25431
1.24255
1.22608
1.20763
1.19015
1.17624
1.16757
1.16471
1.16722
1.17407
1.18392
1.19564
1.20878
1.22347
1.24021
1.25902
1.27907
1.29884
1.31622
1.32878
1.33443
1.33243
1.32427
1.31321
1.30282
1.29547
1.2918
1.29126
1.2924
1.29334
1.29195
1.28635
1.27536
1.25866
1.23681
1.21101
1.1829
1.15446
1.12802
1.10602
1.09064
1.08315
1.08326
1.08871
1.09598
1.10171
1.1042
1.10411
1.10399
1.10705
1.11557
1.12961
1.147
1.16437
1.17848
1.18738
1.19067
1.18944
1.18576
1.1819
1.1797
1.1801
1.18301
1.18764
1.19288
1.19785
1.20209
1.2052
1.20651
1.20505
1.19991
1.19125
1.18088
1.17206
1.16851
1.17292
1.18616
1.20711
1.23354
1.2629
1.29273
1.32073
1.34457
1.3621
1.37146
1.37164
1.36289
1.34656
1.32514
1.30201
1.28114
1.26664
1.26188
1.26848
1.28531
1.30849
1.33262
1.35206
1.36206
1.35944
1.34285
1.31299
1.27251
1.22587
1.17878
1.13748
1.10726
1.09117
1.08942
1.0999
1.11953
1.14509
1.17366
1.20249
1.2289
1.25042
1.26515
1.27217
1.27177
1.26527
1.25448
1.24101
1.22598
1.21022
1.19428
1.17828
1.1617
1.1439
1.12473
1.10517
1.08757
1.07518
1.07096
1.07635
1.09073
1.1115
1.13482
1.15688
1.17485
1.18743
1.19495
1.19896
1.20147
1.20432
1.20873
1.21526
1.22392
1.23442
1.24624
1.25867
1.27061
1.28066
1.28727
1.28902
1.28479
1.27414
1.25769
1.23726
1.21579
1.19689
1.1838
1.17866
1.18227
1.194
1.21201
1.23348
1.25507
1.27345
1.28577
1.28982
1.28403
1.26754
1.24102
1.20824
1.1767
1.15494
1.14698
1.15092
1.16272
1.17976
1.20083
1.22468
1.24951
1.27321
1.29363
1.3086
1.31601
1.31442
1.30412
1.28741
1.26845
1.25241
1.24394
1.2455
1.25625
1.27223
1.28771
1.29694
1.29571
1.28219
1.25694
1.22282
1.18418
1.14592
1.11259
1.08748
1.07237
1.06727
1.07084
1.08095
1.09529
1.11172
1.12858
1.14501
1.16108
1.17771
1.19589
1.21551
1.23458
1.24982
1.25813
1.25762
1.24783
1.22946
1.20405
1.17401
1.14264
1.11422
1.09341
1.08417
1.08868
1.10646
1.13443
