-6.62928
-6.63549
-6.64
-6.6414
-6.6389
-6.63186
-6.62251
-6.61007
-6.5983
-6.59003
-6.5861
-6.5881
-6.59312
-6.60504
-6.62009
-6.64022
-6.66008
-6.68081
-6.69801
-6.71502
-6.72502
-6.72952
-6.72825
-6.72044
-6.7045
-6.68663
-6.66748
-6.64988
-6.63029
-6.61076
-6.59317
-6.57844
-6.56267
-6.55369
-6.54981
-6.55311
-6.56375
-6.58212
-6.60565
-6.63459
-6.65887
-6.6817
-6.69599
-6.6987
-6.69261
-6.6745
-6.64897
-6.62411
-6.59683
-6.5732
-6.55776
-6.54838
-6.54369
-6.54561
-6.55118
-6.55884
-6.56829
-6.57745
-6.58794
-6.59595
-6.60175
-6.6088
-6.61435
-6.61891
-6.62438
-6.62386
-6.62794
-6.6329
-6.63614
-6.64554
-6.6561
-6.66787
-6.67695
-6.68187
-6.68042
-6.6691
-6.6479
-6.6235
-6.5998
-6.58241
-6.57848
-6.59236
-6.621
-6.66546
-6.71666
-6.76642
-6.8069
-6.83481
-6.84552
-6.83399
-6.80712
-6.76682
-6.71813
-6.67193
-6.63435
-6.61044
-6.59688
-6.59154
-6.59369
-6.60088
-6.60278
-6.60081
-6.5993
-6.59418
-6.59228
-6.59096
-6.5911
-6.59793
-6.61007
-6.62696
-6.64687
-6.66549
-6.6827
-6.69939
-6.71555
-6.72789
-6.73722
-6.74179
-6.73961
-6.72698
-6.70344
-6.67349
-6.63851
-6.59974
-6.56274
-6.53302
-6.50924
-6.4927
-6.48538
-6.4862
-6.4969
-6.51337
-6.53956
-6.57054
-6.60333
-6.63586
-6.66292
-6.6852
-6.69461
-6.69647
-6.69153
-6.68415
-6.67541
-6.67428
-6.67642
-6.68259
-6.68935
-6.69195
-6.69029
-6.68366
-6.67214
-6.66129
-6.65331
-6.64939
-6.64904
-6.65519
-6.66302
-6.67261
-6.67879
-6.68057
-6.67949
-6.67827
-6.67665
-6.67516
-6.67342
-6.66953
-6.66647
-6.65762
-6.64437
-6.63158
-6.61946
-6.61381
-6.61659
-6.62673
-6.64506
-6.66602
-6.68713
-6.70257
-6.7073
-6.70088
-6.68387
-6.65936
-6.63385
-6.61191
-6.59432
-6.58937
-6.59509
-6.61349
-6.63839
-6.66645
-6.69232
-6.71505
-6.72918
-6.7349
-6.72991
-6.71808
-6.70205
-6.67503
-6.64758
-6.61635
-6.58559
-6.56259
-6.5436
-6.53296
-6.53147
-6.53694
-6.55355
-6.57811
-6.60503
-6.62932
-6.64896
-6.66016
-6.66566
-6.66905
-6.6738
-6.68056
-6.6911
-6.70251
-6.7161
-6.73067
-6.74279
-6.7475
-6.7499
-6.7491
-6.74655
-6.74113
-6.73883
-6.73615
-6.73324
-6.72671
-6.72094
-6.70919
-6.69276
-6.6679
-6.63933
-6.60732
-6.57519
-6.54494
-6.52488
-6.51405
-6.51408
-6.52373
-6.53911
-6.56168
-6.57853
-6.59356
-6.60195
-6.59973
-6.58962
-6.57452
-6.55942
-6.54522
-6.5402
-6.54543
-6.56147
-6.58772
-6.62052
-6.65891
-6.69612
-6.72573
-6.74724
-6.75579
-6.75486
-6.74819
-6.7319
-6.71104
-6.69041
-6.6707
-6.65641
-6.6513
-6.64858
-6.65565
-6.66549
-6.67621
-6.68761
-6.6984
-6.70955
-6.71975
-6.72365
-6.72008
-6.70992
-6.69658
-6.68052
-6.66671
-6.65545
-6.64844
-6.6464
-6.65192
-6.66199
-6.67782
-6.69483
-6.71027
-6.72322
-6.73203
-6.73361
-6.72736
-6.71158
-6.68734
-6.65413
-6.61558
-6.57656
-6.53337
-6.49274
-6.45308
-6.41804
-6.39228
-6.37195
-6.36388
-6.36763
-6.38763
-6.41971
-6.46348
-6.51324
-6.56748
-6.61976
-6.66824
-6.71163
-6.75052
-6.7849
-6.81377
-6.83461
-6.84709
-6.85093
-6.85286
-6.84541
-6.83289
-6.81331
-6.79042
-6.76006
-6.72845
-6.69378
-6.65764
-6.62318
-6.59382
-6.56644
-6.5414
-6.5223
-6.50968
-6.5047
-6.50678
-6.51253
-6.52717
-6.54634
-6.5683
-6.59117
-6.61612
-6.63949
-6.65766
-6.66627
-6.67085
-6.66567
-6.65701
-6.64567
-6.63007
-6.61968
-6.61414
-6.61434
-6.61859
-6.62537
-6.63445
-6.64893
-6.66196
-6.67082
-6.67428
-6.67142
-6.66204
-6.64587
-6.62989
-6.61566
-6.6055
-6.60298
-6.60525
-6.61138
-6.62195
-6.63042
-6.63542
-6.63653
-6.63301
-6.63331
-6.62982
-6.62844
-6.63047
-6.63616
-6.64339
-6.65217
-6.66133
-6.67607
-6.69147
-6.70323
-6.71212
-6.71757
-6.71384
-6.7063
-6.69443
-6.6755
-6.65093
-6.62537
-6.60797
-6.59412
-6.58927
-6.59005
-6.59695
-6.60769
-6.61499
-6.62348
-6.63091
-6.63389
-6.6369
-6.63828
-6.64048
-6.64136
-6.64372
-6.646
-6.64928
-6.65137
-6.65523
-6.65786
-6.66062
-6.66092
-6.66363
-6.66557
-6.66468
-6.65875
-6.64852
-6.63735
-6.62869
-6.62274
-6.62046
-6.6228
-6.62668
-6.63357
-6.63778
-6.64387
-6.64792
-6.6513
-6.65328
-6.65361
-6.65096
-6.64418
-6.63562
-6.62866
-6.62229
-6.62338
-6.62864
-6.63478
-6.64772
-6.65993
-6.67475
-6.68784
-6.70282
-6.71175
-6.71567
-6.71362
-6.70747
-6.69137
-6.67364
-6.65029
-6.62339
-6.59397
-6.56713
-6.54592
-6.53612
-6.53608
-6.5472
-6.56563
-6.5899
-6.61912
-6.64801
-6.67556
-6.69849
-6.71681
-6.72859
-6.73304
-6.72637
-6.71303
-6.68657
-6.65679
-6.62073
-6.58746
-6.55826
-6.53926
-6.53431
-6.53958
-6.55369
-6.57025
-6.59128
-6.6085
-6.62749
-6.64059
-6.65095
-6.66308
-6.671
-6.67718
-6.68146
-6.68557
-6.69298
-6.70323
-6.71845
-6.73229
-6.74746
-6.7621
-6.77117
-6.77505
-6.76819
-6.75472
-6.73396
-6.70723
-6.6741
-6.64019
-6.60579
-6.57368
-6.54333
-6.51729
-6.49908
-6.48855
-6.49111
-6.5013
-6.5144
-6.53158
-6.54657
-6.56159
-6.57856
-6.59878
-6.62094
-6.64993
-6.6775
-6.70467
-6.72611
-6.74028
-6.74365
-6.73862
-6.72957
-6.71739
-6.7053
-6.69304
-6.6852
-6.68243
-6.68099
-6.682
-6.68606
-6.6857
-6.68138
-6.6724
-6.65697
-6.63731
-6.61901
-6.6034
-6.59037
-6.58618
-6.58803
-6.5918
-6.59977
-6.61005
-6.62084
-6.63442
-6.65204
-6.66909
-6.68559
-6.69496
-6.70051
-6.69749
-6.69322
-6.68894
-6.69251
-6.70061
-6.71381
-6.72883
-6.74531
-6.76253
-6.77391
-6.78267
-6.78448
-6.77678
-6.7601
-6.73603
-6.7017
-6.65955
-6.6176
-6.57726
-6.54588
-6.53016
-6.52394
-6.53105
-6.54392
-6.55877
-6.57154
-6.58226
-6.59153
-6.59823
-6.59832
-6.5962
-6.59221
-6.5851
-6.57563
-6.56543
-6.55191
-6.54367
-6.53688
-6.53174
-6.5341
-6.54274
-6.55998
-6.58366
-6.61533
-6.64843
-6.68485
-6.7216
-6.75277
-6.77727
-6.79124
-6.7944
-6.78555
-6.76671
-6.74205
-6.71478
-6.68816
-6.66695
-6.6507
-6.64687
-6.64452
-6.64371
-6.64031
-6.63188
-6.61895
-6.6026
-6.58262
-6.5643
-6.54758
-6.53629
-6.5351
-6.53691
-6.54463
-6.55764
-6.57206
-6.5871
-6.60393
-6.61936
-6.63481
-6.64927
-6.6644
-6.6773
-6.68478
-6.69385
-6.70083
-6.7057
-6.71038
-6.71463
-6.71953
-6.72564
-6.73514
-6.74639
-6.75897
-6.76698
-6.77324
-6.77267
-6.76588
-6.75166
-6.73292
-6.71053
-6.68358
-6.65639
-6.63571
-6.62262
-6.61163
-6.60421
-6.59896
-6.59537
-6.58874
-6.59096
-6.60013
-6.60933
-6.6167
-6.61747
-6.61165
-6.60113
-6.59087
-6.58082
-6.57511
-6.57518
-6.5762
-6.58088
-6.58842
-6.59781
-6.60422
-6.61178
-6.61963
-6.62553
-6.62876
-6.62894
-6.62948
-6.63076
-6.63369
-6.64029
-6.64608
-6.6564
-6.66898
-6.68236
-6.69699
-6.71233
-6.72582
-6.73894
-6.74842
-6.74995
-6.74658
-6.73809
-6.73018
-6.72009
-6.71382
-6.70416
-6.69631
-6.68607
-6.67366
-6.66779
-6.66431
-6.66617
-6.66524
-6.66919
-6.66783
-6.66144
-6.65168
-6.63849
-6.62207
-6.6053
-6.59129
-6.582
-6.57665
-6.57303
-6.57065
-6.57171
-6.57675
-6.58133
-6.58949
-6.59994
-6.60669
-6.61475
-6.62043
-6.62392
-6.62899
-6.63215
-6.6397
-6.64816
-6.65502
-6.66248
-6.6709
-6.67862
-6.68055
-6.67897
-6.67631
-6.67075
-6.66438
-6.65704
-6.64536
-6.63235
-6.61666
-6.60267
-6.58989
-6.5813
-6.57894
-6.58012
-6.58887
-6.60133
-6.61762
-6.63685
-6.65638
-6.67199
-6.67956
-6.68108
-6.67412
-6.66211
-6.64401
-6.62293
-6.60635
-6.59323
-6.58287
-6.5809
-6.58617
-6.59436
-6.60444
-6.61631
-6.62894
-6.64479
-6.6611
-6.68332
-6.70278
-6.72306
-6.7391
-6.75235
-6.75787
-6.75515
-6.74589
-6.73571
-6.72684
-6.71759
-6.71104
-6.71106
-6.71423
-6.71471
-6.71297
-6.7059
-6.69336
-6.67805
-6.6564
-6.63029
-6.60205
-6.57143
-6.54467
-6.52648
-6.51153
-6.50517
-6.50368
-6.50852
-6.51512
-6.52024
-6.52078
-6.52023
-6.5206
-6.52252
-6.53357
-6.54807
-6.56563
-6.58216
-6.59904
-6.60964
-6.61241
-6.60889
-6.60671
-6.60132
-6.6
-6.60229
-6.60574
-6.61016
-6.61379
-6.61967
-6.62608
-6.62775
-6.62949
-6.62672
-6.6199
-6.61063
-6.59831
-6.59083
-6.58829
-6.59423
-6.60865
-6.63026
-6.65903
-6.68888
-6.71734
-6.74599
-6.768
-6.78576
-6.79423
-6.79284
-6.78164
-6.76467
-6.74323
-6.72338
-6.70264
-6.68865
-6.68468
-6.69208
-6.70911
-6.73135
-6.75493
-6.77297
-6.78281
-6.78044
-6.76051
-6.73138
-6.68714
-6.64212
-6.59663
-6.55525
-6.52311
-6.50882
-6.50809
-6.51769
-6.53805
-6.56469
-6.59471
-6.62471
-6.65236
-6.67489
-6.68919
-6.69414
-6.69306
-6.68476
-6.67233
-6.65737
-6.64352
-6.62806
-6.61244
-6.5977
-6.58135
-6.56244
-6.54284
-6.52302
-6.50482
-6.49215
-6.48983
-6.49391
-6.50812
-6.529
-6.55203
-6.57347
-6.5919
-6.60167
-6.60973
-6.61478
-6.61758
-6.62216
-6.62773
-6.63448
-6.64011
-6.65238
-6.66366
-6.67674
-6.68985
-6.69963
-6.7042
-6.70636
-6.70182
-6.69087
-6.67359
-6.65226
-6.63024
-6.61178
-6.59974
-6.59676
-6.60091
-6.61531
-6.6338
-6.65447
-6.67588
-6.6954
-6.70666
-6.70946
-6.70425
-6.68539
-6.65801
-6.6256
-6.59404
-6.57358
-6.56762
-6.57156
-6.58526
-6.60145
-6.62416
-6.64658
-6.67107
-6.6926
-6.71484
-6.72946
-6.73472
-6.73351
-6.72567
-6.70722
-6.68799
-6.67155
-6.66272
-6.66692
-6.68133
-6.69591
-6.70875
-6.71806
-6.71597
-6.70185
-6.67555
-6.6398
-6.59999
-6.56269
-6.53102
-6.50784
-6.49278
-6.48668
-6.48939
-6.50003
-6.51402
-6.53121
-6.54643
-6.56313
-6.5805
-6.59822
-6.61626
-6.63724
-6.65576
-6.67043
-6.68019
-6.67745
-6.66481
-6.64598
-6.6216
-6.58932
-6.559
-6.5279
-6.50906
-6.50082
-6.50639
-6.52763
-6.55736
