1.1028
1.10577
1.10967
1.11533
1.12316
1.13239
1.14111
1.14706
1.14856
1.14491
1.13628
1.12346
1.10757
1.09009
1.07283
1.05776
1.0466
1.04017
1.03796
1.03837
1.03967
1.04107
1.04301
1.04624
1.05051
1.05409
1.05446
1.04998
1.04097
1.0295
1.01775
1.00669
0.996636
0.988334
0.983352
0.983253
0.988256
0.996789
1.00616
1.01402
1.01942
1.02274
1.02493
1.02686
1.02914
1.03215
1.03593
1.04033
1.04523
1.05083
1.05765
1.06634
1.07723
1.08992
1.10331
1.11603
1.12708
1.13625
1.14399
1.15112
1.15836
1.16591
1.17335
1.17983
1.18434
1.18613
1.18487
1.1806
1.17364
1.16475
1.15525
1.1468
1.1407
1.13731
1.13605
1.13587
1.13567
1.13456
1.1321
1.1286
1.12531
1.12406
1.12665
1.13385
1.14518
1.15928
1.17456
1.18965
1.20347
1.21516
1.2239
1.22874
1.22851
1.22197
1.20838
1.18838
1.16482
1.14255
1.12676
1.12068
1.12396
1.13312
1.14399
1.15397
1.16222
1.16855
1.17249
1.17317
1.1697
1.16176
1.14986
1.13526
1.11972
1.10498
1.09227
1.08187
1.07316
1.06491
1.0559
1.04548
1.03379
1.02164
1.01033
1.00157
0.997309
0.999347
1.00853
1.02418
1.04398
1.06472
1.0834
1.09797
1.10756
1.11207
1.11195
1.10835
1.10316
1.09856
1.09618
1.09633
1.09816
1.10054
1.10288
1.10516
1.10732
1.10895
1.10972
1.10992
1.11045
1.11214
1.11509
1.11847
1.12093
1.12128
1.11918
1.11559
1.11247
1.11177
1.11448
1.12015
1.12756
1.13555
1.1435
1.15143
1.15962
1.16821
1.1769
1.18484
1.19079
1.19331
1.19121
1.18402
1.17243
1.15878
1.14672
1.13999
1.14056
1.14743
1.15714
1.16566
1.17027
1.17012
1.16567
1.15783
1.14739
1.13531
1.12304
1.11256
1.10571
1.10349
1.10584
1.11198
1.12103
1.13223
1.14466
1.15686
1.16709
1.17384
1.17642
1.175
1.17046
1.16392
1.15651
1.14912
1.14229
1.1362
1.13081
1.12602
1.12181
1.11819
1.11527
1.11314
1.11183
1.11122
1.11083
1.10975
1.10685
1.10125
1.09284
1.08239
1.07138
1.06142
1.05383
1.04965
1.04976
1.05504
1.06604
1.08255
1.10345
1.12674
1.15008
1.17136
1.18917
1.20307
1.21345
1.22113
1.22678
1.23015
1.22976
1.22318
1.20852
1.18666
1.1625
1.14271
1.13095
1.12642
1.1268
1.1304
1.13582
1.14136
1.14561
1.14832
1.15069
1.15462
1.16163
1.17186
1.18371
1.19417
1.19962
1.1968
1.18366
1.15994
1.1274
1.08974
1.05192
1.01915
0.995884
0.985205
0.988684
1.00604
1.03459
1.06948
1.10531
1.13788
1.16486
1.1854
1.19937
1.20692
1.20849
1.20511
1.19869
1.19185
1.18693
1.18486
1.1849
1.18549
1.18512
1.18299
1.17894
1.17323
1.16604
1.15722
1.14645
1.13361
1.11917
1.10423
1.09018
1.07824
1.06924
1.06374
1.06211
1.06432
1.0699
1.07819
1.08874
1.10139
1.11595
1.13206
1.1494
1.16787
1.18737
1.20694
1.22443
1.23728
1.24394
1.24457
1.24063
1.234
1.22627
1.21882
1.21317
1.21097
1.21336
1.21987
1.22803
1.23442
1.23624
1.23226
1.22267
1.20843
1.19068
1.17063
1.1498
1.13019
1.11395
1.10225
1.0945
1.0887
1.08294
1.0769
1.07189
1.06968
1.07156
1.07801
1.08825
1.10004
1.11042
1.11707
1.11908
1.11678
1.111
1.10245
1.09145
1.07809
1.06269
1.0461
1.02984
1.01578
1.00555
1.00003
0.999161
1.00227
1.00875
1.01856
1.03233
1.05093
1.07466
1.10261
1.13232
1.16024
1.18262
1.19666
1.20135
1.19757
1.18767
1.17466
1.16125
1.1493
1.13972
1.13255
1.12716
1.12249
1.11745
1.11132
1.10422
1.09732
1.0928
1.09314
1.09968
1.11144
1.12534
1.13745
1.14432
1.14392
1.136
1.12217
1.1058
1.09107
1.08102
1.07601
1.07418
1.07351
1.07312
1.07325
1.07447
1.07764
1.08391
1.09422
1.10814
1.12342
1.13714
1.14732
1.15368
1.15746
1.16014
1.16248
1.16426
1.16506
1.16474
1.16309
1.15932
1.15222
1.14068
1.12415
1.10287
1.07777
1.05058
1.02385
1.00111
0.986598
0.984012
0.99472
1.01666
1.04512
1.07456
1.10028
1.11928
1.13045
1.13459
1.13424
1.13294
1.13381
1.13853
1.14703
1.1581
1.17008
1.18136
1.19061
1.19697
1.20006
1.19991
1.19691
1.19158
1.18463
1.17695
1.16943
1.16263
1.1564
1.14983
1.14191
1.13222
1.12123
1.11019
1.10076
1.09457
1.09265
1.09521
1.10167
1.11084
1.12129
1.13163
1.14072
1.14785
1.15272
1.15544
1.15643
1.15635
1.15602
1.15633
1.1582
1.16229
1.16865
1.17643
1.18392
1.18909
1.19028
1.18678
1.17889
1.16768
1.15483
1.1424
1.13227
1.12533
1.12119
1.11877
1.11748
1.11763
1.12019
1.12583
1.13411
1.14355
1.15234
1.15904
1.16291
1.16378
1.16179
1.15707
1.1497
1.13975
1.1277
1.11528
1.10597
1.10331
1.1076
1.11526
1.12224
1.12705
1.13073
1.13501
1.14087
1.14835
1.15705
1.1664
1.17563
1.18385
1.19011
1.19343
1.19294
1.18819
1.17951
1.16818
1.15629
1.14615
1.13932
1.13583
1.13414
1.13188
1.12684
1.11775
1.10459
1.08877
1.073
1.06089
1.05579
1.05919
1.06993
1.08517
1.10209
1.1188
1.13422
1.1475
1.15763
1.16376
1.16586
1.16507
1.16318
1.16161
1.16086
1.1607
1.16046
1.15932
1.15638
1.15089
1.14257
1.13179
1.11969
1.10791
1.09815
1.09166
1.08907
1.09047
1.09558
1.10344
1.11217
1.11948
1.12377
1.12479
1.12335
1.12092
1.11906
1.11848
1.11857
1.11792
1.11529
1.11009
1.10247
1.09363
1.0865
1.08541
1.09384
1.11164
1.13496
1.15892
1.18005
1.19667
1.20835
1.21528
1.21791
1.21662
1.21178
1.20375
1.19309
1.18055
1.16719
1.15413
1.14207
1.13096
1.12005
1.10882
1.09812
1.09046
1.08872
1.09399
1.10466
1.11759
1.13017
1.14125
1.15113
1.16093
1.17161
1.18309
1.19383
1.20131
1.20305
1.19785
1.18649
1.17133
1.15501
1.13904
1.12363
1.1086
1.09425
1.08135
1.07068
1.0626
1.05697
1.05347
1.0521
1.05337
1.0579
1.0657
1.07578
1.08643
1.09601
1.10357
1.10888
1.11217
1.11362
1.11323
1.11076
1.10607
1.09948
1.09202
1.08519
1.08044
1.07825
1.07766
1.07667
1.07338
1.06723
1.05938
1.05203
1.0472
1.04584
1.04783
1.05247
1.05889
1.06594
1.07204
1.07549
1.07524
1.07158
1.06615
1.06156
1.06057
1.06527
1.07639
1.09326
1.11407
1.13652
1.15838
1.17769
1.19258
1.20135
1.20272
1.19639
1.18332
1.16564
1.14613
1.12774
1.11316
1.10439
1.10232
1.10646
1.11518
1.1264
1.13814
1.14892
1.15785
1.16462
1.16957
1.17348
1.17719
1.18108
1.18482
1.18762
1.18867
1.18715
1.18183
1.17088
1.15247
1.1262
1.09456
1.06317
1.03963
1.03047
1.03774
1.05785
1.08348
1.10687
1.12225
1.1269
1.12125
1.10834
1.09286
1.07977
1.07255
1.07192
1.07569
1.08026
1.08258
1.08144
1.07775
1.07371
1.07155
1.07236
1.0757
1.08013
1.08416
1.08687
1.08796
1.08747
1.08551
1.08216
1.07773
1.07329
1.07125
1.0746
1.08449
1.09842
1.11177
1.12063
1.12304
1.11876
1.10866
1.0944
1.07822
1.0627
1.05051
1.04379
1.04351
1.04896
1.05792
1.06757
1.07576
1.08181
1.0863
1.09052
1.09568
1.10259
1.1116
1.1228
1.13614
1.15135
1.16762
1.1836
1.19765
1.20835
1.21466
1.21593
1.21185
1.20253
1.18866
1.17147
1.15254
1.13363
1.1168
1.1042
1.0973
1.09611
1.09905
1.10375
1.10813
1.11086
1.11117
1.10831
1.10149
1.09013
1.07435
1.05534
1.03526
1.01686
1.00291
0.995657
0.996254
1.00453
1.01895
1.03694
1.05532
1.07087
1.08101
1.08415
1.07984
1.0688
1.0529
1.03517
1.01952
1.00986
1.0086
1.01551
1.02814
1.04359
1.05994
1.07639
1.09277
1.10905
1.12491
1.13954
1.15177
1.16046
1.16488
1.16481
1.16038
1.15201
1.14059
1.12761
1.11522
1.10587
1.10173
1.10381
1.1116
1.12322
1.13613
1.14802
1.15758
1.16464
1.16956
1.1723
1.17177
1.16614
1.15389
1.13495
1.11144
1.08734
1.06669
1.05179
1.04282
1.03898
1.0394
1.04322
1.04913
1.0553
1.05971
1.06089
1.05841
1.05284
1.04556
1.03843
1.03353
1.03281
1.03738
1.04712
1.06078
1.07681
1.09383
1.11087
1.12725
1.1424
1.15584
1.16691
1.17481
1.17863
1.17777
1.17218
1.16249
1.14976
1.13527
1.12017
1.10531
1.09092
1.07655
1.0616
1.04688
1.03561
1.03122
1.03353
1.03902
1.04523
1.05281
1.06383
1.07895
1.09609
1.1113
1.12053
1.12108
1.1121
1.09431
1.06961
1.04103
1.01263
0.98915
0.974477
0.970295
0.975964
0.98969
1.00956
1.03367
1.05979
1.08529
1.10757
1.12461
1.13546
1.14035
1.14044
1.13745
1.13293
1.12755
1.12087
1.11143
1.09762
1.07867
1.05533
1.03009
1.00661
0.988717
0.979092
0.978453
0.98536
0.996892
1.00979
1.02156
1.03114
1.03884
1.04562
1.05231
1.05925
1.06643
1.0737
1.08079
1.0873
1.09279
1.09699
1.09975
1.10084
1.09983
1.09632
1.0901
1.08143
1.07098
1.05991
1.04973
1.04223
1.03907
1.04132
1.04886
1.06028
1.07333
1.08571
1.09583
1.10318
1.1083
1.11226
1.11607
1.12026
1.12468
1.12876
1.1318
1.13312
1.13225
1.12907
1.12397
1.11764
1.11065
1.10322
1.0954
1.08744
1.07989
1.07335
1.0682
1.06441
1.06155
1.05915
1.05701
1.05534
1.05457
1.05517
1.05739
1.06113
1.06612
1.07225
