1.64875
1.64437
1.63663
1.62513
1.60933
1.58853
1.56188
1.52836
1.48694
1.43669
1.377
1.30792
1.23039
1.14661
1.06008
0.975285
0.897142
0.830067
0.777267
0.740292
0.718983
0.711671
0.715667
0.727752
0.744714
0.763753
0.782739
0.800267
0.815654
0.828797
0.839969
0.849554
0.857863
0.865048
0.871052
0.875691
0.878833
0.880536
0.881094
0.881
0.88085
0.881187
0.882392
0.884697
0.888142
0.892538
0.897495
0.902429
0.906745
0.909948
0.911749
0.912181
0.911555
0.910362
0.909162
0.908418
0.908449
0.909436
0.911415
0.914273
0.91774
0.921372
0.924553
0.926667
0.927194
0.925841
0.922681
0.91819
0.913203
0.90867
0.905274
0.903063
0.901415
0.899361
0.896075
0.891283
0.885301
0.878931
0.873243
0.869341
0.868184
0.870412
0.876205
0.885229
0.896761
0.909863
0.923572
0.937031
0.94954
0.960548
0.969644
0.976476
0.980761
0.982346
0.981186
0.977386
0.971159
0.962784
0.952512
0.940581
0.927186
0.912607
0.897268
0.881776
0.866903
0.853461
0.842133
0.833333
0.827128
0.823332
0.821628
0.821806
0.823823
0.827871
0.83425
0.843229
0.854867
0.868883
0.884696
0.901491
0.918331
0.934241
0.948262
0.959492
0.967152
0.970738
0.970099
0.965395
0.957115
0.945981
0.932844
0.918606
0.904085
0.889971
0.876813
0.865069
0.855154
0.84753
0.842686
0.841208
0.843631
0.850268
0.860978
0.875041
0.891263
0.908198
0.924453
0.938855
0.950537
0.95895
0.963822
0.965114
0.963022
0.95792
0.950325
0.940846
0.930068
0.918492
0.906478
0.894297
0.882228
0.870728
0.8605
0.852471
0.847566
0.846404
0.849023
0.854809
0.862645
0.871215
0.879248
0.885729
0.889911
0.891309
0.889684
0.884992
0.87743
0.867455
0.855792
0.843491
0.831901
0.82253
0.816835
0.815925
0.820259
0.829483
0.84251
0.857753
0.873465
0.888
0.900048
0.908709
0.913524
0.914433
0.91177
0.906151
0.898406
0.889509
0.880453
0.872175
0.865434
0.860783
0.858513
0.858649
0.861005
0.865203
0.870744
0.877035
0.883414
0.889188
0.893715
0.896432
0.896937
0.895032
0.890768
0.884475
0.876778
0.868546
0.860804
0.854511
0.8503
0.848356
0.84844
0.850024
0.852495
0.855299
0.858009
0.860392
0.862376
0.863983
0.865258
0.866245
0.86696
0.867327
0.867218
0.866478
0.864949
0.862522
0.85922
0.855255
0.851161
0.847731
0.845894
0.846445
0.849813
0.856012
0.864658
0.875126
0.886669
0.898471
0.909747
0.919736
0.927759
0.933271
0.935946
0.935654
0.932487
0.926751
0.918915
0.909531
0.899222
0.888619
0.87833
0.868897
0.860724
0.854083
0.849055
0.845519
0.843233
0.841855
0.841068
0.840651
0.840507
0.840656
0.841216
0.842375
0.844239
0.84682
0.849917
0.853186
0.856167
0.858343
0.859289
0.858781
0.85684
0.853788
0.850192
0.846785
0.844227
0.842921
0.842867
0.843656
0.844671
0.845272
0.845107
0.844205
0.842919
0.841808
0.841403
0.84198
0.84344
0.845363
0.847082
0.847995
0.847782
0.846548
0.844772
0.843029
0.84162
0.840363
0.838729
0.836248
0.832774
0.828586
0.824225
0.820238
0.817002
0.814686
0.813311
0.812924
0.813661
0.815729
0.819252
0.824166
0.830063
0.8363
0.84216
0.847042
0.850519
0.852386
0.85255
0.850993
0.847679
0.84263
0.836032
0.828279
0.820013
0.812027
0.805115
0.799858
0.796515
0.795053
0.795299
0.797101
0.800404
0.805186
0.811347
0.818582
0.826444
0.83445
0.842213
0.849457
0.855978
0.861563
0.865879
0.868499
0.868975
0.86692
0.862083
0.854442
0.844234
0.831948
0.818409
0.804726
0.792213
0.782216
0.77585
0.773767
0.776018
0.782097
0.791192
0.802443
0.814986
0.827933
0.840347
0.851328
0.86012
0.866242
0.869554
0.870188
0.868479
0.864908
0.860014
0.854374
0.848598
0.843271
0.838901
0.835874
0.834369
0.83444
0.836097
0.83936
0.844237
0.850608
0.858084
0.86601
0.873586
0.880066
0.884884
0.887747
0.888655
0.887855
0.885784
0.882959
0.879816
0.876608
0.873365
0.869941
0.866163
0.86196
0.85741
0.852702
0.848057
0.843715
0.839946
0.837033
0.835241
0.834702
0.835377
0.837002
0.839216
0.841672
0.844122
0.846441
0.848583
0.850513
0.852176
0.853527
0.854537
0.855241
0.85579
0.856431
0.857451
0.859121
0.861641
0.865074
0.869226
0.873769
0.878239
0.882104
0.884889
0.886143
0.885498
0.882742
0.877845
0.871038
0.862817
0.853927
0.845289
0.837899
0.832612
0.830033
0.830387
0.833544
0.839129
0.846588
0.855357
0.864904
0.874774
0.884563
0.893891
0.902398
0.909753
0.915679
0.919971
0.922515
0.923335
0.922552
0.920375
0.917037
0.912751
0.907656
0.901837
0.89537
0.888358
0.881014
0.873667
0.866722
0.860635
0.855787
0.852404
0.8505
0.849847
0.850072
0.850776
0.851594
0.852319
0.852887
0.853391
0.853989
0.854917
0.85642
0.858706
0.86192
0.86609
0.871069
0.876558
0.882151
0.887396
0.891887
0.895288
0.897388
0.898099
0.897386
0.895279
0.891831
0.887068
0.881001
0.873633
0.864985
0.855108
0.844131
0.832292
0.820006
0.807914
0.796787
0.787445
0.780542
0.77635
0.774684
0.774962
0.776501
0.778789
0.781633
0.785099
0.789363
0.794618
0.801031
0.808749
0.817934
0.828649
0.840744
0.853852
0.867404
0.880749
0.893291
0.904564
0.914253
0.922111
0.927835
0.931045
0.93137
0.928658
0.923114
0.915358
0.906299
0.896967
0.888276
0.880919
0.875294
0.871503
0.869411
0.868676
0.868928
0.869808
0.871036
0.872396
0.873721
0.874822
0.875399
0.875048
0.873289
0.869657
0.863875
0.856015
0.846649
0.836828
0.827932
0.821358
0.818109
0.818522
0.822248
0.828457
0.836133
0.844341
0.852363
0.859679
0.865927
0.870835
0.874183
0.87584
0.875758
0.874047
0.871011
0.867139
0.863036
0.859276
0.856254
0.85409
0.852587
0.851375
0.850079
0.848498
0.84672
0.845129
0.84435
0.84508
0.84785
0.852871
0.859924
0.868288
0.876892
0.884489
0.889941
0.892383
0.891461
0.887393
0.88088
0.872944
0.864695
0.857057
0.850681
0.845957
0.843116
0.842356
0.843806
0.847445
0.853008
0.859964
0.867564
0.875003
0.881606
0.886981
0.891061
0.894044
0.896273
0.898111
0.899845
0.90171
0.903849
0.906341
0.909233
0.912504
0.916031
0.919571
0.922768
0.925176
0.926299
0.925661
0.922912
0.917857
0.910511
0.901125
0.890134
0.878095
0.865662
0.853548
0.842519
0.833333
0.826613
0.822763
0.821869
0.823638
0.827474
0.832585
0.838122
0.843276
0.847342
0.849761
0.850141
0.848265
0.844079
0.837753
0.82971
0.820653
0.811481
0.80314
0.796394
0.791614
0.788659
0.786997
0.785934
0.784894
0.78354
0.781869
0.780157
0.778893
0.778611
0.779786
0.782729
0.787566
0.794218
0.80241
0.811656
0.821184
0.830032
0.837197
0.841872
0.843596
0.842321
0.838386
0.832401
0.825117
0.817327
0.809799
0.803207
0.798129
0.795006
0.794163
0.795768
0.79978
0.805923
0.813743
0.822621
0.831865
0.840784
0.848742
0.855173
0.859687
0.862098
0.862477
0.861116
0.858488
0.855131
0.851506
0.847877
0.844261
0.840447
0.836179
0.831256
0.825692
0.819764
0.814049
0.809287
0.806315
0.805814
0.808241
0.813705
0.821934
0.832287
0.84385
0.855513
0.86612
0.87463
0.880181
0.882202
0.88039
0.874722
0.865363
0.85263
0.837011
0.81917
0.799948
0.780427
0.761904
0.745721
0.733137
0.725222
0.722755
0.726152
0.735289
0.749359
0.76688
0.785999
0.804829
0.821783
0.83571
0.845952
0.852328
0.855059
0.854678
0.851916
0.847553
0.842342
0.836966
0.832042
0.828114
0.825677
0.825202
0.827044
0.831398
0.83822
0.847207
0.857832
0.86936
0.880951
0.891729
0.900865
0.907677
0.911665
0.912608
0.91058
0.906028
0.899704
0.892621
0.885891
0.880445
0.876816
0.875029
0.874687
0.875212
0.87607
0.876953
0.877782
0.878625
0.879531
0.880437
0.881107
0.881149
0.880148
0.877806
0.874125
0.86942
0.864268
0.8594
0.855583
0.85353
0.853815
0.856742
0.862273
0.870012
0.879309
0.889354
0.899321
0.908431
0.915962
0.921237
0.923695
0.922928
0.91874
0.911225
0.900774
0.888105
0.874153
0.859991
0.846679
0.835114
0.825914
0.819304
0.815125
0.812878
0.811863
0.811284
0.810477
0.809046
0.806963
0.804553
0.802274
0.800469
0.799211
0.798325
0.797547
0.796667
0.795514
0.793962
0.791929
0.78944
0.786657
0.783887
0.781515
0.779919
0.779378
0.780056
0.782013
0.785244
0.789673
0.795153
0.801449
0.808173
0.814762
0.820512
0.824645
0.82651
0.825765
0.82254
0.817529
0.811923
0.807144
0.804437
0.80453
0.807573
0.813222
0.820825
0.82961
0.838778
0.847526
0.855082
0.860713
0.863765
0.863754
0.860397
0.853662
0.843756
0.831108
0.816334
0.800223
0.783666
0.767577
0.752799
0.740003
0.729596
0.721704
0.716217
0.712849
0.711209
0.71091
0.711628
0.713187
0.715594
0.719048
0.723768
0.729892
0.737346
0.745796
0.75476
0.763719
0.772186
0.779818
0.786426
0.792004
0.796721
0.800829
0.804553
0.80802
0.811235
0.814075
0.816385
0.818056
0.819121
0.819757
0.82024
0.820838
0.821667
0.822621
0.823334
0.823306
0.822082
0.819392
0.815243
0.809965
0.804111
0.79836
0.793387
0.78975
0.787801
0.787673
0.789319
0.792514
0.796936
0.802221
0.807982
0.813887
0.819658
0.825072
0.829988
0.834319
0.83803
0.841141
0.84368
0.845603
0.846799
0.84704
0.846014
0.843393
0.838972
0.832721
0.824849
0.815807
0.806227
0.796818
0.788232
0.78096
0.775224
0.770955
0.767826
0.765311
0.762803
0.759759
0.755881
0.751314
0.746705
0.74309
0.741533
0.742553
0.745779
0.750064
0.753969
0.756264
0.756243
0.753855
0.749736
0.745186
0.742014
0.742007
0.746295
0.754912
0.766875
0.780709
0.794994
0.808695
0.821159
0.832022
0.84103
0.847966
0.852602
0.854713
0.854135
0.850849
0.845011
0.837013
1.63338
1.60771
1.57535
1.53833
1.49883
1.45901
1.42074
1.38564
1.3549
1.32933
1.3093
1.29485
1.28583
1.28179
1.2819
1.28475
1.2883
1.29024
1.28867
1.28271
1.2728
1.26057
1.24834
1.23852
1.23297
1.23247
1.23663
1.24404
1.25277
1.26076
1.26634
1.26848
1.26684
1.26152
1.25294
1.24155
1.22815
1.21432
1.20289
1.19773
1.20224
1.21752
1.24202
1.27262
1.30587
1.33851
1.36779
1.39173
1.40936
1.42061
1.42616
1.42725
1.42542
1.42231
1.4193
1.41722
1.41635
1.41664
1.41823
1.42154
1.42678
1.43356
1.4409
1.44788
1.45387
1.45862
1.46193
1.46346
1.46253
1.45838
1.45047
1.439
1.42524
1.41129
1.39915
1.38979
1.38279
1.3768
1.37041
1.36308
1.35561
1.3501
1.34899
1.35389
1.365
1.38147
1.40189
1.42439
1.44663
1.46623
1.48124
1.49059
1.49416
1.49259
1.487
1.47854
1.46801
1.45563
1.44134
1.42511
1.40738
1.38917
1.37198
1.35704
1.34476
1.33485
1.32717
1.32208
1.31991
1.32028
1.32217
1.3246
1.32734
1.33094
1.33631
1.34415
1.35459
1.36718
1.38104
1.39503
1.40795
1.41863
1.42605
1.4295
1.42868
1.42379
1.41545
1.40453
1.39186
1.37808
1.36368
1.34913
1.33505
1.32216
1.31124
1.30314
1.29855
1.29792
1.30129
1.30833
1.31825
1.32985
1.34129
1.35032
1.35475
1.35315
1.34532
1.33252
1.31722
1.30242
1.29088
1.28458
1.28428
1.28972
1.29979
1.31287
1.32727
1.34167
1.35542
1.36832
1.37994
1.38901
1.39355
1.39177
1.38306
1.36831
1.34975
1.33031
1.31288
1.29963
1.29167
1.28896
1.29053
1.29484
1.30026
1.30539
1.30936
1.31186
1.31296
1.31304
1.31249
1.31167
1.31086
1.31021
1.30987
1.3101
1.31128
1.31385
1.31823
1.32494
1.33461
1.34775
1.36422
1.3829
1.40168
1.41819
1.43055
1.43781
1.4399
1.43738
1.43116
1.42231
1.41197
1.40132
1.39157
1.38388
1.37916
1.37773
1.37918
1.38244
1.38617
1.38921
1.39094
1.39138
1.39102
1.39064
1.39095
1.39232
1.39444
1.39626
1.39628
1.3931
1.38596
1.37505
1.36161
1.34755
1.3349
1.32522
1.31935
1.31753
1.31989
1.32679
1.33871
1.35578
1.3773
1.40156
1.42606
1.44808
1.4652
1.47563
1.47854
1.47411
1.46331
1.44764
1.42877
1.40816
1.38696
1.366
1.34589
1.32725
1.31077
1.2972
1.28728
1.28167
1.28107
1.28603
1.29702
1.31416
1.33722
1.36541
1.39691
1.42874
1.45719
1.47871
1.4908
1.49255
1.48479
1.46978
1.45088
1.43187
1.41638
1.40725
1.40597
1.41245
1.42514
1.44148
1.45853
1.47356
1.48447
1.49015
1.49054
1.48649
1.47944
1.47055
1.46025
1.44816
1.43382
1.41728
1.39942
1.38192
1.36669
1.35542
1.34907
1.34763
1.35014
1.35508
1.36088
1.3664
1.37092
1.37406
1.37563
1.37543
1.37314
1.36845
1.3612
1.35147
1.33985
1.32765
1.31682
1.30952
1.30727
1.31029
1.31751
1.32726
1.33778
1.34763
1.35585
1.36195
1.36585
1.36772
1.36781
1.36646
1.36414
1.36146
1.35925
1.35841
1.35965
1.36324
1.36871
1.37487
1.38004
1.38233
1.38019
1.37262
1.3596
1.34215
1.32236
1.30305
1.28735
1.27781
1.27541
1.27919
1.28654
1.29426
1.29979
1.30195
1.3013
1.29986
1.30019
1.30423
1.31219
1.32294
1.33495
1.34712
1.35874
1.36907
1.37707
1.3816
1.38189
1.37788
1.37035
1.36076
1.35088
1.34244
1.33683
1.33467
1.3357
1.33885
1.34268
1.34583
1.3475
1.34762
1.34668
1.34529
1.34382
1.34217
1.33981
1.33613
1.33079
1.3241
1.31722
1.31176
1.30918
1.30997
1.31337
1.31772
1.32124
1.32272
1.32194
1.31959
1.31697
1.31555
1.31643
1.31994
1.32542
1.33148
1.33643
1.33884
1.33795
1.3339
1.32772
1.32134
1.31738
1.31851
1.32625
1.34017
1.35786
1.3758
1.3904
1.39883
1.39934
1.39147
1.37585
1.3541
1.32877
1.30312
1.28065
1.26451
1.25667
1.25757
1.2661
1.27978
1.29521
1.30841
1.31552
1.31366
1.30175
1.28117
1.25596
1.23246
1.21779
1.21737
1.23255
1.2601
1.29391
1.32756
1.35623
1.37736
1.39051
1.39682
1.39851
1.39834
1.39915
1.40329
1.41208
1.42551
1.44214
1.45965
1.47542
1.48725
1.49362
1.49384
1.48771
1.47543
1.45749
1.43477
1.40854
1.38068
1.35347
1.32917
1.30942
1.29487
1.2853
1.28002
1.27838
1.27994
1.28431
1.29092
1.29889
1.30714
1.31454
1.32018
1.32352
1.32449
1.32329
1.32029
1.3158
1.31008
1.30345
1.29645
1.28978
1.28391
1.27874
1.27361
1.26781
1.26113
1.25425
1.24856
1.24569
1.24695
1.25281
1.26286
1.27593
1.29061
1.30569
1.32035
1.33427
1.3475
1.3603
1.37275
1.38441
1.39414
1.40022
1.40089
1.39528
1.38424
1.37058
1.35791
1.34826
1.34062
1.33212
1.32077
1.3071
1.29353
1.28263
1.27561
1.27216
1.27129
1.27198
1.27381
1.27708
1.28281
1.29246
1.30732
1.32781
1.35302
1.38077
1.40803
1.43182
1.44985
1.46086
1.46458
1.46151
1.45254
1.43867
1.42074
1.39951
1.37575
1.35062
1.32575
1.30301
1.28416
1.27034
1.26177
1.2577
1.25685
1.25827
1.2621
1.26976
1.28309
1.30244
1.32543
1.34746
1.36376
1.37133
1.36977
1.36135
1.35011
1.34056
1.33602
1.33773
1.34502
1.35614
1.36914
1.3823
1.39428
1.40396
1.41019
1.41162
1.40684
1.39482
1.37537
1.34965
1.32046
1.29186
1.2679
1.25103
1.24156
1.23856
1.24105
1.2484
1.26021
1.27603
1.29521
1.3167
1.33865
1.35841
1.37317
1.3808
1.38078
1.37449
1.36479
1.35479
1.34621
1.33869
1.33069
1.32122
1.31065
1.30045
1.29243
1.28799
1.28767
1.29097
1.29649
1.30224
1.30616
1.30682
1.3039
1.29828
1.29144
1.28458
1.27807
1.27152
1.26424
1.25584
1.24638
1.23647
1.22728
1.22057
1.21854
1.22341
1.23667
1.25836
1.28674
1.31867
1.35042
1.3785
1.40033
1.41454
1.42101
1.42078
1.41575
1.40815
1.39984
1.39186
1.38431
1.37676
1.36888
1.36089
1.35364
1.3482
1.34546
1.34564
1.34837
1.35312
1.35946
1.36715
1.37595
1.38521
1.39377
1.4
1.40226
1.39943
1.39122
1.37835
1.3625
1.34611
1.33192
1.32249
1.31972
1.32447
1.33638
1.35409
1.37555
1.39839
1.42023
1.43896
1.45289
1.46092
1.46253
1.45781
1.44762
1.43339
1.41695
1.40012
1.38434
1.37059
1.35951
1.35153
1.34676
1.34491
1.34524
1.3468
1.34866
1.35025
1.3512
1.35116
1.34968
1.34613
1.33996
1.33099
1.31979
1.30765
1.29631
1.28759
1.2829
1.2831
1.28835
1.29813
1.31117
1.32552
1.33873
1.34828
1.35218
1.34957
1.34094
1.32793
1.31263
1.29707
1.28304
1.27204
1.26519
1.26292
1.26479
1.26961
1.27576
1.28172
1.28643
1.28936
1.29066
1.29106
1.29181
1.29443
1.30015
1.30937
1.32127
1.33399
1.34512
1.35253
1.35488
1.35192
1.3444
1.33384
1.32217
1.31135
1.30308
1.29849
1.29802
1.30156
1.30854
1.31824
1.32984
1.34255
1.35553
1.36789
1.37871
1.38702
1.39205
1.39346
1.39141
1.38645
1.37932
1.37088
1.36195
1.35326
1.34528
1.33795
1.3305
1.32161
1.30991
1.29484
1.27749
1.26092
1.24947
1.24686
1.25407
1.26873
1.28636
1.30252
1.31424
1.32054
1.32214
1.32089
1.31897
1.31845
1.32074
1.32651
1.33573
1.34785
1.3619
1.37653
1.39003
1.40069
1.40699
1.40809
1.40397
1.39548
1.38421
1.37216
1.36133
1.35314
1.34821
1.34652
1.34774
1.35152
1.3573
1.36421
1.37113
1.37683
1.38024
1.38063
1.37771
1.37191
1.36436
1.35658
1.34988
1.34482
1.34123
1.33848
1.33596
1.33331
1.33056
1.32803
1.32621
1.32554
1.3264
1.32887
1.33261
1.33674
1.34008
1.34158
1.34075
1.33789
1.33407
1.33069
1.32914
1.33041
1.33484
1.34206
1.35117
1.36103
1.37068
1.37953
1.38766
1.39587
1.40536
1.41702
1.43063
1.44457
1.45622
1.46296
1.46324
1.45701
1.44562
1.43088
1.41404
1.39553
1.37566
1.35523
1.33552
1.31776
1.30279
1.2911
1.28314
1.27938
1.28024
1.28562
1.29472
1.30602
1.31776
1.32856
1.33772
1.34521
1.35142
1.35679
1.36166
1.36612
1.37028
1.37441
1.37886
1.38369
1.3883
1.39139
1.39132
1.38676
1.37753
1.36548
1.35454
1.3491
1.35162
1.36089
1.37294
1.38322
1.38861
1.38806
1.38207
1.37196
1.35924
1.34551
1.33235
1.32127
1.31341
1.30927
1.30871
1.31112
1.31587
1.32263
1.33148
1.34257
1.3554
1.36817
1.37794
1.38165
1.37719
1.36412
1.34362
1.31807
1.29045
1.26376
1.24056
1.22279
1.21173
1.20792
1.21102
1.21998
1.23343
1.25026
1.2697
1.29088
1.31236
1.33228
1.34903
1.36179
1.37054
1.37562
1.37736
1.37624
1.37316
1.3695
1.36682
1.36615
1.36751
1.36968
1.37064
1.36843
1.36209
1.35225
1.34106
1.33124
1.32475
1.32175
1.3207
1.31941
1.31628
1.31088
1.3038
1.2961
1.28867
1.282
1.27629
1.27189
1.26961
1.27074
1.27635
1.2864
1.29946
1.31351
1.32704
1.33966
1.35191
1.36457
1.378
1.39187
1.40533
1.41722
1.42633
1.43153
1.43185
1.42672
1.41635
1.40192
1.38498
1.36659
1.34674
1.32506
1.30207
1.28001
1.26241
1.2527
1.25253
1.26099
1.27519
1.29179
1.3083
1.3235
1.33703
1.34879
1.35849
1.36545
1.36883
1.36782
1.36199
1.3515
1.33731
1.32114
1.30522
1.29187
1.28297
1.27947
1.28128
1.65378
1.65608
1.65524
1.65019
1.64022
1.62531
1.60672
1.58717
1.57007
1.55758
1.54933
1.54356
1.53927
1.53709
1.53843
1.544
1.55294
1.56298
1.57126
1.57523
1.57329
1.565
1.55112
1.53339
1.51425
1.49646
1.48256
1.47433
1.47273
1.47796
1.48935
1.50523
1.52291
1.53921
1.55121
1.55664
1.5541
1.54332
1.52559
1.50382
1.48192
1.46345
1.45039
1.44306
1.44101
1.44371
1.45071
1.46125
1.47394
1.48673
1.49723
1.50323
1.50328
1.49709
1.48589
1.47214
1.45905
1.44981
1.44697
1.45182
1.46372
1.47966
1.49487
1.50436
1.50456
1.49418
1.47426
1.44777
1.41882
1.39176
1.37028
1.35707
1.35375
1.36056
1.3761
1.39691
1.41803
1.43426
1.44189
1.44021
1.43167
1.42054
1.41017
1.40139
1.39347
1.38627
1.38132
1.38123
1.38824
1.40307
1.42462
1.45015
1.47591
1.49814
1.5142
1.5234
1.52728
1.52858
1.52969
1.53118
1.53194
1.53051
1.52652
1.52106
1.51593
1.51279
1.51265
1.51632
1.52475
1.5387
1.5579
1.58073
1.60461
1.62677
1.64483
1.65708
1.66262
1.66149
1.65449
1.64296
1.62837
1.61207
1.59509
1.57815
1.56186
1.54711
1.53528
1.52815
1.52738
1.53397
1.54774
1.56734
1.59055
1.61475
1.63733
1.656
1.66887
1.67474
1.67328
1.66523
1.65226
1.6367
1.62081
1.60618
1.5937
1.58395
1.57777
1.57631
1.5808
1.59202
1.60995
1.63334
1.65965
1.68528
1.70644
1.72002
1.72421
1.71841
1.703
1.67908
1.64841
1.61333
1.57661
1.54143
1.5113
1.4897
1.4788
1.47815
1.48439
1.49263
1.49814
1.49743
1.48846
1.47066
1.44483
1.41309
1.37911
1.34824
1.3268
1.31939
1.32586
1.34134
1.35972
1.37659
1.38993
1.39922
1.40474
1.40711
1.40752
1.40777
1.41006
1.41636
1.42774
1.44417
1.46477
1.48816
1.51259
1.53603
1.5566
1.57296
1.58456
1.59158
1.59467
1.59478
1.59297
1.59051
1.58882
1.58931
1.593
1.59963
1.60738
1.61337
1.61492
1.61057
1.60046
1.58616
1.57019
1.55547
1.54471
1.53972
1.54105
1.54823
1.55996
1.57447
1.58974
1.6038
1.61538
1.62444
1.63245
1.64134
1.65179
1.662
1.66868
1.66908
1.66241
1.65009
1.63494
1.61993
1.60724
1.59779
1.59113
1.58593
1.58044
1.57295
1.56218
1.54762
1.5297
1.50986
1.49034
1.47353
1.46155
1.45567
1.45607
1.46177
1.47114
1.48256
1.49484
1.50713
1.51893
1.52997
1.54033
1.55029
1.56007
1.5696
1.5785
1.58631
1.59276
1.59784
1.60153
1.60322
1.60149
1.59437
1.5803
1.55906
1.53269
1.50558
1.48339
1.47109
1.47119
1.4832
1.50409
1.52916
1.55352
1.57398
1.58993
1.60275
1.61439
1.62578
1.63617
1.64348
1.64544
1.64084
1.63044
1.61721
1.60547
1.59906
1.59943
1.60504
1.61261
1.61887
1.62167
1.6204
1.6159
1.61009
1.60547
1.60446
1.60883
1.61926
1.63482
1.65308
1.67057
1.68378
1.69012
1.68837
1.67867
1.66237
1.64158
1.61867
1.59568
1.57387
1.55366
1.53489
1.51725
1.50052
1.48469
1.46993
1.4566
1.44516
1.43599
1.42925
1.42462
1.4215
1.41944
1.41865
1.42018
1.42559
1.43608
1.45166
1.47081
1.49079
1.50843
1.52115
1.52783
1.52907
1.52682
1.52371
1.52225
1.52443
1.5313
1.54252
1.55623
1.5693
1.57829
1.58051
1.57499
1.56278
1.54631
1.52783
1.50812
1.48687
1.46431
1.44241
1.42454
1.41388
1.41211
1.41881
1.43188
1.44827
1.46489
1.4795
1.49132
1.50114
1.51015
1.51835
1.52431
1.5265
1.5248
1.52072
1.51679
1.51592
1.52078
1.53273
1.55069
1.57139
1.59098
1.60681
1.61773
1.6235
1.62408
1.61943
1.60988
1.59645
1.58073
1.56451
1.54925
1.53584
1.52482
1.5165
1.51068
1.50642
1.50246
1.498
1.49326
1.48916
1.48665
1.48624
1.48805
1.4923
1.49964
1.51074
1.52565
1.54311
1.56063
1.57526
1.58459
1.58759
1.58488
1.57879
1.57268
1.56977
1.57199
1.57951
1.59108
1.60481
1.61888
1.63191
1.64315
1.65247
1.65986
1.66478
1.66617
1.66309
1.65563
1.64471
1.63103
1.61411
1.59271
1.56631
1.53652
1.50701
1.48218
1.46536
1.4578
1.45892
1.46665
1.47762
1.48756
1.49259
1.49089
1.48509
1.48298
1.49294
1.51566
1.54307
1.5662
1.58091
1.58745
1.5879
1.58467
1.5799
1.57526
1.57128
1.56721
1.5614
1.55261
1.54134
1.53062
1.52508
1.52807
1.53923
1.55488
1.57057
1.58302
1.59055
1.59289
1.59081
1.58563
1.57876
1.57127
1.56378
1.55664
1.55032
1.54552
1.54293
1.54288
1.54528
1.5495
1.55474
1.56007
1.56457
1.56748
1.56841
1.5675
1.56516
1.56173
1.55722
1.55143
1.54445
1.53685
1.52959
1.52373
1.52023
1.51992
1.52329
1.53048
1.54128
1.55517
1.57156
1.58989
1.60956
1.62956
1.64812
1.66295
1.67207
1.67468
1.67145
1.66422
1.65504
1.64535
1.63562
1.62569
1.61519
1.60402
1.59257
1.58185
1.57325
1.56805
1.56671
1.56844
1.57164
1.57454
1.57582
1.5748
1.57139
1.56603
1.55954
1.55277
1.54637
1.54066
1.53553
1.53059
1.52513
1.51856
1.51104
1.50389
1.49937
1.49944
1.50472
1.51456
1.52777
1.54352
1.5614
1.58129
1.60289
1.62552
1.64809
1.66934
1.68806
1.70335
1.71474
1.72207
1.72545
1.72495
1.7204
1.71139
1.69745
1.67854
1.65542
1.62967
1.60332
1.57812
1.55525
1.53547
1.51938
1.5076
1.50076
1.49954
1.50447
1.51542
1.53104
1.54877
1.56555
1.57874
1.58672
1.58916
1.58673
1.5806
1.57212
1.56265
1.55376
1.5472
1.54418
1.54456
1.54668
1.54816
1.54704
1.54233
1.53403
1.52294
1.51061
1.49953
1.49301
1.49424
1.50447
1.52178
1.54145
1.55772
1.56543
1.56095
1.54259
1.51136
1.47208
1.43395
1.40776
1.40031
1.41107
1.43404
1.46172
1.48832
1.51054
1.5269
1.53677
1.54018
1.53787
1.53112
1.52152
1.51077
1.50057
1.49246
1.48739
1.48539
1.4855
1.48634
1.48692
1.48687
1.48609
1.48383
1.47814
1.4665
1.44735
1.42193
1.39503
1.37358
1.36317
1.36479
1.37452
1.38661
1.39692
1.40447
1.4108
1.41853
1.43004
1.44676
1.46864
1.49385
1.51913
1.541
1.55697
1.56618
1.56917
1.5674
1.56272
1.55705
1.55219
1.54964
1.55015
1.55317
1.55661
1.55777
1.55509
1.54914
1.54245
1.53811
1.53803
1.54222
1.54919
1.55734
1.56605
1.57563
1.58659
1.59889
1.61179
1.62424
1.63512
1.64329
1.64747
1.64646
1.63923
1.62517
1.60422
1.57702
1.54499
1.51036
1.47649
1.44809
1.43061
1.42866
1.44373
1.47252
1.50766
1.54063
1.56497
1.57784
1.57948
1.57177
1.55659
1.53504
1.50811
1.47869
1.45268
1.43692
1.43482
1.44451
1.46108
1.47935
1.495
1.50486
1.50734
1.5023
1.49095
1.47576
1.46006
1.44733
1.44026
1.43987
1.44522
1.45391
1.46301
1.47052
1.47661
1.48413
1.49722
1.51909
1.54997
1.58683
1.62494
1.65967
1.68762
1.70684
1.71654
1.71683
1.70854
1.69303
1.67209
1.64765
1.62133
1.59398
1.56599
1.53855
1.51594
1.506
1.51553
1.54339
1.58048
1.61691
1.64715
1.66999
1.68613
1.69676
1.70281
1.70486
1.7031
1.69727
1.68693
1.67171
1.65154
1.6268
1.59854
1.56848
1.53889
1.5122
1.49058
1.47567
1.46844
1.46913
1.4769
1.48948
1.50347
1.51534
1.52254
1.52416
1.52065
1.51324
1.50344
1.4927
1.48239
1.47362
1.46717
1.46332
1.46197
1.46267
1.46474
1.46755
1.4708
1.47485
1.48037
1.48764
1.4962
1.50538
1.51508
1.52579
1.53784
1.55045
1.56175
1.56949
1.57202
1.56877
1.56028
1.54802
1.53417
1.52131
1.51191
1.50788
1.51006
1.5177
1.52867
1.5403
1.55062
1.55901
1.56605
1.57309
1.58178
1.59345
1.60848
1.62586
1.64358
1.65958
1.67279
1.68366
1.6939
1.70549
1.71932
1.7341
1.74678
1.75389
1.75313
1.74408
1.72793
1.70677
1.6827
1.65748
1.63277
1.61021
1.59106
1.5754
1.56157
1.54683
1.52895
1.50766
1.48516
1.4654
1.4525
1.44917
1.45571
1.47022
1.48951
1.5103
1.53003
1.54696
1.55993
1.56802
1.57064
1.5681
1.56204
1.55505
1.54917
1.54449
1.53948
1.53306
1.52655
1.52382
1.52901
1.54342
1.56417
1.58611
1.60439
1.61575
1.61846
1.61223
1.59823
1.57917
1.55874
1.54036
1.52597
1.51584
1.50941
1.50614
1.50594
1.50904
1.51553
1.5251
1.53685
1.54951
1.56179
1.5726
1.5809
1.58555
1.58515
1.57826
1.56383
1.5417
1.51281
1.47935
1.44477
1.41359
1.39115
1.38275
1.39192
1.41861
1.45858
1.50491
1.55074
1.59111
1.62334
1.64661
1.66138
1.66885
1.67057
1.66806
1.6625
1.65484
1.64571
1.63563
1.62493
1.61381
1.60253
1.5914
1.58093
1.57187
1.5653
1.56264
1.56513
1.57317
1.58576
1.60078
1.61579
1.62884
1.63897
1.64635
1.65199
1.65717
1.66294
1.66955
1.67615
1.68104
1.68223
1.67812
1.66788
1.65142
1.62934
1.60281
1.57375
1.54497
1.51998
1.50224
1.49385
1.49496
1.50387
1.51791
1.53444
1.55154
1.56824
1.58425
1.59948
1.61361
1.62611
1.63637
1.64399
1.64893
1.65139
1.65158
1.64951
1.6452
1.63887
1.63091
1.62149
1.61021
1.59603
1.57814
1.55679
1.53404
1.5135
1.49932
1.49449
1.49972
1.51304
1.53053
1.54759
1.56008
1.56521
1.56208
1.55168
1.53666
1.52069
1.50766
1.50061
1.50096
1.50833
1.52075
1.53548
1.66222
1.67092
1.67405
1.67103
1.66194
1.64755
1.62932
1.60929
1.58966
1.57249
1.55922
1.55071
1.54716
1.5481
1.55245
1.55874
1.56546
1.57119
1.57498
1.57632
1.57501
1.5713
1.56611
1.56141
1.5602
1.56542
1.57835
1.59713
1.61732
1.63369
1.64244
1.64247
1.63536
1.62415
1.6116
1.59889
1.58551
1.57111
1.55779
1.55067
1.55503
1.57183
1.59606
1.61976
1.63648
1.64329
1.63996
1.62766
1.60856
1.58639
1.56637
1.55382
1.55231
1.56263
1.58318
1.611
1.64251
1.67403
1.70213
1.72393
1.73774
1.74328
1.74181
1.73558
1.72707
1.71819
1.70995
1.70271
1.69647
1.69086
1.68528
1.6793
1.67356
1.67007
1.67119
1.67756
1.68697
1.69562
1.70063
1.70151
1.69966
1.69683
1.69357
1.68883
1.6809
1.66868
1.65266
1.63493
1.61838
1.60563
1.59786
1.59444
1.59321
1.59161
1.58785
1.58144
1.57289
1.56292
1.55208
1.54097
1.5308
1.52358
1.52191
1.52799
1.54242
1.5634
1.58758
1.61177
1.63436
1.65528
1.67493
1.69307
1.70867
1.72069
1.72866
1.73284
1.73365
1.7311
1.72456
1.71291
1.69544
1.67258
1.64614
1.61887
1.59349
1.57188
1.55516
1.54401
1.53908
1.54099
1.54976
1.56409
1.58115
1.59757
1.6109
1.62061
1.62797
1.63538
1.64511
1.65827
1.67441
1.69169
1.70758
1.71961
1.72593
1.72554
1.71828
1.70518
1.68896
1.67378
1.66368
1.66038
1.66257
1.66732
1.67215
1.67599
1.67912
1.68246
1.68657
1.69113
1.69509
1.69731
1.69734
1.69572
1.69389
1.69358
1.69594
1.70108
1.70763
1.71321
1.71529
1.71193
1.70218
1.6862
1.66506
1.64075
1.61612
1.59454
1.57912
1.57186
1.57316
1.58207
1.59699
1.61609
1.63762
1.66011
1.68262
1.70486
1.72702
1.74896
1.76953
1.78626
1.79591
1.79551
1.78338
1.75966
1.72642
1.68717
1.64621
1.60785
1.57563
1.55152
1.53573
1.52721
1.52457
1.52689
1.53378
1.5446
1.55799
1.57211
1.58547
1.59729
1.607
1.61388
1.61723
1.61712
1.61463
1.61137
1.60863
1.60706
1.60671
1.60725
1.60811
1.60865
1.60873
1.60872
1.60897
1.60934
1.61002
1.61249
1.61822
1.62604
1.6323
1.63391
1.6303
1.62289
1.61362
1.60389
1.59451
1.58643
1.58144
1.58211
1.59068
1.60755
1.63049
1.65537
1.67769
1.69418
1.70358
1.70687
1.70651
1.70539
1.70588
1.70913
1.71509
1.72295
1.73148
1.73943
1.74567
1.74924
1.74977
1.74771
1.74435
1.74053
1.7351
1.72535
1.70927
1.68745
1.66294
1.63977
1.6212
1.60886
1.603
1.60309
1.60835
1.61798
1.63123
1.64716
1.66451
1.68171
1.69695
1.70878
1.71669
1.72143
1.72466
1.72802
1.73205
1.73594
1.73824
1.73766
1.73351
1.72568
1.71437
1.7001
1.68391
1.66742
1.65271
1.64169
1.63546
1.6341
1.63726
1.64457
1.65522
1.66733
1.67814
1.68555
1.68919
1.69023
1.69037
1.69078
1.69176
1.69306
1.69455
1.69673
1.70039
1.70586
1.71268
1.71992
1.72666
1.73195
1.73488
1.73482
1.73189
1.72714
1.72232
1.71917
1.71861
1.72032
1.72301
1.7252
1.72554
1.72312
1.71751
1.70903
1.6989
1.68899
1.68136
1.67758
1.67801
1.68181
1.68722
1.69208
1.69422
1.69189
1.68436
1.67261
1.65944
1.64821
1.64094
1.63774
1.63759
1.63897
1.64011
1.63949
1.63625
1.63047
1.62292
1.61476
1.60714
1.60095
1.59688
1.59545
1.59701
1.60164
1.6088
1.61725
1.62517
1.63047
1.6314
1.62707
1.6179
1.60581
1.59356
1.58354
1.57647
1.57115
1.56536
1.55725
1.5461
1.53225
1.51676
1.50099
1.48635
1.47423
1.46613
1.46354
1.46769
1.47897
1.49642
1.51806
1.54178
1.56618
1.59073
1.61532
1.63962
1.66269
1.683
1.69888
1.70912
1.71346
1.7126
1.70784
1.70067
1.69227
1.68348
1.67498
1.66757
1.66195
1.65833
1.65623
1.65458
1.65228
1.64861
1.64331
1.63642
1.62803
1.61812
1.60653
1.59317
1.57844
1.56336
1.54938
1.53792
1.52989
1.52556
1.52464
1.52667
1.53117
1.53767
1.54548
1.55354
1.56046
1.56481
1.56557
1.56296
1.5593
1.5587
1.56443
1.57576
1.58814
1.59684
1.59982
1.59785
1.59334
1.58916
1.58794
1.59134
1.59958
1.61154
1.62531
1.63906
1.65142
1.66176
1.66977
1.67503
1.6767
1.67363
1.66498
1.65084
1.63253
1.61214
1.59174
1.57273
1.55566
1.54091
1.52913
1.52097
1.51636
1.51424
1.51317
1.51233
1.51209
1.51375
1.51863
1.5268
1.53644
1.54415
1.54612
1.53964
1.52463
1.50461
1.48598
1.47535
1.47714
1.49274
1.52013
1.55397
1.5874
1.61473
1.63333
1.64368
1.64816
1.64925
1.64848
1.64631
1.64302
1.63945
1.63728
1.63848
1.64462
1.65617
1.67215
1.69018
1.70713
1.71998
1.72666
1.7263
1.71928
1.70705
1.69214
1.67809
1.6688
1.66735
1.67433
1.68742
1.70221
1.71407
1.71969
1.71747
1.7072
1.68958
1.66577
1.63721
1.60553
1.57284
1.54192
1.51569
1.4958
1.48205
1.47321
1.46861
1.4686
1.47404
1.48527
1.50191
1.52309
1.54755
1.57331
1.59783
1.61879
1.6349
1.6461
1.6531
1.65708
1.65956
1.66206
1.6656
1.66998
1.67372
1.67484
1.67187
1.66464
1.65424
1.64257
1.63186
1.62415
1.62072
1.62136
1.62433
1.62722
1.62819
1.6266
1.62282
1.6176
1.61156
1.60513
1.5989
1.59409
1.59267
1.59681
1.60743
1.62309
1.63994
1.6531
1.65839
1.65357
1.63877
1.61633
1.59048
1.56628
1.54824
1.53872
1.53737
1.54172
1.54848
1.55485
1.55946
1.56224
1.56386
1.56494
1.56612
1.56861
1.57417
1.58411
1.59778
1.61245
1.62481
1.63287
1.63676
1.63815
1.63903
1.64063
1.64295
1.64503
1.64561
1.6438
1.63976
1.63533
1.63412
1.63999
1.65423
1.67404
1.69423
1.71014
1.7194
1.72216
1.72012
1.71536
1.70931
1.7025
1.69498
1.68686
1.67835
1.66965
1.66086
1.65211
1.64371
1.636
1.62907
1.62265
1.6166
1.61171
1.60978
1.61263
1.62055
1.63187
1.64407
1.6553
1.66529
1.6752
1.68678
1.70125
1.71851
1.73699
1.75393
1.76598
1.77001
1.76389
1.74692
1.72016
1.68628
1.649
1.61231
1.57966
1.55327
1.53386
1.52065
1.51187
1.50544
1.49972
1.49422
1.48987
1.48888
1.49367
1.50541
1.52315
1.54415
1.56529
1.58449
1.60129
1.61651
1.63133
1.64614
1.65995
1.67067
1.67608
1.67473
1.66662
1.65345
1.63858
1.62603
1.61904
1.61873
1.62411
1.63348
1.64588
1.66148
1.68072
1.70279
1.72493
1.74318
1.754
1.75546
1.74767
1.73222
1.71146
1.68756
1.66177
1.63451
1.60619
1.57838
1.55371
1.53458
1.52259
1.51992
1.5293
1.55084
1.57979
1.60861
1.63075
1.64297
1.64529
1.63991
1.62987
1.61788
1.60567
1.59396
1.58303
1.57317
1.56502
1.55954
1.55787
1.56104
1.56984
1.58453
1.6047
1.62906
1.65561
1.68217
1.70682
1.7283
1.74615
1.76056
1.77197
1.7808
1.78721
1.79109
1.79215
1.79038
1.7863
1.78123
1.7768
1.7743
1.77391
1.77461
1.77446
1.77153
1.76442
1.75281
1.73739
1.71966
1.70139
1.68405
1.66825
1.65354
1.639
1.62413
1.60955
1.59681
1.58771
1.58353
1.58493
1.59197
1.60431
1.62127
1.64199
1.66557
1.69103
1.71733
1.74328
1.76746
1.78838
1.80464
1.81503
1.81855
1.81448
1.80238
1.78234
1.7552
1.72301
1.68915
1.65797
1.63383
1.61976
1.61643
1.62218
1.63382
1.64781
1.66116
1.67181
1.67889
1.6827
1.68458
1.68646
1.68982
1.69477
1.69988
1.7028
1.70143
1.69487
1.68363
1.66947
1.65473
1.64151
1.63094
1.62306
1.61716
1.61238
1.60811
1.60405
1.5999
1.59529
1.58992
1.58375
1.57738
1.57171
1.56745
1.56441
1.56152
1.55762
1.55235
1.54659
1.54192
1.53972
1.54047
1.54361
1.54823
1.55377
1.56041
1.56844
1.57729
1.58541
1.5908
1.59207
1.58888
1.58178
1.57199
1.56118
1.55135
1.54447
1.54201
1.54444
1.55106
1.56025
1.5697
1.5769
1.57948
1.57546
1.56372
1.54472
1.52158
1.50026
1.48782
1.48863
1.50191
1.52297
1.54697
1.57118
1.59466
1.61712
1.63827
1.65778
1.675
1.68871
1.69692
1.6971
1.68697
1.66525
1.63252
1.59205
1.55022
1.51583
1.49745
1.49993
1.52257
1.56027
1.60634
1.65447
1.69952
1.73774
1.76688
1.78611
1.7959
1.79757
1.7927
1.78275
1.76892
1.7527
1.73661
1.72369
1.71555
1.71103
1.70703
1.70083
1.69148
1.67991
1.66863
1.66093
1.6595
1.66486
1.67533
1.6887
1.70344
1.71837
1.73146
1.73977
1.74058
1.73303
1.71898
1.70292
1.69016
1.6843
1.68565
1.6917
1.69903
1.70493
1.70816
1.70892
1.70829
1.70738
1.7066
1.70555
1.70359
1.70066
1.69758
1.69557
1.69562
1.69767
1.70062
1.70279
1.70274
1.69989
1.6951
1.69065
1.68958
1.69455
1.70643
1.7238
1.74334
1.76083
1.77245
1.77566
1.7694
1.75404
1.73133
1.70437
1.67725
1.65358
1.63481
1.61974
1.60601
1.59212
1.57814
1.5654
1.55555
1.54959
1.54743
1.54835
1.55173
1.55756
1.56646
1.57907
1.59536
1.61447
1.63503
1.65575
1.67583
1.69472
1.71184
1.72632
1.73689
1.74196
1.73994
1.72987
1.71206
1.68842
1.66238
1.6382
1.6198
1.6093
1.60613
1.60763
1.61065
1.61286
1.61283
1.60958
1.6023
1.59046
1.57436
1.55565
1.53748
1.52393
1.51849
1.52229
1.53341
1.54796
1.56217
1.57383
1.58254
1.58918
