0.804185
0.808388
0.811542
0.812908
0.811926
0.808348
0.802514
0.795359
0.78829
0.782763
0.780027
0.780789
0.78509
0.792538
0.802561
0.814525
0.827698
0.841119
0.853613
0.863938
0.870981
0.873975
0.872687
0.867417
0.858804
0.847734
0.835082
0.821657
0.808148
0.795063
0.782798
0.771755
0.762529
0.755999
0.753201
0.755102
0.762313
0.774541
0.790587
0.808522
0.825968
0.840523
0.850011
0.852764
0.848134
0.83685
0.820999
0.803373
0.786513
0.772175
0.761288
0.754218
0.750942
0.751054
0.75389
0.758638
0.76445
0.770558
0.776501
0.782097
0.787299
0.792051
0.796247
0.799788
0.802634
0.804919
0.806985
0.809369
0.812694
0.817493
0.823954
0.831532
0.838804
0.843553
0.843402
0.836749
0.823801
0.80687
0.789957
0.777659
0.774013
0.78146
0.800154
0.82799
0.861006
0.894223
0.922595
0.941855
0.949198
0.943646
0.926154
0.899553
0.868163
0.837054
0.810886
0.792573
0.782736
0.779901
0.781482
0.784735
0.787435
0.788283
0.787029
0.784347
0.781502
0.779981
0.781063
0.785487
0.793267
0.803679
0.815575
0.827792
0.839551
0.85054
0.860749
0.86997
0.87732
0.881239
0.879956
0.872215
0.857802
0.83767
0.813734
0.788521
0.764481
0.743615
0.727268
0.71613
0.710478
0.710456
0.716155
0.727455
0.743819
0.76397
0.785985
0.807438
0.825896
0.839375
0.846899
0.848659
0.846108
0.841662
0.838002
0.837129
0.839557
0.844198
0.849025
0.851907
0.851396
0.847111
0.839857
0.831523
0.824449
0.820583
0.820631
0.823848
0.828581
0.833128
0.836329
0.837883
0.838134
0.837587
0.836734
0.835757
0.834446
0.832199
0.828397
0.822684
0.815275
0.807167
0.800155
0.796382
0.797669
0.804737
0.816598
0.83073
0.84398
0.853477
0.857088
0.853726
0.843638
0.828522
0.811321
0.795511
0.784268
0.779784
0.783043
0.793578
0.80956
0.828177
0.846279
0.861218
0.871193
0.875383
0.873706
0.866553
0.854579
0.838635
0.819884
0.799945
0.780764
0.764217
0.751737
0.744312
0.742701
0.747431
0.75837
0.773986
0.791302
0.806958
0.818574
0.8256
0.82909
0.830974
0.833161
0.837022
0.843168
0.851457
0.861097
0.870692
0.878589
0.883562
0.885259
0.884281
0.881802
0.87903
0.876771
0.875161
0.873683
0.871407
0.867173
0.859902
0.848915
0.834013
0.815688
0.795126
0.77426
0.755475
0.74112
0.732993
0.731887
0.737307
0.747627
0.760415
0.772905
0.782477
0.787122
0.785996
0.779691
0.770036
0.75967
0.751373
0.747485
0.749656
0.758776
0.774767
0.796402
0.821208
0.845792
0.866895
0.88212
0.890279
0.891221
0.885631
0.874959
0.861235
0.846783
0.833816
0.824109
0.818732
0.817986
0.821273
0.827409
0.835104
0.843341
0.85144
0.858778
0.864507
0.867448
0.866563
0.861487
0.85288
0.842265
0.83165
0.822994
0.817716
0.816572
0.819637
0.82645
0.836133
0.847402
0.858648
0.868186
0.874464
0.876236
0.872641
0.863155
0.847772
0.827165
0.802641
0.77571
0.747804
0.720192
0.69416
0.671086
0.652146
0.638434
0.63142
0.632969
0.644431
0.665583
0.694376
0.727699
0.762549
0.796694
0.828826
0.858267
0.884534
0.907194
0.925789
0.93993
0.94937
0.954118
0.954334
0.950222
0.942053
0.93002
0.914447
0.895776
0.874681
0.852096
0.829067
0.806631
0.785587
0.766656
0.750505
0.737824
0.729199
0.724996
0.725292
0.729806
0.738128
0.749753
0.763966
0.779764
0.795816
0.810535
0.822363
0.830077
0.832978
0.831051
0.825165
0.81688
0.808143
0.800779
0.796124
0.794833
0.79691
0.802015
0.809593
0.818725
0.827943
0.835232
0.838655
0.837047
0.830576
0.820673
0.80957
0.799639
0.792712
0.789762
0.790703
0.794579
0.799844
0.804935
0.808667
0.810465
0.810432
0.809193
0.807704
0.806888
0.807435
0.809743
0.813942
0.820039
0.827924
0.837219
0.847066
0.856141
0.863009
0.866397
0.86545
0.859814
0.849717
0.836085
0.820441
0.804984
0.791951
0.7831
0.779165
0.779727
0.783635
0.789401
0.795582
0.801136
0.805373
0.80814
0.809796
0.810947
0.812166
0.813791
0.815769
0.817925
0.820119
0.822182
0.823935
0.825286
0.826473
0.827927
0.829723
0.831126
0.83078
0.82757
0.821431
0.813612
0.806176
0.801044
0.799188
0.800471
0.803985
0.808531
0.813104
0.817034
0.820045
0.822168
0.823374
0.823315
0.821526
0.817829
0.812835
0.807886
0.804495
0.803649
0.805588
0.810094
0.816795
0.825231
0.834634
0.844063
0.852475
0.858892
0.862478
0.86257
0.858672
0.850526
0.838234
0.822336
0.803923
0.784705
0.766962
0.753166
0.74532
0.744378
0.750098
0.761459
0.77708
0.795495
0.815153
0.834313
0.851214
0.864307
0.872485
0.874966
0.871356
0.861557
0.845967
0.825629
0.802577
0.779761
0.760426
0.747438
0.742448
0.745442
0.754786
0.767779
0.781629
0.794361
0.80525
0.814556
0.822656
0.829575
0.835017
0.838856
0.841555
0.844221
0.848299
0.854859
0.86412
0.875184
0.886459
0.896055
0.902295
0.903884
0.900088
0.890774
0.876514
0.858371
0.837564
0.815261
0.792534
0.770364
0.749891
0.732561
0.72006
0.713874
0.714314
0.720056
0.728817
0.738713
0.748895
0.759489
0.771091
0.784376
0.799789
0.817405
0.836395
0.854712
0.869701
0.879121
0.882203
0.879744
0.873547
0.865513
0.857196
0.849749
0.844083
0.84089
0.840338
0.841742
0.843641
0.844083
0.841365
0.834694
0.824475
0.812127
0.799617
0.788934
0.781595
0.778189
0.778452
0.78141
0.785964
0.79144
0.797863
0.805854
0.815896
0.827423
0.838404
0.846172
0.849076
0.847604
0.844328
0.84248
0.844232
0.849925
0.858518
0.868654
0.879224
0.88929
0.897941
0.903908
0.905811
0.902355
0.892553
0.876075
0.853508
0.826571
0.798132
0.771889
0.751515
0.739484
0.736249
0.740193
0.748502
0.75838
0.767675
0.77524
0.780754
0.784329
0.786083
0.785948
0.783717
0.779396
0.77324
0.765869
0.758135
0.751013
0.745609
0.742934
0.743887
0.749181
0.759313
0.774404
0.79403
0.817125
0.841991
0.866445
0.888071
0.904588
0.914225
0.916046
0.91021
0.897974
0.881401
0.86304
0.845508
0.831163
0.821548
0.816826
0.815668
0.815601
0.814033
0.809214
0.800724
0.789381
0.776745
0.764604
0.754487
0.747476
0.74414
0.744556
0.748323
0.754817
0.763388
0.773503
0.784647
0.796224
0.807469
0.817667
0.826577
0.83441
0.841412
0.847559
0.852557
0.856339
0.859294
0.862101
0.865316
0.869288
0.874407
0.88092
0.888218
0.894811
0.898888
0.899146
0.895061
0.886645
0.874292
0.858942
0.842101
0.825755
0.811861
0.801479
0.794323
0.789051
0.784434
0.780598
0.779081
0.781262
0.786718
0.793132
0.7977
0.798627
0.795541
0.789399
0.781938
0.775081
0.770357
0.768582
0.769843
0.773616
0.778971
0.784989
0.791014
0.796559
0.801249
0.804685
0.806563
0.807014
0.80674
0.806842
0.808393
0.811944
0.817366
0.824144
0.831804
0.840214
0.849454
0.859414
0.869344
0.877886
0.883483
0.88514
0.882815
0.877577
0.871048
0.864694
0.85895
0.853401
0.847366
0.840778
0.83455
0.830163
0.828632
0.829679
0.831851
0.833345
0.832705
0.829183
0.822729
0.813907
0.803686
0.793314
0.784023
0.77674
0.771852
0.769231
0.768545
0.769523
0.772082
0.776083
0.781226
0.786884
0.792308
0.796918
0.800567
0.803585
0.80651
0.809847
0.813932
0.818849
0.824448
0.830301
0.83559
0.839412
0.841139
0.840715
0.838639
0.835461
0.83132
0.825922
0.818948
0.810409
0.800866
0.791269
0.782791
0.776567
0.77355
0.774367
0.779166
0.787586
0.79868
0.811029
0.822903
0.832537
0.838452
0.839731
0.836208
0.828368
0.817385
0.805084
0.793431
0.784157
0.778381
0.776471
0.778146
0.782715
0.789282
0.797095
0.80585
0.815647
0.826806
0.839344
0.852712
0.865895
0.877482
0.885856
0.889618
0.888288
0.882844
0.875472
0.868544
0.863643
0.861201
0.860838
0.861601
0.862229
0.861301
0.857565
0.850237
0.839105
0.824543
0.807342
0.788601
0.769643
0.752013
0.737345
0.727094
0.722102
0.722172
0.72581
0.730655
0.734474
0.736134
0.736073
0.735991
0.738035
0.743715
0.753072
0.764668
0.776248
0.785654
0.791586
0.793782
0.792963
0.790506
0.787935
0.786467
0.786732
0.788671
0.791759
0.795254
0.79857
0.801393
0.803464
0.80434
0.803366
0.799942
0.794168
0.787252
0.781376
0.779004
0.781944
0.790773
0.804742
0.822357
0.841932
0.861822
0.880484
0.896378
0.908067
0.914304
0.914423
0.908594
0.89771
0.883427
0.868006
0.854095
0.844423
0.841255
0.845654
0.856875
0.872329
0.888412
0.901372
0.908041
0.906296
0.895231
0.875329
0.848341
0.817244
0.785854
0.758319
0.738171
0.727449
0.726279
0.73327
0.746354
0.763394
0.782442
0.801662
0.819266
0.833613
0.843431
0.848112
0.847847
0.843516
0.836319
0.827342
0.817317
0.806814
0.796189
0.785519
0.774464
0.7626
0.749823
0.73678
0.725046
0.716788
0.713974
0.717564
0.727155
0.740998
0.756547
0.771254
0.78323
0.791622
0.796636
0.799306
0.800982
0.802881
0.805819
0.810172
0.815946
0.822944
0.83083
0.839114
0.847071
0.853771
0.85818
0.859344
0.856525
0.849428
0.838457
0.824838
0.810527
0.797928
0.7892
0.785777
0.788182
0.796002
0.808007
0.822317
0.836712
0.848965
0.857181
0.859878
0.85602
0.845025
0.827345
0.805491
0.784467
0.769959
0.764652
0.767283
0.775145
0.786506
0.800554
0.816453
0.833005
0.848806
0.86242
0.872399
0.877337
0.876281
0.869416
0.858274
0.845636
0.834942
0.829293
0.830334
0.837499
0.848153
0.858475
0.864629
0.863809
0.854791
0.837958
0.815215
0.789451
0.763946
0.741724
0.724989
0.714916
0.711514
0.713893
0.720635
0.730193
0.741149
0.752388
0.763343
0.774055
0.78514
0.797263
0.810343
0.823055
0.833215
0.838752
0.838416
0.831888
0.819639
0.802702
0.782674
0.761758
0.742816
0.728939
0.722783
0.725785
0.737637
0.756288
