1.6542
1.65866
1.6645
1.67299
1.68474
1.69859
1.71167
1.72059
1.72284
1.71736
1.70442
1.68519
1.66135
1.63514
1.60925
1.58665
1.56991
1.56026
1.55694
1.55756
1.55951
1.5616
1.56452
1.56936
1.57577
1.58113
1.5817
1.57496
1.56145
1.54426
1.52662
1.51004
1.49495
1.4825
1.47503
1.47488
1.48238
1.49518
1.50924
1.52103
1.52913
1.53411
1.5374
1.54028
1.54371
1.54822
1.5539
1.56049
1.56785
1.57624
1.58648
1.59952
1.61584
1.63488
1.65497
1.67405
1.69063
1.70437
1.71598
1.72668
1.73754
1.74887
1.76003
1.76975
1.77652
1.7792
1.77731
1.7709
1.76045
1.74713
1.73287
1.72019
1.71105
1.70597
1.70408
1.7038
1.7035
1.70184
1.69814
1.69291
1.68796
1.68609
1.68997
1.70077
1.71778
1.73892
1.76184
1.78448
1.80521
1.82275
1.83585
1.8431
1.84276
1.83296
1.81257
1.78257
1.74723
1.71383
1.69014
1.68102
1.68595
1.69968
1.71598
1.73096
1.74333
1.75282
1.75873
1.75975
1.75454
1.74264
1.72478
1.70289
1.67957
1.65747
1.6384
1.62281
1.60974
1.59737
1.58385
1.56822
1.55068
1.53246
1.5155
1.50235
1.49596
1.49902
1.5128
1.53627
1.56598
1.59709
1.62509
1.64696
1.66135
1.6681
1.66792
1.66253
1.65474
1.64784
1.64427
1.64449
1.64724
1.6508
1.65432
1.65774
1.66098
1.66343
1.66458
1.66489
1.66567
1.66821
1.67263
1.6777
1.68139
1.68192
1.67877
1.67339
1.6687
1.66766
1.67171
1.68023
1.69134
1.70332
1.71526
1.72715
1.73943
1.75232
1.76535
1.77727
1.78618
1.78996
1.78682
1.77602
1.75864
1.73816
1.72008
1.70998
1.71084
1.72115
1.7357
1.74849
1.75541
1.75518
1.74851
1.73674
1.72109
1.70296
1.68456
1.66885
1.65856
1.65524
1.65876
1.66797
1.68154
1.69835
1.71698
1.73529
1.75063
1.76076
1.76462
1.7625
1.75569
1.74588
1.73477
1.72368
1.71343
1.7043
1.69622
1.68904
1.68271
1.67728
1.6729
1.66971
1.66775
1.66683
1.66624
1.66463
1.66027
1.65188
1.63926
1.62358
1.60706
1.59213
1.58074
1.57447
1.57463
1.58256
1.59906
1.62383
1.65517
1.69011
1.72512
1.75703
1.78375
1.8046
1.82017
1.83169
1.84017
1.84523
1.84464
1.83477
1.81278
1.77999
1.74375
1.71407
1.69643
1.68963
1.6902
1.6956
1.70373
1.71204
1.71841
1.72248
1.72603
1.73193
1.74245
1.75779
1.77557
1.79126
1.79943
1.79519
1.77549
1.73991
1.6911
1.63461
1.57788
1.52873
1.49383
1.47781
1.48303
1.50906
1.55188
1.60422
1.65796
1.70681
1.74729
1.7781
1.79906
1.81038
1.81274
1.80767
1.79803
1.78777
1.7804
1.77729
1.77736
1.77823
1.77768
1.77448
1.76841
1.75984
1.74906
1.73583
1.71968
1.70042
1.67876
1.65635
1.63527
1.61736
1.60386
1.59562
1.59317
1.59648
1.60484
1.61729
1.63312
1.65208
1.67392
1.69809
1.7241
1.7518
1.78105
1.81041
1.83664
1.85592
1.86591
1.86685
1.86095
1.851
1.8394
1.82823
1.81975
1.81645
1.82005
1.82981
1.84205
1.85163
1.85436
1.84839
1.83401
1.81265
1.78603
1.75594
1.7247
1.69529
1.67092
1.65337
1.64175
1.63305
1.62441
1.61535
1.60784
1.60452
1.60735
1.61701
1.63238
1.65006
1.66563
1.6756
1.67862
1.67518
1.6665
1.65368
1.63718
1.61714
1.59404
1.56916
1.54476
1.52367
1.50833
1.50005
1.49874
1.50341
1.51313
1.52784
1.54849
1.57639
1.61199
1.65391
1.69848
1.74036
1.77392
1.79499
1.80203
1.79635
1.78151
1.76199
1.74187
1.72395
1.70958
1.69882
1.69074
1.68374
1.67617
1.66699
1.65633
1.64598
1.63921
1.63972
1.64951
1.66715
1.68802
1.70618
1.71648
1.71588
1.70399
1.68326
1.65871
1.63661
1.62153
1.61402
1.61127
1.61026
1.60968
1.60987
1.61171
1.61646
1.62586
1.64133
1.66221
1.68513
1.70572
1.72097
1.73052
1.73618
1.74021
1.74372
1.74639
1.74759
1.74711
1.74463
1.73898
1.72834
1.71101
1.68622
1.6543
1.61666
1.57587
1.53577
1.50167
1.4799
1.47602
1.49208
1.52499
1.56769
1.61184
1.65042
1.67892
1.69567
1.70188
1.70137
1.6994
1.70072
1.7078
1.72054
1.73714
1.75513
1.77204
1.78591
1.79545
1.80009
1.79987
1.79536
1.78737
1.77695
1.76543
1.75415
1.74395
1.7346
1.72474
1.71286
1.69833
1.68185
1.66528
1.65114
1.64186
1.63898
1.64282
1.6525
1.66627
1.68194
1.69744
1.71108
1.72178
1.72908
1.73315
1.73464
1.73453
1.73403
1.73449
1.7373
1.74343
1.75297
1.76464
1.77589
1.78363
1.78542
1.78018
1.76833
1.75152
1.73224
1.7136
1.69841
1.688
1.68178
1.67816
1.67622
1.67645
1.68028
1.68874
1.70116
1.71532
1.72851
1.73856
1.74436
1.74568
1.74268
1.7356
1.72455
1.70963
1.69155
1.67292
1.65895
1.65497
1.6614
1.6729
1.68336
1.69057
1.6961
1.70252
1.71131
1.72253
1.73558
1.7496
1.76344
1.77578
1.78517
1.79014
1.78941
1.78229
1.76926
1.75227
1.73444
1.71923
1.70898
1.70374
1.7012
1.69782
1.69027
1.67662
1.65689
1.63316
1.6095
1.59134
1.58369
1.58879
1.60489
1.62775
1.65313
1.67819
1.70133
1.72125
1.73645
1.74564
1.74878
1.74761
1.74477
1.74241
1.74129
1.74104
1.74069
1.73898
1.73457
1.72633
1.71385
1.69769
1.67954
1.66187
1.64722
1.63749
1.6336
1.63571
1.64337
1.65516
1.66826
1.67921
1.68566
1.68718
1.68502
1.68138
1.67858
1.67772
1.67785
1.67688
1.67294
1.66514
1.65371
1.64045
1.62975
1.62812
1.64075
1.66747
1.70244
1.73838
1.77008
1.79501
1.81252
1.82293
1.82686
1.82493
1.81767
1.80563
1.78963
1.77082
1.75079
1.73119
1.71311
1.69644
1.68008
1.66324
1.64717
1.63569
1.63308
1.64099
1.65699
1.67639
1.69525
1.71187
1.7267
1.7414
1.75742
1.77463
1.79075
1.80196
1.80457
1.79678
1.77973
1.75699
1.73251
1.70855
1.68544
1.6629
1.64138
1.62203
1.60602
1.5939
1.58546
1.5802
1.57815
1.58006
1.58685
1.59855
1.61367
1.62964
1.64402
1.65536
1.66333
1.66825
1.67043
1.66984
1.66614
1.65911
1.64922
1.63803
1.62779
1.62067
1.61737
1.61648
1.615
1.61007
1.60085
1.58907
1.57804
1.5708
1.56876
1.57175
1.57871
1.58833
1.5989
1.60807
1.61324
1.61287
1.60737
1.59922
1.59234
1.59086
1.5979
1.61459
1.63989
1.67111
1.70478
1.73757
1.76653
1.78887
1.80203
1.80408
1.79458
1.77498
1.74846
1.7192
1.69161
1.66974
1.65659
1.65348
1.65968
1.67277
1.6896
1.7072
1.72338
1.73677
1.74694
1.75436
1.76022
1.76579
1.77162
1.77723
1.78144
1.78301
1.78072
1.77275
1.75632
1.7287
1.68931
1.64183
1.59475
1.55944
1.5457
1.55662
1.58678
1.62522
1.66031
1.68337
1.69035
1.68187
1.66251
1.63929
1.61965
1.60883
1.60787
1.61354
1.62039
1.62387
1.62216
1.61663
1.61057
1.60733
1.60853
1.61354
1.6202
1.62623
1.6303
1.63194
1.63121
1.62826
1.62325
1.6166
1.60994
1.60687
1.6119
1.62674
1.64763
1.66766
1.68095
1.68456
1.67814
1.66299
1.6416
1.61733
1.59405
1.57576
1.56568
1.56527
1.57344
1.58688
1.60135
1.61365
1.62272
1.62945
1.63578
1.64352
1.65389
1.6674
1.6842
1.70422
1.72702
1.75143
1.7754
1.79647
1.81252
1.82199
1.8239
1.81778
1.8038
1.78298
1.75721
1.72881
1.70044
1.67519
1.6563
1.64595
1.64417
1.64857
1.65562
1.66219
1.66629
1.66675
1.66246
1.65223
1.63519
1.61153
1.58301
1.5529
1.52529
1.50437
1.49348
1.49438
1.50679
1.52842
1.55541
1.58298
1.60631
1.62152
1.62623
1.61976
1.6032
1.57934
1.55275
1.52927
1.51479
1.5129
1.52326
1.5422
1.56538
1.58991
1.61458
1.63916
1.66358
1.68736
1.70932
1.72765
1.74068
1.74732
1.74722
1.74056
1.72801
1.71088
1.69142
1.67282
1.65881
1.65259
1.65572
1.6674
1.68483
1.70419
1.72203
1.73637
1.74695
1.75434
1.75845
1.75765
1.74921
1.73083
1.70242
1.66717
1.63102
1.60003
1.57769
1.56423
1.55847
1.55911
1.56483
1.5737
1.58294
1.58956
1.59134
1.58761
1.57926
1.56834
1.55765
1.55029
1.54921
1.55607
1.57068
1.59117
1.61521
1.64074
1.66631
1.69087
1.71361
1.73375
1.75037
1.76221
1.76794
1.76665
1.75828
1.74373
1.72465
1.7029
1.68026
1.65797
1.63639
1.61482
1.59239
1.57031
1.55341
1.54683
1.55029
1.55854
1.56785
1.57921
1.59575
1.61843
1.64414
1.66696
1.68079
1.68162
1.66815
1.64146
1.60442
1.56154
1.51895
1.48372
1.46172
1.45544
1.46395
1.48454
1.51434
1.55051
1.58969
1.62793
1.66135
1.68692
1.70319
1.71052
1.71067
1.70618
1.69939
1.69133
1.6813
1.66714
1.64643
1.618
1.583
1.54513
1.50992
1.48308
1.46864
1.46768
1.47804
1.49534
1.51468
1.53234
1.54672
1.55827
1.56843
1.57847
1.58888
1.59965
1.61055
1.62119
1.63095
1.63918
1.64548
1.64963
1.65126
1.64975
1.64447
1.63515
1.62215
1.60647
1.58986
1.5746
1.56335
1.55861
1.56198
1.57329
1.59042
1.61
1.62856
1.64374
1.65477
1.66245
1.66838
1.67411
1.68039
1.68701
1.69314
1.6977
1.69968
1.69837
1.6936
1.68595
1.67646
1.66597
1.65482
1.64309
1.63116
1.61984
1.61003
1.6023
1.59661
1.59232
1.58872
1.58552
1.58301
1.58186
1.58276
1.58608
1.5917
1.59918
1.60838
