1.36168
1.36178
1.36185
1.36191
1.36193
1.36186
1.36168
1.36141
1.3611
1.36082
1.36062
1.3605
1.36049
1.3605
1.36052
1.36055
1.36057
1.36059
1.36061
1.36065
1.36069
1.36075
1.36081
1.36089
1.36096
1.36104
1.3611
1.36117
1.36123
1.36129
1.36133
1.36135
1.36134
1.36133
1.36131
1.36126
1.36122
1.36116
1.36112
1.36109
1.36107
1.36106
1.36107
1.36107
1.3611
1.36112
1.36115
1.36119
1.36123
1.36128
1.36135
1.36145
1.36155
1.36167
1.36182
1.36196
1.36207
1.36214
1.36213
1.362
1.36173
1.36137
1.36097
1.36061
1.36039
1.36032
1.36036
1.36047
1.36058
1.36066
1.3607
1.36072
1.36073
1.36075
1.3608
1.36084
1.3609
1.36095
1.36099
1.36103
1.36105
1.36107
1.36109
1.36111
1.36113
1.36116
1.36121
1.36125
1.3613
1.36135
1.36142
1.36149
1.36154
1.36159
1.3616
1.36157
1.36148
1.36135
1.36121
1.36106
1.36093
1.36085
1.36082
1.36082
1.36084
1.36087
1.36089
1.3609
1.3609
1.36091
1.36092
1.36093
1.36094
1.36095
1.36097
1.361
1.36103
1.36107
1.3611
1.36115
1.3612
1.36124
1.36129
1.36133
1.36136
1.36138
1.36141
1.36143
1.36144
1.36143
1.3614
1.36134
1.36126
1.36115
1.36101
1.36088
1.36076
1.36067
1.36062
1.36062
1.36065
1.36071
1.3608
1.36089
1.36099
1.36109
1.3612
1.36131
1.36142
1.36151
1.36157
1.36158
1.36154
1.36143
1.3613
1.36117
1.36106
1.36097
1.36088
1.36081
1.36074
1.36069
1.36065
1.36063
1.36065
1.3607
1.36075
1.36082
1.36088
1.36093
1.36098
1.36101
1.36105
1.36108
1.3611
1.36111
1.36112
1.36113
1.36114
1.36114
1.36115
1.36114
1.36115
1.36116
1.36116
1.36117
1.36118
1.3612
1.3612
1.36121
1.36121
1.36122
1.36122
1.36121
1.36121
1.36121
1.36123
1.36126
1.36129
1.36132
1.36136
1.36137
1.36136
1.36131
1.36125
1.36114
1.36103
1.36091
1.36081
1.36075
1.36074
1.36077
1.36082
1.3609
1.36099
1.36109
1.36117
1.36126
1.36131
1.36135
1.36136
1.36135
1.36132
1.3613
1.3613
1.36134
1.3614
1.36152
1.36161
1.36169
1.36173
1.3617
1.36157
1.36136
1.36112
1.36088
1.36066
1.36052
1.36045
1.36044
1.36048
1.36056
1.36065
1.36074
1.36084
1.36093
1.36101
1.36109
1.36116
1.36122
1.36126
1.36129
1.36131
1.3613
1.36127
1.36122
1.36119
1.36116
1.36115
1.36115
1.36118
1.36122
1.36129
1.36135
1.36139
1.36144
1.36148
1.36151
1.36153
1.36155
1.36156
1.36156
1.36155
1.3615
1.36142
1.3613
1.36119
1.3611
1.36104
1.36101
1.36099
1.36096
1.36091
1.36082
1.36073
1.36066
1.36062
1.36064
1.3607
1.3608
1.36092
1.36104
1.36115
1.36124
1.36131
1.36136
1.36139
1.36141
1.36141
1.36142
1.36142
1.36141
1.3614
1.36135
1.36129
1.36119
1.36107
1.36094
1.36083
1.36077
1.36077
1.36081
1.36088
1.36097
1.36106
1.36115
1.36122
1.36127
1.3613
1.36131
1.36128
1.36124
1.36118
1.36111
1.36101
1.36092
1.36084
1.36078
1.36072
1.3607
1.36068
1.36071
1.36075
1.36081
1.36087
1.36093
1.361
1.36107
1.36115
1.3612
1.36126
1.3613
1.36134
1.36138
1.36142
1.36145
1.3615
1.36156
1.36161
1.36166
1.36171
1.36172
1.36167
1.36156
1.36138
1.36118
1.36098
1.36082
1.36075
1.36074
1.36081
1.3609
1.36096
1.36097
1.36091
1.36079
1.36065
1.36053
1.36047
1.3605
1.36059
1.36072
1.36087
1.36103
1.36118
1.36132
1.36146
1.36158
1.36169
1.36178
1.36184
1.36186
1.36183
1.36175
1.36161
1.36141
1.36118
1.36096
1.36078
1.36066
1.36061
1.36062
1.36066
1.36073
1.36081
1.36088
1.36094
1.361
1.36103
1.36106
1.36108
1.3611
1.36111
1.36111
1.36112
1.36113
1.36114
1.36115
1.36116
1.36118
1.3612
1.36123
1.36126
1.36129
1.36132
1.36138
1.36144
1.36152
1.36161
1.36171
1.36178
1.36185
1.36187
1.36183
1.36168
1.36141
1.36105
1.36065
1.36033
1.36016
1.36013
1.36022
1.36037
1.36055
1.36074
1.36089
1.36102
1.36115
1.36127
1.36137
1.36144
1.36149
1.3615
1.36146
1.36139
1.36129
1.3612
1.36113
1.36111
1.36112
1.36117
1.36123
1.3613
1.36138
1.36144
1.36148
1.36151
1.36154
1.36155
1.36156
1.36154
1.3615
1.36148
1.36147
1.36144
1.36141
1.36137
1.36131
1.36125
1.36117
1.36108
1.36103
1.36101
1.361
1.36103
1.36106
1.3611
1.36111
1.36111
1.36109
1.36105
1.36101
1.36098
1.36096
1.36095
1.36097
1.36099
1.36102
1.36106
1.36109
1.36114
1.36118
1.36121
1.36125
1.36129
1.36132
1.36134
1.36136
1.36137
1.36138
1.36138
1.36136
1.36133
1.3613
1.36126
1.36121
1.36118
1.36116
1.36113
1.36113
1.36114
1.36118
1.36124
1.36132
1.36143
1.36156
1.36172
1.36187
1.362
1.36207
1.36204
1.36187
1.36158
1.36121
1.36084
1.36057
1.36044
1.36045
1.36054
1.36066
1.36079
1.36089
1.36097
1.36103
1.36106
1.36109
1.36113
1.36115
1.36118
1.36119
1.3612
1.3612
1.36117
1.36115
1.36112
1.3611
1.36108
1.36108
1.36107
1.36108
1.36107
1.36108
1.36108
1.36109
1.3611
1.36113
1.36116
1.3612
1.36122
1.36124
1.36122
1.36118
1.36111
1.36102
1.36093
1.36086
1.36081
1.3608
1.36082
1.36086
1.36091
1.36096
1.361
1.36104
1.36108
1.36109
1.36112
1.36114
1.36115
1.36116
1.36118
1.36119
1.36119
1.36118
1.36117
1.36115
1.36111
1.36105
1.36098
1.36092
1.36085
1.3608
1.36076
1.36075
1.36074
1.36076
1.36078
1.36082
1.36086
1.36092
1.361
1.36105
1.36112
1.36117
1.36122
1.36127
1.3613
1.36133
1.36135
1.36134
1.36132
1.36129
1.36125
1.36119
1.36112
1.36105
1.36099
1.36094
1.3609
1.36087
1.36085
1.36084
1.36084
1.36085
1.36087
1.36089
1.36092
1.36095
1.36101
1.36106
1.36111
1.36114
1.36117
1.36117
1.36117
1.36116
1.36115
1.36115
1.36117
1.36122
1.36128
1.36132
1.36134
1.36132
1.36124
1.36111
1.36098
1.36086
1.36079
1.36081
1.36091
1.36108
1.36129
1.36153
1.36173
1.36188
1.36189
1.36178
1.36153
1.36121
1.3609
1.36067
1.36053
1.36049
1.36052
1.36061
1.36074
1.36085
1.36095
1.36101
1.36105
1.36104
1.36101
1.36097
1.36094
1.36092
1.36092
1.36093
1.36096
1.361
1.36103
1.36108
1.36111
1.36115
1.36119
1.36123
1.36127
1.36131
1.36136
1.36141
1.36148
1.36156
1.36163
1.3617
1.36176
1.36179
1.36177
1.36172
1.36163
1.3615
1.36137
1.36125
1.36113
1.36103
1.36094
1.36082
1.36071
1.3606
1.36049
1.36043
1.36041
1.36044
1.3605
1.3606
1.36072
1.36084
1.36095
1.36106
1.36115
1.36123
1.36131
1.36138
1.36143
1.36147
1.36149
1.36148
1.36146
1.36143
1.36139
1.36134
1.36129
1.36124
1.36117
1.36108
1.36099
1.36089
1.3608
1.36073
1.36069
1.36068
1.36071
1.36076
1.36083
1.36092
1.361
1.36109
1.36118
1.36124
1.36129
1.36132
1.36131
1.36128
1.36122
1.36114
1.36107
1.36101
1.36099
1.36099
1.36102
1.36106
1.36111
1.36115
1.36118
1.36121
1.36122
1.36123
1.36123
1.36121
1.3612
1.36118
1.36114
1.36111
1.36108
1.36105
1.36102
1.36098
1.36095
1.36094
1.36094
1.36095
1.36096
1.36099
1.36102
1.36104
1.36105
1.36106
1.36104
1.361
1.36095
1.3609
1.36087
1.36086
1.36085
1.36089
1.36096
1.36103
1.36114
1.36125
1.36138
1.36151
1.36164
1.36177
1.36188
1.36195
1.36194
1.36182
1.3616
1.36131
1.36103
1.36082
1.36069
1.36065
1.36065
1.3607
1.36078
1.36087
1.36098
1.3611
1.36122
1.36134
1.36146
1.36155
1.36162
1.36167
1.36166
1.36159
1.36145
1.36128
1.36108
1.36092
1.36083
1.3608
1.36082
1.36087
1.36094
1.36098
1.361
1.36101
1.361
1.361
1.361
1.36101
1.36103
1.36107
1.36113
1.3612
1.36127
1.36135
1.36142
1.3615
1.36157
1.36164
1.3617
1.36175
1.36176
1.36175
1.36171
1.36162
1.3615
1.36136
1.36124
1.36113
1.36108
1.36106
1.36108
1.36111
1.36115
1.36118
1.36119
1.36117
1.36114
1.3611
1.36103
1.36097
1.36092
1.36087
1.36086
1.36087
1.3609
1.36093
1.36097
1.36103
1.36109
1.36116
1.36122
1.36127
1.36132
1.36135
1.3614
1.36141
1.3614
1.36139
1.36136
1.36131
1.36126
1.36119
1.36112
1.36106
1.36102
1.361
1.361
1.36101
1.36103
1.36105
1.36109
1.36113
1.36117
1.36121
1.36126
1.36133
1.3614
1.36149
1.3616
1.3617
1.3618
1.36185
1.36184
1.36176
1.3616
1.36142
1.36127
1.3612
1.36125
1.36139
1.36155
1.36164
1.36155
1.36125
1.36079
1.3604
1.36022
1.36029
1.36052
1.36081
1.36106
1.36123
1.36132
1.36132
1.36128
1.36123
1.36119
1.36116
1.36115
1.36114
1.36112
1.36111
1.36112
1.36115
1.36121
1.36131
1.36141
1.36152
1.36161
1.36166
1.36165
1.36161
1.36154
1.36147
1.36143
1.3614
1.36139
1.36137
1.36132
1.36125
1.36114
1.36102
1.36093
1.36087
1.36086
1.36088
1.36093
1.36101
1.36111
1.36124
1.3614
1.36161
1.36186
1.36215
1.3624
1.36252
1.36231
1.36176
1.361
1.36036
1.36004
1.36009
1.36035
1.36066
1.36094
1.36116
1.36132
1.36141
1.36145
1.36145
1.36143
1.3614
1.36137
1.36135
1.36135
1.36137
