1.09917
1.09625
1.09109
1.08342
1.07289
1.05902
1.04125
1.01891
0.991294
0.95779
0.918002
0.871946
0.820259
0.76441
0.706719
0.65019
0.598095
0.553378
0.518178
0.493528
0.479322
0.474448
0.477111
0.485168
0.496476
0.509169
0.521826
0.533511
0.543769
0.552532
0.559979
0.566369
0.571908
0.576699
0.580701
0.583794
0.585888
0.587024
0.587396
0.587334
0.587233
0.587458
0.588261
0.589798
0.592095
0.595025
0.59833
0.60162
0.604497
0.606632
0.607833
0.608121
0.607703
0.606908
0.606108
0.605612
0.605632
0.60629
0.60761
0.609516
0.611826
0.614248
0.616369
0.617778
0.618129
0.617227
0.615121
0.612127
0.608802
0.60578
0.603516
0.602042
0.600944
0.599574
0.597383
0.594189
0.590201
0.585954
0.582162
0.579561
0.578789
0.580275
0.584137
0.590153
0.597841
0.606575
0.615715
0.624687
0.633027
0.640366
0.646429
0.650984
0.653841
0.654897
0.654124
0.651591
0.647439
0.641856
0.635008
0.627054
0.618124
0.608405
0.598179
0.587851
0.577935
0.568974
0.561422
0.555555
0.551419
0.548888
0.547752
0.547871
0.549215
0.551914
0.556167
0.562153
0.569912
0.579255
0.589797
0.600994
0.612221
0.622828
0.632174
0.639662
0.644768
0.647158
0.646733
0.643596
0.638077
0.630654
0.621896
0.612404
0.602723
0.593314
0.584542
0.576712
0.570102
0.56502
0.56179
0.560805
0.56242
0.566846
0.573985
0.583361
0.594175
0.605465
0.616302
0.625903
0.633692
0.6393
0.642548
0.643409
0.642015
0.638614
0.63355
0.627231
0.620045
0.612328
0.604318
0.596198
0.588152
0.580485
0.573666
0.568314
0.565044
0.564269
0.566016
0.569873
0.575097
0.58081
0.586165
0.590486
0.593274
0.594206
0.593123
0.589994
0.584953
0.578303
0.570528
0.562328
0.554601
0.548353
0.544557
0.54395
0.546839
0.552989
0.561674
0.571835
0.58231
0.592
0.600032
0.605806
0.609016
0.609622
0.607847
0.604101
0.598937
0.593006
0.586969
0.58145
0.576956
0.573855
0.572342
0.572433
0.574004
0.576802
0.580496
0.58469
0.588943
0.592792
0.59581
0.597621
0.597958
0.596688
0.593846
0.58965
0.584519
0.579031
0.573869
0.569674
0.566867
0.565571
0.565627
0.566683
0.56833
0.570199
0.572006
0.573595
0.574917
0.575988
0.576839
0.577497
0.577973
0.578218
0.578145
0.577652
0.576633
0.575014
0.572813
0.57017
0.567441
0.565154
0.56393
0.564297
0.566542
0.570675
0.576438
0.583417
0.591112
0.598981
0.606498
0.613157
0.618506
0.622181
0.623964
0.623769
0.621658
0.617834
0.61261
0.606354
0.599481
0.592412
0.585553
0.579264
0.573816
0.569389
0.566037
0.56368
0.562155
0.561236
0.560712
0.560434
0.560338
0.560437
0.560811
0.561583
0.562826
0.564547
0.566611
0.568791
0.570778
0.572228
0.572859
0.572521
0.571227
0.569192
0.566794
0.564524
0.562818
0.561947
0.561911
0.562437
0.563114
0.563515
0.563405
0.562803
0.561946
0.561206
0.560935
0.56132
0.562294
0.563576
0.564721
0.56533
0.565188
0.564365
0.563182
0.56202
0.56108
0.560242
0.559153
0.557498
0.555183
0.552391
0.549484
0.546826
0.544668
0.543124
0.542208
0.541949
0.54244
0.543819
0.546168
0.549444
0.553376
0.557533
0.56144
0.564694
0.567012
0.568257
0.568367
0.567329
0.565119
0.561754
0.557355
0.552186
0.546675
0.541351
0.536743
0.533239
0.53101
0.530035
0.5302
0.5314
0.533603
0.536791
0.540898
0.545721
0.550962
0.5563
0.561475
0.566304
0.570652
0.574376
0.577253
0.579
0.579317
0.577947
0.574722
0.569628
0.562822
0.554632
0.545606
0.536484
0.528142
0.521477
0.517233
0.515845
0.517345
0.521398
0.527461
0.534962
0.543324
0.551956
0.560231
0.567552
0.573413
0.577495
0.579703
0.580125
0.578986
0.576605
0.573343
0.569583
0.565732
0.562181
0.559267
0.55725
0.556246
0.556294
0.557398
0.559573
0.562825
0.567072
0.572056
0.57734
0.582391
0.586711
0.589923
0.591831
0.592437
0.591904
0.590523
0.58864
0.586544
0.584406
0.582244
0.579961
0.577442
0.57464
0.571606
0.568468
0.565371
0.562477
0.559964
0.558022
0.556827
0.556468
0.556918
0.558001
0.559477
0.561115
0.562748
0.564294
0.565722
0.567009
0.568117
0.569018
0.569692
0.570161
0.570527
0.570954
0.571634
0.572748
0.574427
0.576716
0.579484
0.582513
0.585493
0.588069
0.589926
0.590762
0.590332
0.588495
0.58523
0.580692
0.575211
0.569285
0.563526
0.558599
0.555075
0.553355
0.553592
0.555696
0.559419
0.564392
0.570238
0.576602
0.583182
0.589709
0.595928
0.601598
0.606502
0.610452
0.613314
0.61501
0.615557
0.615035
0.613583
0.611358
0.608501
0.605104
0.601225
0.596913
0.592239
0.587343
0.582445
0.577814
0.573757
0.570525
0.568269
0.567
0.566565
0.566715
0.567184
0.567729
0.568212
0.568591
0.568927
0.569326
0.569945
0.570947
0.57247
0.574613
0.577393
0.580713
0.584372
0.588101
0.591597
0.594591
0.596859
0.598259
0.598733
0.598258
0.596853
0.594554
0.591379
0.587334
0.582422
0.576656
0.570072
0.562754
0.554861
0.546671
0.538609
0.531191
0.524964
0.520362
0.517567
0.516456
0.516641
0.517668
0.519192
0.521089
0.5234
0.526242
0.529746
0.534021
0.539166
0.54529
0.552433
0.560496
0.569235
0.578269
0.587166
0.595527
0.603043
0.609502
0.614741
0.618557
0.620697
0.620913
0.619105
0.615409
0.610238
0.604199
0.597978
0.592184
0.587279
0.583529
0.581002
0.579608
0.579118
0.579285
0.579872
0.580691
0.581597
0.582481
0.583215
0.583599
0.583365
0.582192
0.579772
0.575917
0.570676
0.564432
0.557885
0.551954
0.547572
0.545406
0.545681
0.548165
0.552305
0.557422
0.562894
0.568242
0.57312
0.577284
0.580557
0.582789
0.583893
0.583839
0.582698
0.580674
0.578093
0.575357
0.572851
0.570836
0.569393
0.568391
0.567583
0.566719
0.565665
0.56448
0.563419
0.5629
0.563387
0.565234
0.568581
0.573282
0.578858
0.584594
0.589659
0.593294
0.594922
0.594308
0.591595
0.587253
0.581963
0.576463
0.571371
0.567121
0.563971
0.562077
0.561571
0.562537
0.564963
0.568672
0.573309
0.578376
0.583335
0.587738
0.591321
0.594041
0.596029
0.597515
0.598741
0.599897
0.60114
0.602566
0.604227
0.606156
0.608336
0.610687
0.613047
0.615178
0.616784
0.617532
0.617107
0.615275
0.611905
0.607007
0.60075
0.593423
0.585397
0.577108
0.569032
0.561679
0.555555
0.551075
0.548508
0.547913
0.549092
0.551649
0.555057
0.558748
0.562184
0.564895
0.566507
0.566761
0.56551
0.562719
0.558502
0.55314
0.547102
0.540987
0.535427
0.530929
0.527743
0.525772
0.524665
0.523956
0.523263
0.52236
0.521246
0.520104
0.519262
0.519074
0.519857
0.521819
0.525044
0.529479
0.53494
0.541104
0.547456
0.553354
0.558131
0.561248
0.562397
0.561547
0.558924
0.554934
0.550078
0.544885
0.539866
0.535471
0.532086
0.530004
0.529442
0.530512
0.533186
0.537282
0.542496
0.548414
0.554577
0.560523
0.565828
0.570115
0.573125
0.574732
0.574985
0.574077
0.572325
0.570087
0.56767
0.565251
0.56284
0.560298
0.557452
0.55417
0.550462
0.54651
0.542699
0.539525
0.537543
0.537209
0.538827
0.54247
0.547956
0.554858
0.562567
0.570342
0.577414
0.583086
0.586787
0.588135
0.586927
0.583148
0.576909
0.56842
0.558007
0.546113
0.533298
0.520285
0.507936
0.497147
0.488758
0.483481
0.481837
0.484102
0.490193
0.499573
0.511253
0.523999
0.536553
0.547855
0.55714
0.563968
0.568219
0.570039
0.569786
0.567944
0.565035
0.561561
0.557977
0.554694
0.552076
0.550451
0.550134
0.551363
0.554265
0.558813
0.564805
0.571888
0.579573
0.587301
0.594486
0.600577
0.605118
0.607776
0.608405
0.607053
0.604019
0.599802
0.59508
0.590594
0.586963
0.584544
0.583353
0.583124
0.583475
0.584046
0.584635
0.585188
0.58575
0.586354
0.586958
0.587405
0.587433
0.586765
0.585204
0.58275
0.579614
0.576178
0.572933
0.570389
0.56902
0.56921
0.571161
0.574849
0.580008
0.586206
0.592903
0.599547
0.605621
0.610642
0.614158
0.615797
0.615286
0.612493
0.607483
0.600516
0.59207
0.582769
0.573327
0.564453
0.556743
0.550609
0.546203
0.543417
0.541919
0.541242
0.540856
0.540318
0.539364
0.537976
0.536369
0.534849
0.533646
0.532808
0.532217
0.531698
0.531111
0.530342
0.529308
0.527953
0.526293
0.524438
0.522591
0.52101
0.519946
0.519586
0.520038
0.521342
0.523496
0.526449
0.530102
0.534299
0.538782
0.543175
0.547008
0.549763
0.551007
0.55051
0.54836
0.54502
0.541282
0.538096
0.536291
0.536353
0.538382
0.542148
0.547217
0.553073
0.559185
0.565018
0.570055
0.573809
0.575844
0.575836
0.573598
0.569108
0.562504
0.554072
0.544223
0.533482
0.522444
0.511718
0.501866
0.493335
0.486397
0.481136
0.477478
0.475233
0.474139
0.47394
0.474419
0.475458
0.477062
0.479365
0.482512
0.486595
0.491564
0.497197
0.503173
0.509146
0.514791
0.519879
0.524284
0.528003
0.531148
0.533886
0.536369
0.53868
0.540824
0.542717
0.544256
0.545371
0.54608
0.546505
0.546827
0.547226
0.547778
0.548414
0.548889
0.548871
0.548055
0.546261
0.543496
0.539976
0.536074
0.53224
0.528925
0.5265
0.525201
0.525115
0.526213
0.528343
0.531291
0.534814
0.538655
0.542592
0.546438
0.550048
0.553325
0.556213
0.558687
0.560761
0.562453
0.563735
0.564533
0.564693
0.564009
0.562262
0.559315
0.555147
0.5499
0.543871
0.537485
0.531212
0.525488
0.52064
0.516816
0.51397
0.511884
0.510207
0.508535
0.506506
0.503921
0.500876
0.497803
0.495393
0.494355
0.495035
0.497186
0.500042
0.502646
0.504176
0.504162
0.50257
0.499824
0.496791
0.494676
0.494671
0.49753
0.503275
0.51125
0.520473
0.529996
0.53913
0.547439
0.554681
0.560687
0.56531
0.568402
0.569808
0.569423
0.567233
0.563341
0.558009
1.08892
1.07181
1.05023
1.02555
0.99922
0.972674
0.947161
0.923758
0.903266
0.886223
0.872866
0.863236
0.857222
0.854528
0.854599
0.856502
0.858867
0.860161
0.859115
0.855137
0.848531
0.840378
0.832226
0.825681
0.821982
0.82165
0.82442
0.829359
0.835177
0.840507
0.844225
0.845653
0.844558
0.841017
0.835291
0.827701
0.818769
0.809546
0.801924
0.798485
0.801495
0.811683
0.828015
0.848414
0.870583
0.892343
0.91186
0.92782
0.939571
0.947072
0.950775
0.951498
0.950282
0.948207
0.946197
0.944813
0.944234
0.944427
0.945489
0.947693
0.951189
0.955707
0.960603
0.965252
0.969244
0.972411
0.974623
0.975638
0.975023
0.972255
0.966981
0.959332
0.950161
0.94086
0.932765
0.926525
0.921859
0.917865
0.913608
0.908721
0.903743
0.900068
0.899329
0.902591
0.909997
0.920979
0.934595
0.949593
0.96442
0.977485
0.987492
0.993727
0.996108
0.995061
0.991333
0.985696
0.978672
0.970417
0.960891
0.950076
0.938251
0.926112
0.914652
0.904694
0.896509
0.889898
0.884779
0.881385
0.879941
0.880189
0.881446
0.883069
0.884896
0.887296
0.890874
0.896098
0.90306
0.911454
0.920694
0.930022
0.938635
0.945754
0.950699
0.952999
0.952454
0.94919
0.943631
0.936355
0.927908
0.918722
0.909117
0.899421
0.890035
0.881437
0.874161
0.86876
0.865701
0.865278
0.867529
0.872218
0.878836
0.886564
0.894194
0.900211
0.903167
0.902101
0.896878
0.888347
0.878145
0.868278
0.86059
0.856387
0.856187
0.859812
0.866524
0.875249
0.88485
0.894449
0.903611
0.912214
0.919963
0.926008
0.929031
0.927849
0.92204
0.912206
0.899833
0.886874
0.875253
0.866418
0.861111
0.859308
0.860351
0.863226
0.866837
0.870258
0.87291
0.874572
0.875308
0.875361
0.874992
0.874446
0.873906
0.873477
0.873248
0.873398
0.874188
0.875897
0.87882
0.883294
0.889742
0.898498
0.909481
0.921931
0.934452
0.94546
0.953701
0.958538
0.959933
0.958254
0.954108
0.948205
0.941311
0.934211
0.927711
0.922589
0.919439
0.918485
0.919451
0.921625
0.924115
0.926141
0.927295
0.927585
0.927344
0.92709
0.927298
0.928214
0.929627
0.930837
0.930854
0.928732
0.923971
0.916702
0.907741
0.898364
0.88993
0.883477
0.879566
0.878354
0.87993
0.884526
0.892472
0.903853
0.918202
0.934371
0.950706
0.96539
0.976797
0.983753
0.985695
0.98274
0.975541
0.965096
0.952511
0.938771
0.924642
0.910668
0.897262
0.88483
0.873845
0.864802
0.858187
0.85445
0.854044
0.857353
0.864677
0.876104
0.891481
0.910273
0.93127
0.952491
0.971463
0.985809
0.993865
0.995032
0.989857
0.979856
0.967252
0.954579
0.944255
0.938166
0.93731
0.941632
0.950091
0.960986
0.972351
0.982372
0.989648
0.993434
0.99369
0.990993
0.986291
0.980369
0.973498
0.965442
0.955881
0.944851
0.932949
0.921279
0.911126
0.903614
0.899383
0.898421
0.900096
0.903388
0.907255
0.91093
0.913943
0.916038
0.917085
0.916951
0.915424
0.912303
0.907466
0.900978
0.893236
0.8851
0.877882
0.873014
0.871515
0.873525
0.878342
0.884842
0.891855
0.898422
0.903898
0.907964
0.910568
0.911814
0.911876
0.910972
0.909426
0.90764
0.90617
0.905607
0.906434
0.908829
0.912472
0.916582
0.920024
0.921555
0.920124
0.915077
0.906397
0.894769
0.88157
0.868702
0.858236
0.851871
0.850272
0.852796
0.857695
0.862843
0.866528
0.867968
0.867536
0.86657
0.866796
0.869484
0.874795
0.881958
0.889964
0.898078
0.905825
0.912713
0.918044
0.92107
0.921259
0.918587
0.913569
0.907175
0.900585
0.894963
0.891221
0.889781
0.890465
0.892567
0.89512
0.897222
0.898332
0.898415
0.897789
0.896862
0.89588
0.894778
0.893207
0.890755
0.88719
0.882734
0.878147
0.874509
0.872788
0.873311
0.875581
0.878481
0.880826
0.881814
0.881295
0.879727
0.877979
0.877036
0.877622
0.879958
0.883615
0.887656
0.890954
0.89256
0.89197
0.88927
0.885147
0.880892
0.878256
0.879003
0.884165
0.893447
0.905237
0.917199
0.926936
0.932551
0.932896
0.927647
0.917231
0.902732
0.885844
0.868744
0.853769
0.843004
0.837777
0.838382
0.844064
0.853187
0.863474
0.872277
0.877011
0.875771
0.867835
0.85411
0.837303
0.821638
0.811862
0.811581
0.821701
0.840064
0.862608
0.885039
0.904153
0.918237
0.927004
0.931215
0.93234
0.932227
0.932767
0.935525
0.941387
0.950338
0.961428
0.9731
0.983615
0.991497
0.995748
0.995891
0.99181
0.983619
0.971663
0.956512
0.939027
0.920453
0.902315
0.886113
0.872944
0.863245
0.856864
0.853345
0.852255
0.853295
0.856208
0.860613
0.865928
0.871429
0.876363
0.880118
0.882349
0.882993
0.882194
0.880194
0.877198
0.873388
0.868969
0.864303
0.859851
0.855939
0.85249
0.849072
0.845205
0.840752
0.836166
0.83237
0.830463
0.8313
0.835208
0.841905
0.850618
0.860409
0.87046
0.880233
0.889511
0.898332
0.90687
0.915169
0.922942
0.929429
0.933479
0.933926
0.930188
0.922827
0.913718
0.90527
0.898842
0.893749
0.888082
0.880516
0.871399
0.862355
0.855085
0.850404
0.848109
0.847525
0.847988
0.849209
0.851384
0.855205
0.861643
0.871546
0.885203
0.902015
0.920511
0.938685
0.954545
0.966568
0.973907
0.976389
0.974338
0.968359
0.95911
0.947162
0.933004
0.917169
0.900416
0.883831
0.868672
0.856107
0.846891
0.841177
0.838466
0.8379
0.83885
0.841399
0.84651
0.855394
0.868295
0.883623
0.898305
0.909175
0.91422
0.913181
0.907564
0.900071
0.893709
0.890683
0.89182
0.89668
0.904096
0.912757
0.92153
0.929521
0.935973
0.94013
0.941079
0.937891
0.929877
0.916912
0.899768
0.880307
0.861239
0.845266
0.834022
0.82771
0.825705
0.827365
0.832266
0.840138
0.850685
0.863474
0.877797
0.892434
0.90561
0.915446
0.920532
0.920523
0.916329
0.909859
0.903193
0.897474
0.892458
0.887125
0.880816
0.873766
0.866966
0.861618
0.858662
0.858445
0.860645
0.864328
0.86816
0.870772
0.87121
0.869265
0.865522
0.860959
0.856385
0.852047
0.847677
0.842824
0.837229
0.830921
0.824312
0.818186
0.813712
0.812361
0.815606
0.824445
0.838907
0.85783
0.879115
0.900281
0.918998
0.933553
0.943028
0.947338
0.947184
0.94383
0.938765
0.93323
0.927909
0.922875
0.917838
0.912586
0.907262
0.902426
0.898802
0.896972
0.897093
0.898916
0.902082
0.906305
0.911434
0.917299
0.923471
0.929179
0.933332
0.93484
0.932953
0.927478
0.918898
0.908336
0.897406
0.887944
0.881658
0.879816
0.882978
0.890919
0.902729
0.917033
0.93226
0.94682
0.959304
0.968591
0.973946
0.975017
0.971874
0.965079
0.955593
0.944635
0.933414
0.922894
0.913725
0.906339
0.901019
0.897841
0.896605
0.896829
0.897864
0.899109
0.900169
0.900798
0.900775
0.899788
0.897422
0.893304
0.887327
0.879862
0.871767
0.864207
0.85839
0.855269
0.855402
0.858902
0.865417
0.87411
0.883679
0.89249
0.898852
0.901451
0.899711
0.893962
0.885285
0.875084
0.864716
0.855363
0.848029
0.843462
0.841944
0.843195
0.846407
0.850504
0.854479
0.857618
0.859574
0.860442
0.860706
0.861205
0.862953
0.866767
0.872914
0.880848
0.889325
0.896744
0.901688
0.903257
0.90128
0.896267
0.889229
0.881449
0.874234
0.868718
0.865658
0.865349
0.867704
0.872361
0.878825
0.886562
0.895031
0.903687
0.911929
0.919138
0.924678
0.928034
0.928976
0.927609
0.924297
0.91955
0.91392
0.907963
0.902171
0.89685
0.891966
0.887002
0.881071
0.873272
0.863226
0.851657
0.840614
0.832981
0.83124
0.836047
0.845819
0.857576
0.868349
0.876157
0.880358
0.881427
0.88059
0.879316
0.878967
0.880494
0.88434
0.890484
0.898565
0.907932
0.917686
0.926689
0.933791
0.937992
0.938727
0.935981
0.930322
0.922804
0.914773
0.907554
0.902096
0.898808
0.897677
0.898497
0.901013
0.904867
0.909476
0.914088
0.917886
0.920157
0.920418
0.918474
0.914606
0.90957
0.904386
0.899917
0.896546
0.894153
0.892323
0.890641
0.888874
0.887039
0.885354
0.884138
0.883691
0.884264
0.885915
0.888409
0.891159
0.893389
0.894388
0.893833
0.89193
0.889379
0.887123
0.886092
0.886943
0.889893
0.894705
0.900778
0.907356
0.913785
0.919689
0.92511
0.930583
0.936908
0.944678
0.953756
0.963049
0.97081
0.975305
0.97549
0.97134
0.963745
0.953922
0.942696
0.930353
0.917104
0.903488
0.890344
0.878505
0.868525
0.860736
0.855427
0.852922
0.85349
0.857081
0.863148
0.870677
0.878506
0.885709
0.891815
0.896808
0.900944
0.904529
0.907775
0.910747
0.913518
0.916272
0.919241
0.922461
0.925531
0.927593
0.927549
0.924505
0.918352
0.910323
0.903027
0.899403
0.901077
0.907261
0.915294
0.922143
0.925739
0.925374
0.921382
0.91464
0.906162
0.897004
0.888233
0.880846
0.87561
0.87285
0.872473
0.874079
0.877248
0.881751
0.88765
0.895048
0.903602
0.912114
0.918628
0.921097
0.918128
0.909414
0.895744
0.878711
0.860302
0.842509
0.827041
0.815192
0.807822
0.805278
0.807349
0.813318
0.822289
0.833509
0.846469
0.860584
0.874904
0.888185
0.899354
0.907861
0.913697
0.917078
0.918239
0.917494
0.915439
0.913002
0.911214
0.91077
0.911674
0.913122
0.913763
0.912289
0.908062
0.901501
0.894038
0.887496
0.883168
0.881164
0.880463
0.879605
0.87752
0.873918
0.869203
0.864069
0.859113
0.854664
0.850862
0.847926
0.846409
0.84716
0.850899
0.857598
0.866307
0.875675
0.884691
0.893106
0.901275
0.909712
0.918664
0.927915
0.93689
0.944811
0.950885
0.954352
0.954568
0.951148
0.944235
0.934612
0.923319
0.91106
0.897826
0.883371
0.868047
0.853342
0.841608
0.835136
0.835022
0.84066
0.850128
0.861195
0.872202
0.882334
0.891353
0.899195
0.905657
0.910302
0.912553
0.911878
0.90799
0.900999
0.891538
0.880761
0.87015
0.861247
0.855314
0.852981
0.854187
1.10252
1.10405
1.10349
1.10013
1.09348
1.08354
1.07114
1.05812
1.04672
1.03839
1.03289
1.02904
1.02618
1.02473
1.02562
1.02933
1.0353
1.04199
1.04751
1.05015
1.04886
1.04334
1.03408
1.02226
1.0095
0.997642
0.988373
0.982886
0.981822
0.985304
0.9929
1.00349
1.01527
1.02614
1.03414
1.03776
1.03606
1.02888
1.01706
1.00255
0.987949
0.975636
0.966924
0.962041
0.96067
0.962471
0.96714
0.974166
0.982623
0.991155
0.998154
1.00215
1.00219
0.998062
0.990591
0.981424
0.972698
0.966541
0.964645
0.967879
0.975812
0.986442
0.996582
1.00291
1.00304
0.996123
0.982842
0.965183
0.945883
0.927839
0.913519
0.904716
0.902498
0.907041
0.917397
0.931272
0.945351
0.956173
0.961262
0.960139
0.954445
0.947025
0.940112
0.934259
0.928982
0.92418
0.920881
0.920817
0.925491
0.93538
0.949746
0.966765
0.983938
0.998759
1.00946
1.0156
1.01819
1.01905
1.01979
1.02079
1.02129
1.02034
1.01768
1.01404
1.01062
1.00852
1.00843
1.01088
1.0165
1.0258
1.0386
1.05382
1.06974
1.08452
1.09655
1.10472
1.10841
1.10766
1.10299
1.09531
1.08558
1.07471
1.0634
1.0521
1.04124
1.03141
1.02352
1.01876
1.01826
1.02265
1.03183
1.04489
1.06037
1.0765
1.09156
1.104
1.11258
1.11649
1.11552
1.11015
1.10151
1.09113
1.08054
1.07078
1.06247
1.05597
1.05185
1.05087
1.05386
1.06135
1.0733
1.08889
1.10644
1.12352
1.13762
1.14668
1.14947
1.14561
1.13533
1.11939
1.09894
1.07556
1.05108
1.02762
1.00753
0.993131
0.985866
0.985431
0.989593
0.995084
0.998762
0.998288
0.992304
0.980439
0.963218
0.942063
0.919409
0.89883
0.884533
0.879596
0.883907
0.894227
0.906479
0.917729
0.926619
0.932815
0.93649
0.938071
0.938347
0.938514
0.94004
0.944239
0.951823
0.962782
0.976513
0.992106
1.00839
1.02402
1.03774
1.04864
1.05637
1.06105
1.06312
1.06318
1.06198
1.06034
1.05921
1.05954
1.062
1.06642
1.07158
1.07558
1.07661
1.07371
1.06698
1.05744
1.04679
1.03698
1.02981
1.02648
1.02737
1.03215
1.03997
1.04965
1.05983
1.0692
1.07692
1.08296
1.0883
1.09423
1.1012
1.108
1.11246
1.11272
1.10828
1.10006
1.08996
1.07995
1.07149
1.06519
1.06075
1.05728
1.05363
1.04863
1.04145
1.03175
1.0198
1.00658
0.993558
0.982352
0.974366
0.970448
0.970712
0.974512
0.980758
0.988376
0.996557
1.00476
1.01262
1.01998
1.02689
1.03352
1.04005
1.0464
1.05233
1.05754
1.06184
1.06523
1.06769
1.06881
1.06766
1.06292
1.05353
1.03937
1.02179
1.00372
0.988929
0.980729
0.980792
0.988798
1.00273
1.01944
1.03568
1.04932
1.05995
1.0685
1.07626
1.08385
1.09078
1.09566
1.09696
1.09389
1.08696
1.07814
1.07031
1.06604
1.06629
1.07003
1.07507
1.07925
1.08111
1.08027
1.07726
1.07339
1.07031
1.06964
1.07256
1.07951
1.08988
1.10205
1.11371
1.12252
1.12675
1.12558
1.11911
1.10825
1.09439
1.07911
1.06378
1.04924
1.03577
1.02326
1.0115
1.00035
0.989794
0.979954
0.971069
0.963438
0.95733
0.952835
0.949748
0.947668
0.946294
0.94577
0.946789
0.950394
0.957384
0.967775
0.980537
0.993857
1.00562
1.0141
1.01855
1.01938
1.01788
1.01581
1.01483
1.01629
1.02086
1.02835
1.03749
1.0462
1.05219
1.05367
1.04999
1.04185
1.03087
1.01855
1.00541
0.991245
0.976204
0.96161
0.949691
0.942587
0.941403
0.945874
0.954587
0.965515
0.976596
0.986331
0.994213
1.00076
1.00676
1.01223
1.01621
1.01767
1.01653
1.01382
1.01119
1.01062
1.01386
1.02182
1.03379
1.04759
1.06065
1.07121
1.07849
1.08233
1.08272
1.07962
1.07325
1.0643
1.05382
1.04301
1.03283
1.02389
1.01655
1.011
1.00712
1.00428
1.00164
0.99867
0.995508
0.992775
0.991102
0.990828
0.992031
0.994869
0.99976
1.00716
1.0171
1.02874
1.04042
1.05017
1.0564
1.05839
1.05659
1.05253
1.04845
1.04651
1.04799
1.05301
1.06072
1.06987
1.07925
1.08794
1.09543
1.10165
1.10658
1.10985
1.11078
1.10873
1.10375
1.09648
1.08735
1.07607
1.0618
1.04421
1.02435
1.00467
0.988122
0.976909
0.971867
0.97261
0.977769
0.985081
0.991709
0.995057
0.993929
0.990062
0.988656
0.995292
1.01044
1.02871
1.04413
1.05394
1.0583
1.0586
1.05644
1.05327
1.05017
1.04752
1.04481
1.04094
1.03507
1.02756
1.02041
1.01672
1.01871
1.02615
1.03659
1.04705
1.05535
1.06036
1.06193
1.06054
1.05709
1.05251
1.04751
1.04252
1.03776
1.03355
1.03035
1.02862
1.02859
1.03018
1.033
1.0365
1.04005
1.04305
1.04499
1.04561
1.045
1.04344
1.04116
1.03815
1.03429
1.02963
1.02457
1.01973
1.01582
1.01349
1.01328
1.01553
1.02032
1.02752
1.03678
1.04771
1.05993
1.07304
1.08637
1.09874
1.10863
1.11472
1.11645
1.1143
1.10948
1.10336
1.0969
1.09042
1.08379
1.0768
1.06935
1.06171
1.05457
1.04884
1.04537
1.04447
1.04563
1.04776
1.0497
1.05055
1.04987
1.04759
1.04402
1.03969
1.03518
1.03092
1.0271
1.02369
1.02039
1.01675
1.01237
1.00736
1.00259
0.999581
0.999627
1.00315
1.0097
1.01852
1.02901
1.04094
1.05419
1.06859
1.08368
1.09873
1.11289
1.12537
1.13557
1.14316
1.14805
1.1503
1.14997
1.14693
1.14093
1.13163
1.11903
1.10361
1.08645
1.06888
1.05208
1.03683
1.02365
1.01292
1.00507
1.00051
0.999691
1.00298
1.01028
1.02069
1.03251
1.0437
1.05249
1.05781
1.05944
1.05782
1.05373
1.04808
1.04177
1.03584
1.03146
1.02945
1.0297
1.03112
1.03211
1.03136
1.02822
1.02269
1.01529
1.00707
0.999687
0.995343
0.996162
1.00298
1.01452
1.02763
1.03848
1.04362
1.04063
1.0284
1.00757
0.981385
0.955964
0.938507
0.933537
0.940711
0.956024
0.974483
0.992211
1.00703
1.01793
1.02451
1.02679
1.02525
1.02075
1.01435
1.00718
1.00038
0.994971
0.991597
0.990261
0.990332
0.990896
0.991278
0.991244
0.990726
0.989223
0.985428
0.977665
0.964901
0.947955
0.930023
0.915717
0.908779
0.909857
0.916349
0.924404
0.931281
0.936314
0.940535
0.945685
0.953358
0.964505
0.97909
0.995897
1.01275
1.02733
1.03798
1.04412
1.04612
1.04494
1.04181
1.03803
1.0348
1.03309
1.03343
1.03545
1.03774
1.03852
1.03673
1.03276
1.0283
1.0254
1.02535
1.02814
1.03279
1.03823
1.04403
1.05042
1.05773
1.06593
1.07453
1.08283
1.09008
1.09553
1.09832
1.09764
1.09282
1.08344
1.06948
1.05135
1.02999
1.0069
0.984329
0.965393
0.953738
0.952442
0.962488
0.981678
1.00511
1.02708
1.04332
1.05189
1.05299
1.04785
1.03773
1.02336
1.00541
0.985796
0.968456
0.957949
0.956546
0.963007
0.974054
0.986236
0.996666
1.00324
1.00489
1.00153
0.993967
0.983839
0.973372
0.964887
0.960171
0.959912
0.963478
0.969272
0.975343
0.980343
0.984407
0.98942
0.99815
1.01273
1.03331
1.05788
1.08329
1.10645
1.12508
1.13789
1.14436
1.14455
1.13903
1.12869
1.11473
1.09844
1.08088
1.06266
1.04399
1.0257
1.01063
1.004
1.01035
1.02893
1.05366
1.07794
1.0981
1.11333
1.12409
1.13117
1.13521
1.13658
1.1354
1.13151
1.12462
1.11447
1.10102
1.08453
1.06569
1.04565
1.02593
1.00813
0.993722
0.983781
0.978961
0.979422
0.984599
0.992987
1.00231
1.01023
1.01503
1.01611
1.01377
1.00883
1.00229
0.995133
0.988259
0.982416
0.978113
0.975547
0.974649
0.975113
0.976495
0.978363
0.980533
0.983234
0.986911
0.99176
0.997466
1.00358
1.01005
1.01719
1.02523
1.03364
1.04117
1.04632
1.04802
1.04585
1.04019
1.03201
1.02278
1.01421
1.00794
1.00525
1.0067
1.0118
1.01911
1.02686
1.03375
1.03934
1.04403
1.04873
1.05452
1.0623
1.07232
1.08391
1.09572
1.10639
1.11519
1.12244
1.12926
1.137
1.14621
1.15607
1.16452
1.16926
1.16875
1.16272
1.15195
1.13784
1.1218
1.10498
1.08851
1.07347
1.06071
1.05027
1.04105
1.03122
1.0193
1.00511
0.990107
0.97693
0.968335
0.966111
0.970475
0.980146
0.993006
1.00687
1.02002
1.03131
1.03996
1.04535
1.0471
1.0454
1.04136
1.0367
1.03278
1.02966
1.02632
1.02204
1.0177
1.01588
1.01934
1.02894
1.04278
1.05741
1.06959
1.07716
1.07898
1.07482
1.06549
1.05278
1.03916
1.02691
1.01731
1.01056
1.00627
1.00409
1.00396
1.00603
1.01036
1.01673
1.02457
1.03301
1.0412
1.0484
1.05393
1.05704
1.05677
1.05217
1.04255
1.0278
1.00854
0.986235
0.963179
0.942394
0.927431
0.921832
0.927947
0.945739
0.972386
1.00328
1.03383
1.06074
1.08223
1.09774
1.10759
1.11257
1.11371
1.11204
1.10834
1.10322
1.09714
1.09042
1.08328
1.07588
1.06835
1.06094
1.05396
1.04791
1.04354
1.04176
1.04342
1.04878
1.05717
1.06719
1.07719
1.08589
1.09265
1.09757
1.10132
1.10478
1.10863
1.11303
1.11744
1.12069
1.12148
1.11875
1.11192
1.10095
1.08623
1.06854
1.04917
1.02998
1.01332
1.00149
0.995898
0.996639
1.00258
1.01194
1.02296
1.03436
1.04549
1.05617
1.06632
1.07574
1.08408
1.09092
1.09599
1.09929
1.10093
1.10105
1.09968
1.0968
1.09258
1.08727
1.08099
1.07347
1.06402
1.05209
1.03786
1.02269
1.009
0.999545
0.996329
0.999814
1.00869
1.02035
1.03173
1.04005
1.04347
1.04139
1.03445
1.02444
1.01379
1.00511
1.0004
1.00064
1.00555
1.01383
1.02365
1.10814
1.11395
1.11603
1.11402
1.10796
1.09836
1.08621
1.07286
1.05978
1.04833
1.03948
1.03381
1.03144
1.03207
1.03496
1.03916
1.04364
1.04746
1.04999
1.05088
1.05001
1.04753
1.04407
1.04094
1.04013
1.04362
1.05223
1.06475
1.07821
1.08913
1.09496
1.09498
1.09024
1.08277
1.0744
1.06593
1.05701
1.04741
1.03853
1.03378
1.03669
1.04789
1.06404
1.07984
1.09099
1.09553
1.09331
1.08511
1.07237
1.05759
1.04425
1.03588
1.03487
1.04176
1.05546
1.074
1.095
1.11602
1.13475
1.14929
1.15849
1.16219
1.1612
1.15705
1.15138
1.14546
1.13997
1.13514
1.13098
1.12724
1.12352
1.11953
1.11571
1.11338
1.11413
1.11837
1.12465
1.13041
1.13375
1.13434
1.13311
1.13122
1.12904
1.12589
1.1206
1.11245
1.10177
1.08995
1.07892
1.07042
1.06524
1.06296
1.06214
1.06107
1.05857
1.05429
1.04859
1.04195
1.03472
1.02731
1.02053
1.01572
1.0146
1.01866
1.02828
1.04227
1.05839
1.07451
1.08957
1.10352
1.11662
1.12871
1.13911
1.14713
1.15244
1.15522
1.15576
1.15407
1.1497
1.14194
1.1303
1.11505
1.09743
1.07925
1.06233
1.04792
1.03678
1.02934
1.02605
1.02733
1.03317
1.04273
1.0541
1.06505
1.07394
1.08041
1.08531
1.09025
1.09674
1.10551
1.11627
1.12779
1.13839
1.14641
1.15062
1.15036
1.14552
1.13679
1.12597
1.11585
1.10912
1.10692
1.10838
1.11155
1.11477
1.11733
1.11942
1.12164
1.12438
1.12742
1.13006
1.13154
1.13156
1.13048
1.12926
1.12905
1.13063
1.13405
1.13842
1.14214
1.14353
1.14128
1.13479
1.12413
1.11004
1.09383
1.07741
1.06303
1.05275
1.04791
1.04877
1.05471
1.06466
1.07739
1.09174
1.10674
1.12175
1.13658
1.15134
1.16597
1.17969
1.19084
1.19727
1.19701
1.18892
1.17311
1.15095
1.12478
1.09747
1.0719
1.05042
1.03435
1.02382
1.01814
1.01638
1.01793
1.02252
1.02973
1.03866
1.04807
1.05698
1.06486
1.07134
1.07592
1.07815
1.07808
1.07642
1.07425
1.07242
1.07137
1.07114
1.0715
1.07207
1.07243
1.07249
1.07248
1.07265
1.0729
1.07335
1.07499
1.07882
1.08403
1.0882
1.08927
1.08687
1.08193
1.07575
1.06926
1.06301
1.05762
1.0543
1.05474
1.06046
1.0717
1.08699
1.10358
1.11846
1.12945
1.13572
1.13791
1.13767
1.13693
1.13725
1.13942
1.14339
1.14863
1.15432
1.15962
1.16378
1.16616
1.16651
1.16514
1.1629
1.16035
1.15674
1.15024
1.13952
1.12496
1.10863
1.09318
1.0808
1.07257
1.06867
1.06873
1.07223
1.07865
1.08748
1.0981
1.10967
1.12114
1.1313
1.13919
1.14446
1.14762
1.14977
1.15201
1.1547
1.15729
1.15883
1.15844
1.15568
1.15045
1.14291
1.1334
1.12261
1.11161
1.1018
1.09446
1.09031
1.0894
1.09151
1.09638
1.10348
1.11156
1.11876
1.1237
1.12613
1.12682
1.12691
1.12719
1.12784
1.1287
1.1297
1.13115
1.13359
1.13724
1.14178
1.14662
1.15111
1.15464
1.15658
1.15655
1.15459
1.15143
1.14821
1.14611
1.14574
1.14688
1.14868
1.15013
1.15036
1.14875
1.145
1.13935
1.1326
1.12599
1.12091
1.11838
1.11868
1.1212
1.12481
1.12805
1.12948
1.12793
1.12291
1.11507
1.10629
1.09881
1.09396
1.09182
1.09173
1.09264
1.09341
1.09299
1.09084
1.08698
1.08195
1.07651
1.07142
1.0673
1.06459
1.06363
1.06468
1.06776
1.07253
1.07817
1.08345
1.08698
1.0876
1.08471
1.0786
1.07054
1.06238
1.05569
1.05098
1.04743
1.04357
1.03817
1.03073
1.0215
1.01117
1.00066
0.990899
0.982823
0.977418
0.975691
0.97846
0.985983
0.997615
1.01204
1.02786
1.04412
1.06049
1.07688
1.09308
1.10846
1.122
1.13259
1.13942
1.14231
1.14173
1.13856
1.13378
1.12818
1.12232
1.11666
1.11171
1.10797
1.10555
1.10415
1.10305
1.10152
1.09907
1.09554
1.09095
1.08535
1.07875
1.07102
1.06211
1.05229
1.04224
1.03292
1.02528
1.01993
1.01704
1.01642
1.01778
1.02078
1.02512
1.03032
1.03569
1.04031
1.04321
1.04371
1.04197
1.03953
1.03913
1.04295
1.0505
1.05876
1.06456
1.06655
1.06524
1.06222
1.05944
1.05863
1.06089
1.06639
1.07436
1.08354
1.0927
1.10095
1.10784
1.11318
1.11669
1.1178
1.11575
1.10999
1.10056
1.08835
1.07476
1.06116
1.04848
1.03711
1.02727
1.01942
1.01398
1.0109
1.00949
1.00878
1.00822
1.00806
1.00917
1.01242
1.01787
1.0243
1.02943
1.03074
1.02643
1.01642
1.00307
0.990652
0.983565
0.984757
0.995161
1.01342
1.03598
1.05827
1.07649
1.08888
1.09579
1.09877
1.0995
1.09899
1.09754
1.09535
1.09297
1.09152
1.09232
1.09641
1.10411
1.11477
1.12679
1.13808
1.14666
1.15111
1.15087
1.14619
1.13804
1.12809
1.11872
1.11254
1.11156
1.11622
1.12495
1.13481
1.14271
1.14646
1.14498
1.13813
1.12638
1.11051
1.09148
1.07035
1.04856
1.02795
1.01046
0.997203
0.988034
0.982142
0.979072
0.979069
0.982693
0.990182
1.00128
1.01539
1.0317
1.04888
1.06522
1.07919
1.08994
1.0974
1.10207
1.10472
1.10637
1.10804
1.1104
1.11332
1.11581
1.11656
1.11458
1.10976
1.10283
1.09505
1.08791
1.08277
1.08048
1.08091
1.08289
1.08481
1.08546
1.0844
1.08188
1.0784
1.07437
1.07009
1.06593
1.06272
1.06178
1.06454
1.07162
1.08206
1.0933
1.10207
1.10559
1.10238
1.09251
1.07755
1.06032
1.04419
1.03216
1.02581
1.02491
1.02781
1.03232
1.03657
1.03964
1.0415
1.04257
1.04329
1.04408
1.04574
1.04945
1.05608
1.06519
1.07497
1.0832
1.08858
1.09117
1.0921
1.09269
1.09376
1.0953
1.09668
1.09707
1.09587
1.09317
1.09022
1.08941
1.09333
1.10282
1.11603
1.12949
1.14009
1.14627
1.14811
1.14675
1.14358
1.13954
1.135
1.12999
1.12457
1.1189
1.1131
1.10724
1.10141
1.09581
1.09067
1.08605
1.08176
1.07773
1.07447
1.07319
1.07509
1.08036
1.08791
1.09605
1.10353
1.11019
1.1168
1.12452
1.13417
1.14567
1.15799
1.16928
1.17732
1.18001
1.17593
1.16461
1.14677
1.12419
1.09934
1.07487
1.0531
1.03552
1.02258
1.01376
1.00791
1.00362
0.999815
0.996145
0.993246
0.992587
0.995783
1.00361
1.01543
1.02943
1.04352
1.05633
1.06753
1.07768
1.08756
1.09743
1.10663
1.11378
1.11739
1.11649
1.11108
1.1023
1.09239
1.08402
1.07936
1.07915
1.08274
1.08899
1.09725
1.10766
1.12048
1.13519
1.14995
1.16212
1.16933
1.17031
1.16511
1.15481
1.14097
1.12504
1.10785
1.08967
1.07079
1.05225
1.03581
1.02305
1.01506
1.01328
1.01953
1.0339
1.0532
1.07241
1.08717
1.09531
1.09686
1.09327
1.08658
1.07859
1.07045
1.06264
1.05535
1.04878
1.04335
1.03969
1.03858
1.04069
1.04656
1.05635
1.0698
1.08604
1.10374
1.12145
1.13788
1.1522
1.1641
1.17371
1.18131
1.1872
1.19147
1.19406
1.19477
1.19359
1.19087
1.18749
1.18453
1.18286
1.18261
1.18307
1.18298
1.18102
1.17628
1.16854
1.15826
1.14644
1.13426
1.1227
1.11216
1.10236
1.09267
1.08275
1.07303
1.06454
1.05847
1.05569
1.05662
1.06131
1.06954
1.08085
1.09466
1.11038
1.12735
1.14489
1.16219
1.17831
1.19225
1.20309
1.21002
1.21237
1.20965
1.20158
1.18822
1.17013
1.14868
1.1261
1.10531
1.08922
1.07984
1.07762
1.08145
1.08921
1.09854
1.10744
1.11454
1.11926
1.1218
1.12305
1.12431
1.12654
1.12985
1.13325
1.1352
1.13429
1.12991
1.12242
1.11298
1.10315
1.09434
1.0873
1.08204
1.07811
1.07492
1.07208
1.06937
1.0666
1.06353
1.05994
1.05584
1.05159
1.04781
1.04497
1.04294
1.04102
1.03841
1.0349
1.03106
1.02795
1.02648
1.02698
1.02908
1.03215
1.03584
1.04027
1.04563
1.05153
1.05694
1.06053
1.06138
1.05926
1.05452
1.048
1.04079
1.03424
1.02965
1.02801
1.02963
1.03404
1.04017
1.04647
1.05127
1.05299
1.05031
1.04248
1.02982
1.01438
1.00017
0.991878
0.99242
1.00127
1.01531
1.03131
1.04745
1.06311
1.07808
1.09218
1.10519
1.11667
1.12581
1.13128
1.1314
1.12465
1.11016
1.08835
1.06136
1.03348
1.01055
0.998298
0.999954
1.01505
1.04018
1.07089
1.10298
1.13301
1.15849
1.17792
1.19074
1.19727
1.19838
1.19514
1.1885
1.17928
1.16846
1.15774
1.14912
1.1437
1.14069
1.13802
1.13389
1.12765
1.11994
1.11242
1.10729
1.10633
1.10991
1.11688
1.1258
1.13563
1.14558
1.15431
1.15985
1.16039
1.15535
1.14599
1.13528
1.12677
1.12287
1.12376
1.1278
1.13269
1.13662
1.13878
1.13928
1.13886
1.13825
1.13773
1.13703
1.13573
1.13378
1.13172
1.13038
1.13042
1.13178
1.13374
1.1352
1.13516
1.13326
1.13007
1.1271
1.12639
1.1297
1.13762
1.1492
1.16223
1.17389
1.18164
1.18377
1.1796
1.16936
1.15422
1.13625
1.11816
1.10239
1.08987
1.07983
1.07068
1.06141
1.05209
1.0436
1.03704
1.03306
1.03162
1.03223
1.03449
1.03838
1.04431
1.05271
1.06357
1.07632
1.09002
1.10383
1.11722
1.12981
1.14123
1.15088
1.15793
1.16131
1.15996
1.15324
1.14137
1.12561
1.10825
1.09213
1.07987
1.07287
1.07075
1.07175
1.07377
1.07524
1.07522
1.07305
1.0682
1.06031
1.04958
1.0371
1.02499
1.01595
1.01233
1.01486
1.02227
1.03197
1.04145
1.04922
1.05502
1.05946
