-0.439656
-0.44013
-0.440278
-0.440147
-0.439749
-0.439133
-0.438314
-0.43731
-0.436159
-0.434876
-0.433477
-0.431978
-0.4304
-0.428765
-0.427126
-0.425575
-0.424219
-0.423228
-0.422803
-0.423124
-0.424322
-0.42636
-0.42909
-0.432173
-0.43513
-0.437433
-0.438567
-0.438136
-0.435977
-0.432345
-0.427979
-0.424169
-0.422363
-0.423537
-0.427693
-0.433824
-0.440418
-0.446118
-0.450063
-0.451918
-0.451782
-0.449948
-0.446882
-0.443026
-0.43879
-0.434514
-0.430396
-0.426609
-0.423319
-0.420701
-0.418961
-0.418239
-0.418509
-0.419618
-0.421307
-0.423314
-0.42544
-0.42752
-0.429388
-0.430813
-0.431475
-0.431111
-0.42961
-0.427238
-0.424691
-0.422939
-0.422904
-0.42499
-0.428919
-0.433835
-0.438773
-0.442949
-0.44595
-0.447726
-0.448426
-0.448333
-0.44772
-0.446843
-0.445919
-0.445092
-0.444437
-0.443988
-0.443749
-0.443695
-0.443803
-0.444028
-0.444313
-0.444636
-0.444937
-0.445193
-0.445352
-0.445381
-0.44525
-0.444961
-0.444536
-0.444039
-0.44356
-0.443182
-0.443044
-0.443258
-0.443896
-0.444993
-0.446513
-0.448355
-0.450387
-0.452436
-0.454316
-0.455862
-0.45696
-0.457522
-0.457526
-0.456977
-0.455994
-0.454736
-0.453424
-0.452287
-0.451552
-0.451405
-0.451897
-0.452975
-0.454498
-0.456267
-0.458055
-0.459649
-0.460887
-0.461627
-0.461771
-0.461267
-0.460107
-0.45832
-0.455943
-0.45304
-0.449663
-0.445834
-0.441576
-0.436892
-0.431818
-0.426421
-0.42092
-0.41568
-0.411356
-0.408779
-0.408781
-0.411965
-0.418364
-0.427411
-0.438119
-0.449375
-0.460233
-0.470006
-0.478307
-0.485014
-0.490135
-0.493752
-0.495973
-0.496853
-0.496457
-0.494759
-0.49172
-0.487264
-0.481377
-0.474061
-0.465498
-0.456051
-0.44627
-0.436822
-0.42835
-0.421226
-0.415541
-0.41108
-0.4075
-0.404519
-0.402037
-0.400175
-0.399235
-0.399536
-0.401335
-0.40465
-0.409248
-0.414686
-0.420457
-0.426119
-0.431312
-0.435834
-0.439604
-0.442574
-0.444772
-0.446154
-0.446698
-0.446302
-0.444873
-0.442312
-0.438661
-0.434232
-0.429673
-0.425972
-0.42418
-0.424968
-0.428331
-0.433548
-0.439585
-0.445433
-0.45046
-0.454359
-0.457107
-0.458844
-0.459765
-0.460072
-0.459945
-0.459515
-0.458876
-0.458119
-0.457273
-0.45638
-0.455457
-0.454509
-0.453564
-0.452651
-0.451789
-0.451015
-0.450406
-0.45003
-0.449936
-0.450182
-0.450788
-0.451745
-0.453009
-0.454528
-0.456166
-0.45783
-0.459386
-0.460709
-0.461687
-0.4622
-0.462134
-0.461368
-0.459802
-0.457364
-0.454032
-0.449862
-0.445072
-0.440062
-0.435404
-0.431757
-0.42977
-0.429826
-0.431972
-0.435941
-0.441228
-0.447286
-0.453622
-0.459874
-0.465818
-0.471335
-0.476381
-0.480965
-0.485083
-0.488739
-0.491882
-0.494418
-0.49618
-0.496971
-0.496602
-0.494927
-0.492026
-0.48823
-0.484187
-0.480734
-0.478646
-0.478344
-0.479747
-0.482436
-0.485881
-0.489574
-0.493111
-0.496046
-0.498032
-0.498798
-0.498359
-0.496956
-0.495019
-0.492964
-0.491045
-0.489215
-0.487147
-0.484386
-0.480541
-0.475391
-0.468975
-0.461847
-0.455117
-0.450604
-0.450279
-0.45527
-0.464968
-0.477169
-0.489286
-0.499411
-0.506674
-0.51102
-0.512905
-0.512991
-0.511982
-0.510565
-0.509317
-0.508671
-0.508858
-0.5099
-0.51165
-0.513847
-0.516197
-0.518425
-0.520321
-0.521711
-0.52246
-0.522431
-0.521507
-0.519571
-0.51652
-0.512354
-0.507163
-0.501308
-0.495406
-0.490258
-0.486686
-0.485217
-0.485853
-0.488066
-0.491052
-0.493961
-0.496074
-0.496904
-0.496216
-0.493917
-0.490055
-0.484909
-0.478902
-0.47261
-0.466815
-0.462376
-0.460164
-0.46095
-0.465109
-0.472476
-0.48231
-0.493435
-0.504648
-0.514924
-0.523595
-0.530311
-0.534956
-0.537584
-0.538293
-0.53725
-0.534672
-0.530805
-0.525977
-0.520591
-0.515073
-0.509837
-0.505159
-0.501182
-0.497813
-0.494838
-0.491995
-0.489074
-0.485982
-0.482777
-0.479678
-0.476976
-0.474986
-0.473967
-0.474129
-0.475579
-0.478319
-0.482212
-0.486959
-0.492142
-0.497319
-0.502115
-0.506287
-0.509741
-0.512499
-0.514616
-0.516172
-0.517189
-0.517669
-0.517572
-0.516822
-0.51538
-0.513234
-0.510427
-0.507088
-0.503416
-0.499685
-0.49617
-0.493141
-0.490823
-0.489367
-0.488898
-0.48945
-0.491026
-0.493616
-0.497069
-0.501191
-0.505694
-0.510279
-0.514729
-0.518883
-0.52265
-0.526015
-0.528971
-0.53154
-0.533717
-0.535503
-0.536879
-0.537829
-0.538365
-0.538506
-0.538288
-0.537775
-0.537038
-0.536174
-0.535281
-0.534454
-0.533776
-0.533301
-0.533057
-0.533035
-0.53318
-0.53339
-0.533501
-0.533339
-0.532681
-0.53135
-0.529246
-0.526467
-0.523318
-0.520399
-0.518451
-0.518151
-0.51982
-0.523314
-0.528049
-0.533264
-0.538277
-0.542615
-0.546032
-0.548482
-0.549999
-0.550669
-0.550605
-0.549918
-0.548698
-0.547028
-0.545011
-0.542751
-0.540382
-0.538067
-0.535978
-0.534253
-0.532999
-0.532258
-0.531937
-0.531839
-0.531714
-0.531274
-0.530243
-0.528444
-0.525832
-0.522565
-0.519014
-0.515722
-0.513327
-0.512409
-0.513289
-0.516004
-0.520234
-0.525496
-0.531178
-0.536739
-0.541732
-0.545836
-0.548847
-0.550657
-0.551211
-0.550539
-0.548766
-0.546055
-0.542614
-0.53874
-0.534741
-0.530953
-0.527679
-0.52515
-0.52353
-0.522833
-0.522982
-0.523748
-0.524823
-0.525805
-0.526272
-0.525762
-0.523758
-0.519764
-0.513305
-0.504196
-0.492907
-0.48104
-0.471346
-0.466825
-0.468965
-0.476736
-0.487369
-0.498015
-0.506989
-0.513719
-0.518403
-0.521505
-0.523504
-0.524736
-0.525438
-0.525709
-0.525568
-0.525025
-0.524083
-0.522807
-0.521277
-0.519675
-0.518168
-0.516944
-0.516148
-0.515853
-0.516086
-0.516725
-0.517622
-0.518554
-0.519241
-0.519386
-0.51876
-0.517235
-0.514829
-0.511806
-0.50866
-0.506013
-0.504486
-0.504424
-0.505791
-0.508124
-0.510775
-0.513064
-0.51445
-0.514613
-0.513426
-0.510929
-0.507245
-0.502587
-0.497249
-0.491571
-0.485999
-0.481111
-0.477553
-0.475905
-0.476521
-0.479426
-0.484292
-0.490582
-0.497672
-0.505025
-0.512231
-0.518989
-0.525115
-0.530477
-0.535009
-0.538676
-0.541437
-0.543266
-0.544114
-0.543958
-0.542716
-0.540356
-0.536954
-0.532773
-0.528278
-0.524175
-0.521224
-0.51999
-0.52069
-0.523031
-0.526407
-0.530134
-0.533627
-0.536547
-0.538748
-0.540249
-0.541142
-0.541558
-0.541598
-0.541377
-0.540977
-0.540436
-0.539804
-0.539071
-0.538192
-0.537109
-0.535731
-0.533974
-0.53175
-0.529022
-0.525777
-0.522003
-0.517793
-0.513302
-0.508792
-0.504678
-0.501444
-0.49958
-0.499361
-0.500664
-0.502999
-0.505706
-0.508224
-0.510206
-0.511588
-0.512549
-0.513367
-0.514374
-0.515818
-0.517847
-0.520473
-0.52354
-0.526824
-0.530059
-0.533047
-0.535639
-0.537771
-0.539433
-0.540629
-0.54139
-0.541776
-0.541806
-0.541513
-0.540926
-0.540054
-0.538898
-0.537461
-0.535737
-0.533712
-0.531353
-0.528648
-0.525573
-0.522135
-0.518383
-0.514446
-0.510515
-0.506838
-0.503684
-0.501282
-0.49978
-0.499185
-0.499405
-0.500235
-0.501459
-0.502921
-0.50447
-0.506025
-0.507532
-0.508917
-0.510095
-0.510975
-0.511443
-0.511422
-0.510828
-0.509705
-0.508166
-0.506468
-0.504979
-0.50413
-0.50427
-0.505589
-0.507994
-0.511151
-0.514615
-0.517928
-0.52073
-0.522772
-0.523932
-0.524206
-0.523608
-0.522216
-0.520125
-0.517416
-0.514206
-0.510625
-0.506844
-0.503052
-0.49952
-0.496541
-0.494434
-0.493447
-0.493741
-0.495335
-0.49807
-0.501642
-0.505669
-0.509755
-0.513555
-0.516811
-0.519295
-0.520875
-0.521435
-0.520878
-0.519115
-0.516103
-0.511885
-0.506645
-0.500834
-0.495115
-0.490337
-0.487244
-0.486238
-0.487145
-0.489173
-0.491178
-0.491931
-0.490397
-0.486005
-0.478773
-0.469414
-0.459347
-0.450421
-0.444443
-0.442602
-0.445058
-0.451007
-0.459057
-0.467767
-0.475968
-0.482891
-0.488159
-0.491697
-0.493645
-0.494282
-0.49391
-0.492861
-0.491398
-0.489698
-0.487879
-0.485962
-0.483962
-0.481874
-0.479763
-0.477738
-0.47595
-0.474638
-0.473987
-0.474155
-0.475173
-0.476944
-0.47921
-0.481662
-0.483999
-0.485919
-0.487238
-0.487826
-0.487631
-0.486649
-0.484919
-0.48251
-0.479518
-0.476064
-0.472286
-0.468368
-0.4645
-0.460886
-0.457741
-0.455239
-0.453468
-0.452465
-0.452172
-0.452482
-0.453195
-0.454129
-0.45516
-0.456183
-0.45723
-0.458389
-0.459794
-0.461601
-0.463874
-0.466579
-0.469562
-0.472606
-0.475452
-0.477868
-0.47969
-0.480824
-0.48125
-0.481032
-0.480265
-0.479075
-0.477592
-0.475967
-0.47429
-0.472605
-0.470919
-0.469182
-0.46734
-0.465297
-0.463004
-0.46046
-0.457654
-0.454679
-0.451618
-0.448607
-0.445762
-0.443201
-0.441035
-0.4393
-0.438021
-0.437206
-0.436817
-0.436795
-0.437104
-0.437719
-0.438614
-0.439771
-0.441135
-0.442611
-0.44409
-0.445401
-0.446407
-0.44694
-0.446974
-0.446564
-0.445904
-0.445219
-0.444746
-0.444655
-0.444967
-0.445552
-0.446224
-0.446764
-0.447017
-0.446931
-0.446552
-0.44602
-0.44549
-0.445173
-0.445248
-0.445826
-0.446959
-0.448616
-0.450692
-0.453042
-0.455475
-0.457836
-0.459959
-0.461704
-0.462943
-0.463567
-0.463432
-0.462415
-0.460379
-0.457234
-0.452966
-0.447708
-0.441816
-0.435898
-0.430712
-0.427005
-0.425289
-0.425642
-0.427718
-0.430898
-0.434417
-0.4376
-0.439913
-0.440954
-0.440542
-0.438626
-0.435308
-0.430807
-0.425489
-0.419822
-0.414346
-0.409578
-0.405924
-0.403589
-0.402587
-0.402723
-0.403703
-0.405236
-0.407064
-0.409008
-0.410954
-0.41288
-0.4148
-0.416769
-0.418883
-0.421175
-0.42362
-0.426079
-0.428349
-0.430214
-0.431484
-0.43207
-0.431945
-0.431199
-0.429961
-0.428372
-0.426603
-0.424766
-0.422999
-0.421448
-0.420298
-0.419756
-0.419948
-0.420941
-0.422629
-0.424744
-0.426944
-0.428853
-0.430188
-0.430757
-0.43052
-0.429508
-0.427889
-0.425863
-0.423653
-0.421498
-0.419599
-0.418124
-0.417161
-0.416752
-0.41689
-0.417535
-0.418584
-0.419914
-0.42145
-0.423063
-0.424697
-0.426358
-0.428034
-0.429772
-0.431633
-0.433615
-0.435735
-0.437949
-0.440214
-0.442485
-0.44469
-0.446773
-0.448674
-0.450348
-0.451763
-0.452894
-0.453697
-0.454158
-0.454258
-0.453951
-0.453244
-0.452123
-0.450594
-0.448696
-0.44651
-0.444114
-0.44163
-0.439227
-0.437075
-0.435319
-0.434109
-0.433526
-0.433615
-0.434337
-0.435596
-0.437249
-0.439156
-0.441173
-0.443154
-0.444964
-0.44648
-0.447628
-0.448337
-0.448554
-0.448284
-0.447587
-0.446567
-0.445352
-0.444112
-0.442994
-0.442142
-0.441633
-0.441522
-0.441786
-0.442383
-0.443257
-0.444332
-0.445511
-0.446673
