1.20055
1.20089
1.20101
1.20094
1.20069
1.2003
1.19976
1.19911
1.19835
1.19751
1.19658
1.19559
1.19454
1.19346
1.19237
1.19132
1.1904
1.18971
1.18938
1.18954
1.19027
1.19158
1.19337
1.19541
1.19741
1.199
1.19985
1.19967
1.19835
1.19601
1.19311
1.19049
1.18911
1.18969
1.19228
1.19628
1.20069
1.20458
1.20734
1.20872
1.20875
1.20763
1.20565
1.20312
1.20031
1.19745
1.19468
1.19213
1.1899
1.1881
1.18688
1.18633
1.18645
1.18714
1.18823
1.18956
1.19097
1.19236
1.19363
1.19462
1.19512
1.19495
1.19402
1.19248
1.19077
1.18952
1.18936
1.19062
1.19313
1.19638
1.19969
1.20254
1.20462
1.20588
1.20641
1.20639
1.206
1.20543
1.20482
1.20426
1.20381
1.2035
1.20332
1.20328
1.20334
1.20348
1.20367
1.20389
1.2041
1.20427
1.20438
1.20441
1.20434
1.20416
1.20389
1.20356
1.20323
1.20297
1.20286
1.20298
1.20338
1.20408
1.20506
1.20627
1.20762
1.20898
1.21025
1.2113
1.21207
1.21248
1.21251
1.21218
1.21156
1.21073
1.20985
1.20907
1.20855
1.2084
1.20868
1.20937
1.21036
1.21153
1.21273
1.21382
1.21467
1.21519
1.21533
1.21503
1.21431
1.21315
1.21161
1.20971
1.20748
1.20496
1.20215
1.19906
1.1957
1.19212
1.18845
1.18493
1.18196
1.1801
1.17991
1.18181
1.18587
1.19175
1.19881
1.20632
1.21361
1.2202
1.22584
1.23042
1.23394
1.23645
1.23802
1.2387
1.23852
1.23747
1.23553
1.23266
1.22883
1.22405
1.21842
1.21216
1.20564
1.1993
1.19357
1.18873
1.18485
1.1818
1.17936
1.17734
1.17566
1.17438
1.17368
1.17379
1.17489
1.177
1.17999
1.18358
1.18742
1.19121
1.19471
1.19778
1.20035
1.20238
1.20389
1.20486
1.20528
1.20509
1.20421
1.20258
1.20021
1.19729
1.19424
1.19168
1.19033
1.19067
1.19275
1.19614
1.20014
1.20408
1.2075
1.21017
1.21207
1.21329
1.21396
1.2142
1.21414
1.21387
1.21346
1.21296
1.2124
1.21181
1.21119
1.21056
1.20994
1.20932
1.20874
1.20822
1.20781
1.20754
1.20746
1.2076
1.20798
1.20859
1.20942
1.21041
1.2115
1.21261
1.21366
1.21456
1.21524
1.21561
1.21561
1.21515
1.21417
1.2126
1.21043
1.2077
1.20454
1.2012
1.19805
1.19554
1.19409
1.19398
1.19528
1.19782
1.20127
1.20528
1.2095
1.21368
1.21767
1.22138
1.22477
1.22785
1.23063
1.2331
1.23523
1.23697
1.2382
1.2388
1.23863
1.23761
1.23575
1.23326
1.23055
1.22819
1.22669
1.22636
1.22719
1.22891
1.23117
1.23364
1.23601
1.23802
1.23941
1.24001
1.2398
1.23892
1.23765
1.23627
1.23498
1.23376
1.23241
1.23063
1.22815
1.2248
1.22061
1.21588
1.21132
1.2081
1.20755
1.21053
1.21673
1.22478
1.23293
1.23985
1.24489
1.24797
1.24937
1.24953
1.24891
1.24797
1.24712
1.24663
1.2467
1.24734
1.24847
1.24991
1.25147
1.25297
1.25426
1.25523
1.25577
1.2558
1.25525
1.25403
1.25207
1.24936
1.24596
1.24208
1.23813
1.23462
1.23211
1.23098
1.23127
1.23267
1.23464
1.23661
1.23808
1.23873
1.23837
1.23694
1.23447
1.23111
1.22714
1.22295
1.21902
1.21594
1.2143
1.21461
1.21716
1.22187
1.22829
1.23566
1.24316
1.25009
1.25599
1.2606
1.26384
1.26572
1.26631
1.26573
1.26411
1.2616
1.25844
1.25487
1.25119
1.24766
1.2445
1.2418
1.23951
1.23752
1.23563
1.23369
1.23164
1.22951
1.22743
1.2256
1.22421
1.22346
1.22349
1.22437
1.22611
1.22864
1.23176
1.2352
1.23866
1.24189
1.24471
1.24707
1.24895
1.2504
1.25147
1.25218
1.25254
1.25251
1.25206
1.25114
1.24975
1.24792
1.24573
1.2433
1.24081
1.23844
1.23638
1.23478
1.23375
1.23337
1.23366
1.23465
1.23632
1.23857
1.24128
1.24426
1.24732
1.2503
1.2531
1.25563
1.2579
1.2599
1.26163
1.26311
1.26432
1.26527
1.26593
1.26632
1.26644
1.26631
1.26599
1.26551
1.26494
1.26435
1.26379
1.26332
1.26299
1.26282
1.26279
1.26288
1.26302
1.26311
1.26302
1.26262
1.26178
1.26043
1.25861
1.25652
1.25454
1.25315
1.25282
1.2538
1.25602
1.25911
1.26258
1.26595
1.2689
1.27124
1.27293
1.274
1.2745
1.27451
1.2741
1.27331
1.27223
1.2709
1.26941
1.26784
1.26629
1.26487
1.2637
1.26284
1.26231
1.26206
1.26199
1.26192
1.26166
1.26102
1.25987
1.25818
1.25603
1.25367
1.25144
1.24976
1.24903
1.24949
1.25118
1.25392
1.25737
1.26115
1.26487
1.26825
1.27106
1.27314
1.27443
1.27488
1.27452
1.27341
1.27165
1.26939
1.26683
1.26417
1.26162
1.25939
1.25765
1.25651
1.25599
1.25604
1.25651
1.25722
1.25789
1.25825
1.25798
1.25676
1.25424
1.25011
1.24421
1.2368
1.22886
1.22216
1.21873
1.21971
1.22458
1.23157
1.23873
1.24485
1.24948
1.25273
1.25489
1.25628
1.25715
1.25766
1.25787
1.25781
1.25747
1.25687
1.25603
1.25503
1.25396
1.25295
1.25211
1.25155
1.25132
1.25143
1.25184
1.25242
1.25305
1.25352
1.25366
1.25331
1.25235
1.2508
1.24882
1.24671
1.24489
1.24378
1.24364
1.24446
1.24597
1.24774
1.2493
1.2503
1.2505
1.2498
1.24822
1.24584
1.2428
1.23927
1.2355
1.23176
1.22844
1.22596
1.22472
1.22497
1.22677
1.2299
1.23401
1.2387
1.2436
1.24842
1.25296
1.25709
1.26071
1.26379
1.26628
1.26818
1.26946
1.27011
1.27007
1.26931
1.26781
1.26562
1.26287
1.25988
1.2571
1.25503
1.25408
1.25442
1.25589
1.25809
1.26057
1.26292
1.26491
1.26643
1.26747
1.2681
1.2684
1.26845
1.26831
1.26805
1.26771
1.2673
1.26681
1.26624
1.26553
1.26463
1.26349
1.26205
1.26026
1.25812
1.25564
1.25286
1.24988
1.24686
1.24408
1.24185
1.2405
1.24024
1.24102
1.24252
1.24432
1.24603
1.24739
1.24835
1.24901
1.24956
1.25021
1.25114
1.25246
1.25417
1.25619
1.25837
1.26054
1.26255
1.26431
1.26576
1.2669
1.26772
1.26826
1.26854
1.26858
1.26842
1.26804
1.26748
1.26674
1.2658
1.26468
1.26335
1.2618
1.26001
1.25798
1.25571
1.25323
1.25061
1.24799
1.24551
1.24336
1.2417
1.24064
1.24019
1.24029
1.24081
1.24161
1.24257
1.2436
1.24465
1.24566
1.24659
1.24739
1.248
1.24835
1.24836
1.24801
1.24729
1.24629
1.24516
1.24414
1.24352
1.24354
1.24434
1.24587
1.24794
1.25024
1.25247
1.25438
1.2558
1.25663
1.25687
1.25653
1.25566
1.25431
1.25254
1.25043
1.24806
1.24554
1.24301
1.24063
1.2386
1.23713
1.23639
1.2365
1.23748
1.23923
1.24156
1.24422
1.24695
1.24952
1.25173
1.25344
1.25456
1.25501
1.25471
1.25362
1.2517
1.24896
1.24553
1.24167
1.23783
1.23455
1.23236
1.23155
1.23204
1.23334
1.23472
1.23533
1.23449
1.23176
1.22712
1.221
1.21428
1.20819
1.20396
1.20244
1.20381
1.20758
1.21285
1.21865
1.22418
1.2289
1.23253
1.235
1.23641
1.2369
1.23671
1.23605
1.2351
1.23398
1.23277
1.2315
1.23017
1.22878
1.22737
1.22601
1.2248
1.22388
1.2234
1.22346
1.22409
1.22522
1.2267
1.22834
1.22991
1.23122
1.23215
1.23259
1.23251
1.23191
1.23081
1.22925
1.22729
1.22501
1.22251
1.2199
1.21731
1.21488
1.21275
1.21103
1.2098
1.20908
1.20885
1.20901
1.20946
1.21008
1.21076
1.21144
1.21214
1.2129
1.21383
1.215
1.21649
1.21827
1.22024
1.22227
1.22419
1.22583
1.22709
1.22789
1.22822
1.22812
1.22764
1.22687
1.2259
1.22483
1.22371
1.22258
1.22146
1.2203
1.21908
1.21774
1.21623
1.21455
1.2127
1.21072
1.20868
1.20667
1.20476
1.20303
1.20155
1.20035
1.19948
1.1989
1.19862
1.19858
1.19877
1.19916
1.19974
1.20049
1.20139
1.20237
1.20336
1.20425
1.20493
1.20532
1.20537
1.20513
1.2047
1.20423
1.20389
1.2038
1.20398
1.20436
1.20481
1.20518
1.20537
1.20534
1.2051
1.20474
1.20438
1.20415
1.20417
1.20453
1.20525
1.20632
1.20768
1.20923
1.21086
1.21244
1.21387
1.21507
1.21593
1.21639
1.21636
1.21574
1.21445
1.21243
1.20965
1.2062
1.2023
1.19834
1.19481
1.19223
1.19094
1.19105
1.19234
1.1944
1.19675
1.19891
1.20052
1.20131
1.20114
1.19996
1.19783
1.1949
1.19139
1.18762
1.18395
1.18071
1.17819
1.17655
1.1758
1.17582
1.17643
1.17742
1.17862
1.17991
1.18122
1.1825
1.18377
1.18509
1.18649
1.188
1.18963
1.19127
1.19281
1.19408
1.19498
1.19541
1.19538
1.19492
1.19412
1.19309
1.19192
1.19069
1.18951
1.18846
1.18766
1.18725
1.18733
1.18795
1.18903
1.19042
1.19189
1.1932
1.19414
1.19458
1.19447
1.19385
1.1928
1.19147
1.19
1.18856
1.18727
1.18626
1.18558
1.18527
1.18533
1.18572
1.1864
1.18728
1.18829
1.18936
1.19045
1.19155
1.19267
1.19383
1.19506
1.19637
1.19778
1.19925
1.20077
1.20228
1.20376
1.20515
1.20643
1.20757
1.20853
1.2093
1.20987
1.2102
1.21029
1.21012
1.20968
1.20896
1.20798
1.20674
1.2053
1.2037
1.20205
1.20044
1.19897
1.19777
1.19692
1.1965
1.19652
1.19696
1.19777
1.19886
1.20012
1.20146
1.20278
1.204
1.20504
1.20583
1.20633
1.20651
1.20636
1.20592
1.20525
1.20445
1.20362
1.20286
1.20227
1.20191
1.2018
1.20195
1.20234
1.20291
1.20361
1.20439
1.20517
