           1     61.7688     61.7688           0
           2     69.8419     65.8054     4.03657
           3     70.8424     67.4844     2.87234
           4      70.823      68.319     2.19587
           5     74.5292     69.5611     2.10613
           6     69.0708     69.4793     1.72159
           7     78.9932     70.8385     1.99104
           8     75.0659     71.3669     1.80345
           9     64.5246     70.6066     1.76285
          10     72.8837     70.8343      1.5931
          11      68.089     70.5848     1.46247
          12     82.9211     71.6128     1.68499
          13     82.5399     72.4533     1.76321
          14       76.07     72.7117     1.65273
          15     79.5862       73.17     1.60541
          16     88.9457      74.156     1.79648
          17     83.8092     74.7238     1.78048
          18        67.2     74.3058     1.72991
          19     83.5151     74.7905      1.7066
          20     77.4488     74.9234     1.62447
          21     75.1253      74.933     1.54521
          22     79.8418     75.1562      1.4901
          23     76.3751     75.2092     1.42483
          24     78.3243      75.339     1.37033
          25     78.2482     75.4553     1.31952
          26      81.652     75.6937     1.28996
          27     71.3201     75.5317     1.25179
          28     80.7875     75.7194     1.22077
          29      86.656     76.0965     1.23682
          30     72.2212     75.9673     1.20184
          31     67.3748     75.6902     1.19502
          32     86.9439     76.0418     1.20934
          33     79.5999     76.1497     1.17707
          34     86.6525     76.4586     1.18297
          35     76.6489      76.464     1.14868
          36     82.1652     76.6224      1.1275
          37     65.8913     76.3323      1.1343
          38     81.0082     76.4554     1.11089
          39     75.7881     76.4383     1.08216
          40      83.787      76.622     1.07064
          41     79.2054      76.685      1.0461
          42      78.095     76.7186     1.02144
          43     90.2755     77.0339     1.04605
          44     83.1432     77.1727     1.03139
          45      76.727     77.1628     1.00826
          46     71.7521     77.0452    0.993084
          47     83.9505     77.1921    0.982769
          48     73.3061     77.1111    0.965477
          49     84.3364     77.2586    0.956996
          50     81.5962     77.3453    0.941666
           1     31.2508     31.2508           0
           2     31.9716     31.6112    0.360425
           3     38.4348     33.8857     2.28403
           4     30.8008     33.1145     1.78974
           5     32.3503     32.9616     1.39473
           6     33.8102     33.1031     1.14754
           7     31.3052     32.8462     1.00328
           8     32.7899     32.8392    0.868895
           9     27.6306     32.2605    0.960281
          10     32.7302     32.3074    0.860185
          11     33.7499     32.4386     0.78904
          12      38.069     32.9078    0.859633
          13     32.4119     32.8696    0.791667
          14     26.5518     32.4184    0.860726
          15     29.3152     32.2115    0.827568
          16     33.1088     32.2676    0.776147
          17     33.9214     32.3648    0.735526
          18     40.1126     32.7953    0.816186
          19     29.7427     32.6346    0.788575
          20     36.9001     32.8479    0.777915
          21     30.3648     32.7296    0.749332
          22       33.19     32.7506    0.714767
          23     36.3163     32.9056    0.700357
          24     27.5544     32.6826     0.70664
          25     37.8284     32.8885    0.708349
          26     37.3824     33.0613    0.702166
          27     25.9927     32.7995    0.724607
          28     27.0702     32.5949    0.727612
          29      37.003     32.7469     0.71834
          30     37.5656     32.9075    0.712329
          31     33.6349      32.931    0.689367
          32     34.5986     32.9831    0.669508
          33     32.0911     32.9561    0.649465
          34     37.6277     33.0935    0.644881
          35     26.3039     32.8995    0.655545
          36     29.6135     32.8082    0.643581
          37     27.6344     32.6684    0.641373
          38     35.3477     32.7389    0.628236
          39     36.6246     32.8385    0.619974
          40      29.629     32.7583     0.60958
          41     29.0555      32.668    0.601346
          42     38.8178     32.8144    0.604845
          43     26.8084     32.6747    0.606902
          44     35.1534      32.731    0.595619
          45      29.372     32.6564    0.586998
          46     38.7065     32.7879    0.588968
          47      28.365     32.6938    0.583934
          48     34.9255     32.7403    0.573526
          49     33.2253     32.7502    0.561787
          50     34.5192     32.7856    0.551573
           1     17.3994     17.3994           0
           2     14.2235     15.8115     1.58796
           3     13.8595     15.1608     1.12422
           4     13.9456      14.857     0.85102
           5     15.9565     15.0769    0.694905
           6     14.3847     14.9615    0.578998
           7     14.7247     14.9277    0.490511
           8     15.0667     14.9451     0.42515
           9     13.9133     14.8304    0.392082
          10     14.7098     14.8184    0.350896
          11     16.2359     14.9472     0.34256
          12     17.6752     15.1746    0.386612
          13     14.6907     15.1374    0.357574
          14     13.1679     14.9967    0.359698
          15     17.6122     15.1711     0.37754
          16     13.8623     15.0893    0.362506
          17     16.1464     15.1514    0.346146
          18     15.5637     15.1743    0.327152
          19     12.9246     15.0559    0.331335
          20     15.9326     15.0998    0.317373
          21     13.7953     15.0377    0.308206
          22      15.153     15.0429     0.29391
          23     14.7177     15.0288    0.281196
          24     14.6974     15.0149    0.269579
          25     14.4703     14.9932    0.259487
          26     14.3733     14.9693    0.250445
          27     13.5882     14.9182    0.246359
          28     13.4483     14.8657    0.243133
          29     16.1775     14.9109    0.238921
          30      14.746     14.9054    0.230885
          31      16.537      14.958    0.229431
          32     15.5409     14.9763    0.222892
          33     17.4122     15.0501    0.228294
          34      18.701     15.1575    0.246137
          35     13.0864     15.0983    0.246217
          36     13.2324     15.0465    0.244829
          37     15.8769     15.0689    0.239176
          38     17.0686     15.1215     0.23867
          39     14.1321     15.0961     0.23385
          40     14.1565     15.0727    0.229136
          41     14.3109     15.0541    0.224249
          42     15.2486     15.0587    0.218893
          43     16.0068     15.0808    0.214876
          44     15.0135     15.0792    0.209942
          45     15.0073     15.0776    0.205229
          46     14.0951     15.0563    0.201851
          47     12.6526     15.0051    0.204024
          48     15.4432     15.0143    0.199936
          49      16.353     15.0416    0.197711
          50     17.2768     15.0863    0.198808
           1     9.45251     9.45251           0
           2     8.15703     8.80477    0.647743
           3     8.31945       8.643    0.407465
           4     7.61709     8.38652    0.385738
           5     9.09796     8.52881    0.330941
           6     7.75063     8.39911    0.299727
           7     8.16884     8.36622    0.255442
           8     7.95729      8.3151    0.227048
           9     8.92976      8.3834    0.211564
          10     8.27426     8.37248    0.189543
          11     8.71119     8.40327    0.174191
          12      8.1378     8.38115    0.160546
          13     8.25789     8.37167    0.147985
          14     8.35508     8.37049    0.137012
          15     9.29072     8.43183    0.141538
          16     9.54295     8.50128    0.149504
          17     7.91673     8.46689    0.144583
          18     9.15679     8.50522      0.1416
          19     9.09205     8.53611    0.137455
          20     7.28942     8.47377    0.144534
          21     8.47644      8.4739    0.137479
          22     9.22078     8.50785    0.135406
          23     8.17955     8.49358     0.13017
          24     8.86539     8.50907    0.125588
          25     7.74157     8.47837     0.12431
          26     7.83491     8.45362     0.12197
          27     9.06649     8.47632    0.119541
          28     8.46163     8.47579    0.115194
          29     8.45835     8.47519    0.111152
          30     8.16996     8.46502    0.107864
          31     8.19289     8.45624    0.104695
          32     9.33649     8.48375    0.105037
          33     8.61783     8.48781    0.101885
          34     8.65247     8.49265   0.0989616
          35     8.81902     8.50198   0.0965439
          36     7.41694     8.47184    0.098546
          37     8.62926     8.47609     0.09594
          38     8.99139     8.48965   0.0943606
          39     8.42172     8.48791   0.0919258
          40     7.70835     8.46842   0.0916933
          41     7.60391     8.44734   0.0918811
          42     9.26157     8.46672   0.0917385
          43      8.3231     8.46338   0.0896419
          44     8.50407     8.46431   0.0875858
          45     9.01565     8.47656   0.0864896
          46     7.41472     8.45348   0.0876815
          47     8.64072     8.45746   0.0858881
          48      8.1451     8.45095   0.0843312
          49     8.38626     8.44963   0.0826028
          50     8.65747     8.45379   0.0810406
           1     6.04492     6.04492           0
           2     5.44045     5.74268    0.302233
           3     5.97488     5.82008    0.190889
           4     5.82988     5.82253    0.135001
           5     5.74702     5.80743    0.105657
           6     6.30929     5.89107    0.120161
           7     5.62542     5.85312    0.108414
           8     5.35895     5.79135    0.112387
           9     5.33649     5.74081    0.111258
          10     5.51355     5.71808    0.102074
          11     5.62767     5.70986   0.0926949
          12     5.96961     5.73151    0.087343
          13     5.39108     5.70532   0.0845037
          14     5.49683     5.69043     0.07964
          15     5.28185     5.66319    0.078986
          16     5.40711     5.64719   0.0755983
          17     5.52965     5.64027    0.071348
          18     5.73525     5.64555   0.0674742
          19     5.30097     5.62741   0.0663508
          20     4.98481     5.59528   0.0706721
          21     5.36501     5.58432    0.068111
          22     5.52945     5.58182   0.0649892
          23     5.53685     5.57987   0.0621301
          24     5.49748     5.57644    0.059584
          25     5.59103     5.57702    0.057154
          26     5.12147      5.5595   0.0576393
          27     5.44785     5.55536   0.0556174
          28     5.82343     5.56494   0.0544427
          29     5.41605      5.5598   0.0527821
          30     5.38807     5.55408   0.0513127
          31     5.50386     5.55246   0.0496563
          32     5.65178     5.55556   0.0481795
          33      5.9751     5.56828   0.0483964
          34     5.56892     5.56829   0.0469514
          35     5.70297     5.57214   0.0457523
          36     5.61861     5.57343    0.044482
          37     5.71406     5.57723   0.0434297
          38      5.9114     5.58603   0.0431763
          39     5.47382     5.58315    0.042153
          40     5.28018     5.57558    0.041778
          41      5.5414     5.57474   0.0407548
          42     5.18073     5.56536    0.040864
          43     5.63495     5.56698   0.0399352
          44     5.67775      5.5695   0.0390981
          45     6.43548     5.58874   0.0427908
          46     5.09809     5.57808   0.0431881
          47     5.50646     5.57655   0.0422867
          48     5.16076     5.56789    0.042293
          49     5.40727     5.56461   0.0415504
          50     5.18233     5.55697   0.0414226
           1     3.85905     3.85905           0
           2      3.9238     3.89142   0.0323776
           3     4.20929     3.99738    0.107593
           4     4.09698     4.02228   0.0800505
           5     4.04044     4.02591   0.0621131
           6     4.03769     4.02788   0.0507531
           7     3.96266     4.01856   0.0438942
           8     3.90536     4.00441   0.0405615
           9     3.98518     4.00227   0.0358356
          10     4.09324     4.01137   0.0333182
          11     3.98902     4.00934   0.0302059
          12     3.95962      4.0052   0.0278836
          13     3.98673     4.00378   0.0256884
          14     4.21988     4.01921   0.0283533
          15      4.0404     4.02062   0.0264332
          16     4.17796     4.03046   0.0266096
          17     3.79852     4.01681   0.0284764
          18     4.01316     4.01661   0.0268486
          19     4.13095     4.02263   0.0260995
          20     3.51944     3.99747   0.0352995
          21     3.67763     3.98224   0.0368693
          22     3.82375     3.97504   0.0358841
          23     4.13327     3.98192   0.0349718
          24       3.738     3.97175   0.0349914
          25     3.89203     3.96856   0.0337137
          26     3.83775     3.96353   0.0327795
          27     3.98928     3.96449   0.0315565
          28     3.91412     3.96269   0.0304617
          29     3.97554     3.96313   0.0293959
          30     4.05257     3.96611   0.0285552
          31     3.93518     3.96511   0.0276367
          32     4.20207     3.97252   0.0277648
          33     4.27076     3.98156   0.0283875
          34     3.95917      3.9809   0.0275477
          35     4.01427     3.98185   0.0267661
          36      4.2544     3.98942   0.0270913
          37     3.85071     3.98567   0.0266143
          38     3.97917      3.9855    0.025905
          39     3.85648     3.98219    0.025448
          40     3.84159     3.97868   0.0250515
          41     3.84508     3.97542   0.0246492
          42     3.98106     3.97555   0.0240555
          43     4.03438     3.97692   0.0235292
          44     4.03139     3.97816   0.0230215
          45     4.32801     3.98593   0.0238092
          46     3.76724     3.98118   0.0237662
          47     3.66315     3.97441   0.0242195
          48     3.77165     3.97019   0.0240829
          49     4.03003     3.97141   0.0236179
          50     3.67655     3.96551   0.0238804
           1     2.93685     2.93685           0
           2     2.96375      2.9503   0.0134514
           3     2.98534     2.96198   0.0140278
           4     2.96802     2.96349   0.0100336
           5     2.93345     2.95748  0.00982327
           6     2.85478     2.94037   0.0189026
           7     2.97319     2.94505   0.0166495
           8     2.93099      2.9433   0.0145257
           9     2.96974     2.94623    0.013143
          10     3.08155     2.95977   0.0179246
          11     3.00402     2.96379    0.016705
          12     3.08483     2.97388   0.0182836
          13     3.05607      2.9802   0.0179676
          14     3.16539     2.99343   0.0212531
          15     3.03061      2.9959   0.0199402
          16     3.12036     3.00368   0.0202093
          17     2.88727     2.99684   0.0201806
          18     3.06032     3.00036   0.0193506
          19      2.9607     2.99827   0.0184225
          20     2.77689     2.98721   0.0206876
          21     2.89029     2.98259   0.0202117
          22     2.98649     2.98277   0.0192719
          23     3.07055     2.98658   0.0188064
          24     2.92377     2.98397    0.018195
          25     2.85341     2.97874   0.0182166
          26     2.83325     2.97315   0.0183748
          27     3.14831     2.97964   0.0188338
          28     2.83809     2.97458   0.0188396
          29     2.91021     2.97236   0.0183134
          30     3.07551      2.9758   0.0180234
          31     2.77362     2.96928   0.0186123
          32     3.01021     2.97056   0.0180667
          33     3.08111     2.97391   0.0178282
          34      2.8983     2.97168   0.0174383
          35     2.93037      2.9705   0.0169738
          36     3.05967     2.97298   0.0166805
          37     2.68069     2.96508   0.0180445
          38       2.972     2.96526   0.0175642
          39     2.90177     2.96363   0.0171852
          40     2.92281     2.96261   0.0167811
          41     2.87633     2.96051   0.0165015
          42       2.882     2.95864   0.0162119
          43     3.03413     2.96039   0.0159274
          44     3.10077     2.96359   0.0158849
          45     3.05312     2.96557   0.0156549
          46     2.95909     2.96543   0.0153114
          47     2.75909     2.96104   0.0156121
          48     2.93351     2.96047   0.0152941
          49     3.09002     2.96311   0.0152103
          50     2.83446     2.96054   0.0151235
           1     2.20071     2.20071           0
           2     2.38019     2.29045   0.0897394
           3     2.36878     2.31656   0.0580187
           4     2.26214     2.30295   0.0432221
           5     2.37198     2.31676   0.0362142
           6     2.27091     2.30912   0.0305404
           7     2.31555     2.31004   0.0258277
           8     2.34191     2.31402   0.0227195
           9     2.30431     2.31294   0.0200657
          10       2.475     2.32915   0.0241813
          11     2.40496     2.33604   0.0229329
          12     2.31212     2.33405   0.0210295
          13     2.38811      2.3382   0.0197863
          14     2.52445     2.35151   0.0226397
          15     2.40667     2.35519   0.0213948
          16     2.36241     2.35564   0.0200181
          17     2.38342     2.35727   0.0188747
          18     2.41893      2.3607   0.0181219
          19      2.3768     2.36154   0.0171626
          20     2.30603     2.35877   0.0165167
          21     2.33984     2.35787   0.0157364
          22     2.31127     2.35575   0.0151528
          23     2.31413     2.35394   0.0145916
          24     2.31274     2.35222   0.0140755
          25     2.24449     2.34791   0.0141719
          26     2.22228     2.34308   0.0144479
          27     2.28369     2.34088   0.0140754
          28     2.29548     2.33926     0.01366
          29     2.36478     2.34014   0.0132099
          30     2.35837     2.34075   0.0127765
          31     2.11631     2.33351   0.0143221
          32     2.34117     2.33375   0.0138694
          33     2.29958     2.33271   0.0134824
          34     2.34237       2.333   0.0130829
          35     2.33873     2.33316   0.0127047
          36     2.39798     2.33496   0.0124773
          37     2.12735     2.32935   0.0133698
          38     2.30238     2.32864   0.0130326
          39     2.29293     2.32772    0.012727
          40      2.4139     2.32988   0.0125904
          41     2.40467      2.3317   0.0124143
          42     2.25869     2.32996   0.0122391
          43     2.31403     2.32959   0.0119569
          44     2.38477     2.33085   0.0117491
          45     2.43298     2.33312   0.0117071
          46     2.36914      2.3339   0.0114765
          47     2.14355     2.32985   0.0119377
          48     2.39386     2.33118   0.0117622
          49     2.49459     2.33452   0.0119927
          50     2.33556     2.33454   0.0117504
           1     1.80568     1.80568           0
           2     1.93833     1.87201   0.0663224
           3     1.89149      1.8785   0.0388382
           4     1.92953     1.89126    0.030281
           5     1.94873     1.90275   0.0261204
           6     1.82655     1.89005   0.0248228
           7     1.95238     1.89896   0.0227903
           8     1.84944     1.89277   0.0206848
           9     1.83035     1.88583   0.0195161
          10     1.97957      1.8952   0.0198136
          11       1.872     1.89309   0.0180458
          12     1.86123     1.89044   0.0166861
          13     1.96014      1.8958   0.0162585
          14     1.93258     1.89843     0.01528
          15      1.9166     1.89964   0.0142764
          16     1.83382     1.89553   0.0139736
          17     1.91921     1.89692   0.0131997
          18     1.95947     1.90039   0.0129208
          19     1.93143     1.90203   0.0123305
          20     1.83979     1.89892   0.0121046
          21     1.86048     1.89709   0.0116583
          22     1.83601     1.89431   0.0114572
          23     1.90184     1.89464   0.0109526
          24     1.91196     1.89536   0.0105111
          25     1.78729     1.89104   0.0109695
          26     1.82856     1.88863   0.0108096
          27     1.89972     1.88904   0.0104097
          28     1.85744     1.88791   0.0100943
          29     1.86509     1.88713  0.00977177
          30     1.89424     1.88736   0.0094434
          31     1.78416     1.88404  0.00972151
          32     1.96994     1.88672  0.00978817
          33     1.90604     1.88731  0.00950497
          34      1.8314     1.88566  0.00936665
          35     1.99745     1.88886  0.00963965
          36     1.90162     1.88921  0.00937477
          37     1.79002     1.88653  0.00950382
          38     1.86445     1.88595  0.00926857
          39     1.85428     1.88514  0.00906423
          40      1.9056     1.88565  0.00884951
          41     1.95432     1.88732  0.00879201
          42     1.85777     1.88662  0.00860893
          43     1.87099     1.88626  0.00841419
          44     1.96095     1.88795  0.00839416
          45     2.02216     1.89094  0.00873068
          46     1.89449     1.89101  0.00853913
          47     1.72065     1.88739  0.00910784
          48     1.97075     1.88912  0.00908365
          49     1.96926     1.89076  0.00904541
          50     1.93167     1.89158  0.00890034
           1     1.53488     1.53488           0
           2     1.64322     1.58905   0.0541686
           3      1.5921     1.59006   0.0312908
           4     1.56265     1.58321    0.023163
           5     1.63119     1.59281    0.020347
           6     1.57988     1.59065   0.0167524
           7     1.60908     1.59328    0.014401
           8      1.5305     1.58544   0.0147356
           9     1.51363     1.57746   0.0152493
          10     1.59542     1.57925   0.0137571
          11     1.59065     1.58029   0.0124868
          12     1.55484     1.57817   0.0115944
          13     1.62786     1.58199   0.0113296
          14      1.6089     1.58391   0.0106638
          15     1.61153     1.58575   0.0100967
          16     1.56212     1.58428  0.00955942
          17     1.63919     1.58751  0.00954277
          18     1.59245     1.58778   0.0090012
          19     1.62161     1.58956  0.00869843
          20     1.53692     1.58693  0.00866165
          21     1.55347     1.58534  0.00839157
          22     1.55747     1.58407  0.00810069
          23     1.62527     1.58586  0.00794502
          24     1.58458     1.58581  0.00760696
          25     1.52315      1.5833  0.00771478
          26     1.55132     1.58207  0.00751349
          27     1.61468     1.58328  0.00733004
          28     1.58677      1.5834   0.0070645
          29     1.56309      1.5827  0.00685245
          30     1.63129     1.58432  0.00681529
          31     1.52856     1.58252  0.00683283
          32     1.62276     1.58378   0.0067343
          33     1.57848     1.58362  0.00652902
          34     1.55502     1.58278  0.00638968
          35     1.71841     1.58666  0.00731522
          36     1.60845     1.58726  0.00713486
          37     1.49997      1.5849  0.00732946
          38     1.59071     1.58505  0.00713561
          39     1.63418     1.58631  0.00706344
          40     1.55244     1.58547  0.00693648
          41     1.58735     1.58551  0.00676534
          42     1.55299     1.58474  0.00664755
          43       1.518     1.58319  0.00667407
          44     1.66694     1.58509  0.00679279
          45     1.69021     1.58743  0.00703907
          46     1.58891     1.58746  0.00688442
          47     1.42883     1.58408  0.00753459
          48     1.65828     1.58563  0.00753618
          49     1.65367     1.58702  0.00751028
          50     1.57088     1.58669  0.00736561
           1     1.32137     1.32137           0
           2     1.38436     1.35286    0.031496
           3     1.36096     1.35556   0.0183832
           4     1.32233     1.34725   0.0154272
           5      1.3703     1.35186   0.0128078
           6     1.35467     1.35233   0.0104679
           7     1.34966     1.35195  0.00885524
           8     1.31426     1.34724  0.00900028
           9      1.3043     1.34247   0.0092609
          10     1.37001     1.34522  0.00872921
          11     1.33698     1.34447  0.00793136
          12     1.35817     1.34561  0.00732978
          13     1.36814     1.34735  0.00696153
          14     1.33346     1.34635    0.006521
          15     1.36261     1.34744  0.00616667
          16     1.32027     1.34574  0.00601314
          17     1.38852     1.34826  0.00618368
          18     1.35933     1.34887  0.00586239
          19     1.36326     1.34963  0.00559671
          20     1.32296      1.3483  0.00547433
          21     1.32803     1.34733  0.00529581
          22      1.3974     1.34961  0.00553857
          23     1.39355     1.35152  0.00562658
          24     1.36659     1.35214  0.00542352
          25     1.30079     1.35009  0.00559292
          26     1.31939     1.34891  0.00550172
          27     1.37314     1.34981  0.00536954
          28     1.33534     1.34929  0.00519993
          29     1.34127     1.34901  0.00502504
          30     1.36806     1.34965  0.00489597
          31     1.31389     1.34849  0.00487385
          32      1.4043     1.35024  0.00503101
          33     1.36872      1.3508  0.00490822
          34      1.3393     1.35046  0.00477367
          35     1.44864     1.35327  0.00541804
          36     1.34011      1.3529  0.00527805
          37     1.27751     1.35086    0.005523
          38     1.37355     1.35146  0.00540874
          39     1.35734     1.35161  0.00527038
          40     1.33383     1.35117  0.00515613
          41     1.36306     1.35146  0.00503715
          42      1.3127     1.35053  0.00500163
          43     1.28693     1.34905  0.00510302
          44      1.3971     1.35015  0.00510385
          45     1.42127     1.35173   0.0052335
          46     1.38042     1.35235  0.00515634
          47     1.25733     1.35033  0.00543543
          48     1.42217     1.35183  0.00552747
          49     1.40486     1.35291  0.00552064
          50     1.34997     1.35285  0.00540942
           1     70.4999     70.4999           0
           2     86.2668     78.3834     7.88347
           3     81.6693     79.4787     4.68146
           4     76.7657     78.8004     3.37906
           5     75.2859     78.0975     2.71015
           6     75.0034     77.5818     2.27212
           7     72.0379     76.7898     2.07721
           8     79.6407     77.1462     1.83387
           9     82.8254     77.7772     1.73606
          10     77.4174     77.7412      1.5532
          11     76.3777     77.6173     1.41038
          12     77.7076     77.6248     1.28752
          13     77.4595     77.6121     1.18441
          14      69.051     77.0006     1.25553
          15     81.7539     77.3175     1.21103
          16      80.384     77.5091     1.14892
          17      76.822     77.4687     1.07998
          18     85.0286     77.8887     1.10143
          19     81.3276     78.0697     1.05745
          20     85.0987     78.4212     1.06297
          21     84.2787     78.7001     1.04885
          22     83.3068     78.9095     1.02173
          23     84.8718     79.1687     1.01013
          24     73.0955     78.9157     0.99968
          25     76.6004      78.823    0.963321
          26     78.4025     78.8069     0.92567
          27     81.1711     78.8944     0.89502
          28     68.9174     78.5381    0.933172
          29     78.8622     78.5493    0.900488
          30     89.0264     78.8985    0.937436
          31     80.1069     78.9375    0.907529
          32     86.9985     79.1894    0.914106
          33     87.4086     79.4385    0.920316
          34     82.2046     79.5198    0.896537
          35     68.6447     79.2091    0.924335
          36     74.9421     79.0906    0.906078
          37     83.5941     79.2123    0.889615
          38     77.0698     79.1559    0.867722
          39     76.2182     79.0806     0.84853
          40     76.6583       79.02    0.829259
          41     81.0055     79.0685    0.810228
          42     78.9334     79.0653    0.790708
          43     78.8054     79.0592    0.772125
          44     77.9139     79.0332    0.754821
          45     84.1765     79.1475    0.746657
          46     73.3805     79.0221    0.740928
          47     84.2226     79.1328    0.733387
          48     82.2062     79.1968    0.720795
          49     79.4591     79.2021    0.705952
          50     68.3215     78.9845    0.725113
           1     34.5884     34.5884           0
           2     34.3143     34.4514    0.137046
           3     38.8837     35.9288     1.47955
           4     29.8822     34.4172     1.83839
           5     31.9482     33.9234      1.5072
           6     34.8983     34.0859      1.2413
           7     29.4315     33.4209     1.24205
           8     29.3678     32.9143     1.18899
           9     29.5786     32.5437     1.11217
          10     37.1068          33     1.09442
          11     28.1472     32.5588     1.08379
          12     36.1958     32.8619     1.03475
          13     30.9803     32.7172     0.96277
          14     30.0799     32.5288    0.911039
          15     34.1923     32.6397    0.855352
          16     30.6618     32.5161    0.809602
          17     32.2014     32.4976    0.760714
          18     38.9989     32.8587     0.80302
          19     32.1678     32.8224    0.760451
          20     31.5298     32.7577    0.724316
          21     31.5204     32.6988    0.691477
          22     33.9781      32.757    0.661856
          23     31.4075     32.6983    0.635141
          24     34.8353     32.7873    0.614586
          25     27.9974     32.5957    0.619846
          26     29.6405     32.4821    0.606279
          27     29.7923     32.3825    0.591837
          28     23.5727     32.0678    0.651341
          29     37.2575     32.2468    0.653462
          30     34.9355     32.3364    0.637634
          31     33.8918     32.3866     0.61876
          32     35.8371     32.4944    0.608738
          33     31.8498     32.4749    0.590326
          34     30.2332     32.4089    0.576483
          35      28.666      32.302    0.569893
          36     36.1916       32.41    0.564277
          37     37.9321     32.5593    0.568745
          38      35.377     32.6334     0.55852
          39     30.9712     32.5908    0.545678
          40     33.4075     32.6112    0.532253
          41     33.5825     32.6349    0.519649
          42     32.6924     32.6363    0.507127
          43     31.5552     32.6111    0.495831
          44      32.568     32.6102    0.484432
          45     32.8796     32.6162    0.473582
          46     32.8048     32.6203    0.463191
          47     36.1152     32.6946    0.459288
          48     34.9413     32.7414    0.452048
          49     34.0938      32.769    0.443586
          50     38.6469     32.8866    0.450241
           1     15.5814     15.5814           0
           2     15.2001     15.3907    0.190645
           3     15.4807     15.4207     0.11408
           4     14.8148     15.2692     0.17162
           5     15.5549     15.3264    0.144693
           6     15.2836     15.3192    0.118356
           7     15.4703     15.3408    0.102331
           8     16.3302     15.4645     0.15215
           9     15.3082     15.4471    0.135303
          10     16.4422     15.5466    0.156675
          11     15.4758     15.5402    0.141864
          12      17.326      15.689    0.197278
          13     14.4686     15.5951    0.204316
          14     14.7575     15.5353    0.198396
          15     15.5484     15.5362    0.184698
          16     17.4059      15.653    0.208578
          17     15.2412     15.6288    0.197417
          18     13.7891     15.5266    0.212343
          19     14.5112     15.4732    0.207845
          20     15.6142     15.4802    0.197305
          21     14.3762     15.4276    0.194899
          22     16.9106     15.4951    0.197677
          23     15.0166     15.4742    0.190029
          24     12.9256     15.3681    0.210663
          25     16.0755     15.3964    0.204033
          26     15.0891     15.3845    0.196384
          27     14.2703     15.3433    0.193424
          28     14.6776     15.3195    0.187898
          29      16.006     15.3432    0.182842
          30     14.8035     15.3252    0.177556
          31     16.5063     15.3633    0.175908
          32     15.3531      15.363    0.170323
          33     14.4985     15.3368    0.167146
          34     15.4291     15.3395    0.162179
          35     14.8233     15.3247    0.158166
          36     16.9013     15.3685    0.159827
          37     15.8385     15.3812    0.155965
          38     15.9003     15.3949    0.152419
          39     16.1649     15.4146    0.149766
          40     15.1892      15.409    0.146083
          41      13.468     15.3617    0.150135
          42     13.5058     15.3175    0.153035
          43     12.3847     15.2493    0.164263
          44     14.7065     15.2369     0.16096
          45     14.2992     15.2161    0.158716
          46     14.8689     15.2085    0.155411
          47      13.382     15.1697    0.156956
          48     15.1304     15.1689    0.153653
          49      15.811      15.182    0.151054
          50     13.7743     15.1538    0.150656
           1     8.28483     8.28483           0
           2     8.38414     8.33449   0.0496547
           3     8.59196     8.42031   0.0904847
           4       7.943     8.30098    0.135399
           5     9.19278     8.47934    0.206911
           6     8.69468     8.51523    0.172712
           7     8.19489     8.46947    0.152974
           8     8.50616     8.47405    0.132559
           9      8.6646     8.49523    0.118807
          10     8.44264     8.48997    0.106395
          11     9.37489     8.57041    0.125433
          12     9.22817     8.62523    0.126947
          13     8.47158     8.61341    0.117371
          14     9.60398     8.68416     0.12967
          15     7.73698     8.62102    0.136234
          16     8.76814     8.63021    0.127767
          17     8.63443     8.63046    0.120016
          18     8.70082     8.63437     0.11322
          19     9.22155     8.66527    0.111465
          20     8.81798     8.67291     0.10602
          21     8.79965     8.67894    0.101026
          22     8.31992     8.66263   0.0976972
          23     8.63301     8.66134   0.0933618
          24     9.13068     8.68089   0.0915013
          25     8.76675     8.68433   0.0878321
          26     8.73882     8.68642   0.0844124
          27     8.49789     8.67944   0.0815254
          28     8.88513     8.68679   0.0789026
          29     9.45107     8.71314   0.0805657
          30     9.45731     8.73795   0.0816911
          31     8.64221     8.73486   0.0790723
          32     8.48794     8.72714   0.0769493
          33     8.05552     8.70679   0.0773081
          34      8.9528     8.71403   0.0753481
          35     8.91299     8.71971   0.0733842
          36     8.13675     8.70352   0.0731319
          37     8.92183     8.70942   0.0713722
          38     9.31427     8.72534   0.0712688
          39     8.27231     8.71372   0.0703825
          40     8.85665     8.71729   0.0686934
          41     8.31741     8.70754   0.0677032
          42     8.77618     8.70917   0.0660918
          43     8.92888     8.71428   0.0647384
          44     8.54581     8.71045   0.0633657
          45     8.35966     8.70266   0.0624302
          46     8.60002     8.70043   0.0610987
          47     8.63926     8.69913   0.0597988
          48     8.01225     8.68482   0.0602633
          49     8.65368     8.68418   0.0590241
          50     7.74443     8.66539    0.060809
           1      5.3649      5.3649           0
           2     5.96415     5.66453    0.299625
           3     5.73106     5.68671    0.174405
           4     5.93237     5.74812     0.13777
           5     5.80406     5.75931    0.107301
           6      5.7718     5.76139   0.0876354
           7     5.48305     5.72163   0.0840644
           8     5.44271     5.68676   0.0807199
           9     5.26473     5.63987    0.085245
          10     5.33965     5.60985   0.0819432
          11     5.40513     5.59124   0.0764212
          12     5.69943     5.60025   0.0703429
          13     5.42054     5.58643   0.0661663
          14     5.75705     5.59862   0.0624586
          15     5.66418     5.60299   0.0583099
          16     5.52704     5.59824   0.0547501
          17     5.48646     5.59167   0.0518474
          18     5.94143      5.6111   0.0526026
          19     5.58132     5.60953   0.0497818
          20     5.58039     5.60807   0.0472496
          21     5.70259     5.61257   0.0451681
          22     5.61232     5.61256   0.0430661
          23     5.49612      5.6075   0.0414614
          24     5.27328     5.59357    0.042068
          25      5.8206     5.60265   0.0413595
          26     5.47727     5.59783   0.0400285
          27     5.56729      5.5967    0.038534
          28     5.82849     5.60498   0.0380439
          29     5.69577     5.60811   0.0368419
          30     5.26284      5.5966   0.0374071
          31     5.47541     5.59269   0.0363909
          32      5.6641     5.59492   0.0353059
          33     5.26159     5.58482    0.035679
          34     5.67432     5.58745   0.0347137
          35     5.52393     5.58564   0.0337561
          36     5.58937     5.58574   0.0328052
          37     5.75394     5.59029   0.0322285
          38     5.97094     5.60031   0.0329295
          39     5.91703     5.60843   0.0330862
          40     5.54226     5.60677   0.0322908
          41     5.08919     5.59415   0.0339293
          42      5.6145     5.59463   0.0331151
          43     5.71351      5.5974   0.0324538
          44     5.47682     5.59466   0.0318259
          45     5.65047      5.5959   0.0311353
          46     5.47974     5.59337   0.0305554
          47     5.15757      5.5841   0.0313031
          48     5.54625     5.58331   0.0306541
          49     5.80789      5.5879   0.0303699
          50     5.52508     5.58664   0.0297828
           1     3.94468     3.94468           0
           2     4.11782     4.03125   0.0865728
           3     4.22732     4.09661   0.0822788
           4     4.01982     4.07741   0.0612651
           5      4.1032     4.08257   0.0477352
           6     3.92561     4.05641   0.0469411
           7     3.97523     4.04481   0.0413329
           8     3.79341     4.01339   0.0476326
           9     3.76311     3.98558   0.0503783
          10     4.04076      3.9911   0.0453963
          11     3.85455     3.97868   0.0428978
          12     4.11648     3.99016   0.0408091
          13     3.98139     3.98949    0.037545
          14     4.16759     4.00221   0.0370147
          15     3.70901     3.98266   0.0396167
          16     4.14511     3.99282   0.0384237
          17     4.15208     4.00219   0.0372888
          18     3.93244     3.99831   0.0353691
          19     3.98349     3.99753   0.0334649
          20     4.14397     4.00485    0.032581
          21     4.16121      4.0123   0.0318725
          22     3.91717     4.00797   0.0306953
          23      3.9204     4.00417   0.0295765
          24     3.92003     4.00066   0.0285335
          25     4.05171      4.0027   0.0274445
          26     4.01192     4.00306   0.0263702
          27     3.84533     3.99722   0.0260385
          28     3.87577     3.99288   0.0254634
          29     3.88894     3.98929   0.0248297
          30      3.8814      3.9857   0.0242559
          31     3.89683     3.98283   0.0236349
          32     3.92835     3.98113   0.0229477
          33     3.99489     3.98155   0.0222453
          34     4.12819     3.98586   0.0220079
          35     4.03882     3.98737   0.0214233
          36     3.73005     3.98022   0.0220126
          37     4.28138     3.98836   0.0229043
          38        3.92     3.98656   0.0223659
          39     4.03544     3.98782   0.0218209
          40      4.0012     3.98815    0.021271
          41     3.85383     3.98488   0.0210028
          42      4.0814     3.98717   0.0206251
          43     3.97692     3.98694   0.0201411
          44      3.9473     3.98603   0.0196987
          45     4.02924     3.98699   0.0192799
          46       3.997     3.98721   0.0188573
          47      3.9594     3.98662   0.0184612
          48      3.9655     3.98618   0.0180779
          49     3.81061      3.9826    0.018064
          50     4.26198     3.98819   0.0185602
           1     3.08101     3.08101           0
           2      2.8607     2.97086    0.110154
           3     2.98763     2.97645   0.0638428
           4     2.94006     2.96735    0.046051
           5     2.93745     2.96137   0.0361687
           6     2.94081     2.95794   0.0297298
           7     3.08918     2.97669   0.0313501
           8     2.88793      2.9656   0.0293298
           9     2.94363     2.96316   0.0259814
          10      2.7015     2.93699   0.0349955
          11     2.97616     2.94055   0.0318542
          12     3.04725     2.94944   0.0304077
          13     2.92111     2.94726   0.0280558
          14     2.89209     2.94332   0.0262719
          15     2.92502      2.9421   0.0244883
          16     3.08809     2.95123    0.024657
          17     2.83769     2.94455   0.0241049
          18     2.91043     2.94265   0.0228052
          19     2.90022     2.94042   0.0216868
          20     2.96852     2.94182   0.0206219
          21     2.91595     2.94059    0.019654
          22     2.90153     2.93882   0.0188233
          23      2.8959     2.93695   0.0180828
          24     2.98385     2.93891   0.0174229
          25     2.94634      2.9392   0.0167141
          26     2.97725     2.94067   0.0161249
          27     2.80722     2.93572   0.0162843
          28     2.99683     2.93791    0.015843
          29     2.63788     2.92756   0.0184587
          30     2.96744     2.92889   0.0178823
          31     2.92217     2.92867   0.0172972
          32     2.89199     2.92753   0.0167871
          33     2.87814     2.92603   0.0163391
          34     2.96091     2.92706   0.0158845
          35     3.07628     2.93132   0.0160024
          36     2.93772      2.9315   0.0155525
          37     2.95394      2.9321   0.0151385
          38     2.91558     2.93167   0.0147411
          39     2.79269     2.92811   0.0147938
          40     2.87249     2.92672   0.0144861
          41     3.09393     2.93079   0.0147053
          42      2.8923     2.92988   0.0143801
          43     3.05507     2.93279   0.0143404
          44     2.91674     2.93242   0.0140154
          45     2.91001     2.93193   0.0137095
          46     3.06742     2.93487   0.0137279
          47     3.25801     2.94175   0.0150898
          48     2.96557     2.94224   0.0147805
          49     2.98337     2.94308      0.0145
          50     3.08061     2.94583   0.0144708
           1      2.3234      2.3234           0
           2     2.32938     2.32639  0.00299097
           3      2.3551     2.33596  0.00972275
           4     2.31685     2.33118  0.00837257
           5     2.37697     2.34034   0.0112215
           6     2.35013     2.34197  0.00930656
           7     2.30903     2.33727  0.00916562
           8     2.35642     2.33966  0.00829083
           9     2.31358     2.33676  0.00786513
          10      2.4562     2.34871   0.0138616
          11     2.28962     2.34333   0.0136406
          12     2.42551     2.35018   0.0142108
          13     2.22043      2.3402   0.0164466
          14     2.46189     2.34889    0.017533
          15     2.26763     2.34348    0.017198
          16      2.2937     2.34036   0.0163853
          17       2.242     2.33458   0.0164431
          18     2.29134     2.33218   0.0156877
          19     2.46074     2.33894   0.0163091
          20     2.42413      2.3432   0.0160478
          21     2.37431     2.34468   0.0153362
          22      2.3621     2.34548   0.0146439
          23     2.35906     2.34607   0.0140052
          24      2.2891     2.34369   0.0136173
          25     2.43981     2.34754   0.0136154
          26      2.2418     2.34347   0.0136989
          27     2.30487     2.34204    0.013259
          28     2.41062     2.34449   0.0130093
          29     2.30009     2.34296   0.0126458
          30     2.39948     2.34484   0.0123614
          31     2.27253     2.34251   0.0121814
          32     2.43026     2.34525   0.0121092
          33     2.36823     2.34595   0.0117571
          34     2.28421     2.34413   0.0115497
          35     2.42704      2.3465   0.0114623
          36     2.36847     2.34711   0.0111561
          37     2.36663     2.34764   0.0108632
          38     2.34213     2.34749   0.0105744
          39     2.34653     2.34747   0.0102998
          40     2.41699     2.34921   0.0101883
          41     2.39244     2.35026  0.00999246
          42     2.34919     2.35024  0.00975168
          43     2.28287     2.34867  0.00965022
          44      2.3068     2.34772  0.00947624
          45      2.3986     2.34885    0.009332
          46     2.44222     2.35088  0.00934989
          47     2.34407     2.35073  0.00914994
          48     2.32378     2.35017  0.00897488
          49     2.40185     2.35123  0.00885285
          50     2.40333     2.35227  0.00873635
           1     1.84632     1.84632           0
           2     1.92914     1.88773   0.0414094
           3     1.91033     1.89526   0.0250665
           4     1.86984     1.88891   0.0188294
           5     1.88536      1.8882   0.0146024
           6     1.93319      1.8957   0.0140849
           7      1.9242     1.89977   0.0125809
           8     1.83169     1.89126   0.0138249
           9     1.96941     1.89994   0.0149684
          10      1.8823     1.89818   0.0135039
          11      1.8708     1.89569   0.0124658
          12     1.83168     1.89035   0.0125679
          13     1.82141     1.88505   0.0127191
          14     1.91409     1.88713    0.011957
          15      1.9262     1.88973   0.0114321
          16     1.82903     1.88594   0.0113469
          17     1.89733     1.88661   0.0106796
          18     1.89155     1.88688   0.0100726
          19     1.86311     1.88563  0.00960947
          20     1.91916     1.88731   0.0092692
          21     1.89703     1.88777  0.00882891
          22     1.91959     1.88922  0.00854136
          23     1.86594      1.8882  0.00822403
          24      1.9264      1.8898  0.00803318
          25      1.9196     1.89099  0.00779687
          26     1.89048     1.89097  0.00749102
          27     1.94631     1.89302  0.00749395
          28     1.92169     1.89404  0.00729361
          29     1.89098     1.89394  0.00703841
          30     1.89282      1.8939  0.00679985
          31     1.90245     1.89418  0.00658263
          32     1.88616     1.89392  0.00637853
          33     1.86259     1.89297  0.00625472
          34     1.89167     1.89294  0.00606809
          35     1.98006     1.89543  0.00639642
          36     1.84751     1.89409  0.00635712
          37     1.97397     1.89625  0.00654893
          38     1.93312     1.89722  0.00644765
          39     1.93812     1.89827  0.00636711
          40     1.92752       1.899   0.0062488
          41     1.86446     1.89816  0.00615246
          42     1.92523     1.89881  0.00603868
          43     1.93197     1.89958  0.00594679
          44     1.93856     1.90046  0.00587721
          45     1.87349     1.89986   0.0057763
          46     1.93211     1.90056  0.00569267
          47     2.02399     1.90319   0.0061582
          48     1.93506     1.90385  0.00606498
          49     1.81911     1.90212   0.0061866
          50     1.90646     1.90221  0.00606222
           1     1.58381     1.58381           0
           2     1.63301     1.60841   0.0245968
           3     1.63169     1.61617   0.0161825
           4     1.53751     1.59651   0.0227512
           5     1.56928     1.59106   0.0184448
           6     1.62816     1.59725   0.0162802
           7     1.60895     1.59892   0.0138605
           8     1.60155     1.59925    0.012008
           9     1.56598     1.59555   0.0112164
          10     1.62216     1.59821   0.0103791
          11     1.61004     1.59929  0.00944967
          12     1.54893     1.59509  0.00959305
          13     1.59555     1.59513  0.00882439
          14     1.54873     1.59181  0.00881633
          15     1.60817      1.5929  0.00827971
          16     1.58373     1.59233  0.00776614
          17     1.64627      1.5955   0.0079552
          18     1.60224     1.59588  0.00750956
          19     1.55111     1.59352  0.00748391
          20     1.59427     1.59356  0.00709996
          21     1.57922     1.59287  0.00678784
          22     1.59984     1.59319   0.0064797
          23     1.62242     1.59446  0.00632065
          24     1.67464      1.5978   0.0069125
          25      1.6366     1.59935  0.00680944
          26      1.6029     1.59949  0.00654371
          27     1.60342     1.59964  0.00629837
          28     1.58586     1.59914  0.00608917
          29     1.55263     1.59754  0.00609043
          30      1.6125     1.59804    0.005905
          31     1.63975     1.59938  0.00586768
          32     1.55206     1.59791  0.00587072
          33     1.58053     1.59738  0.00571436
          34     1.58267     1.59695  0.00556059
          35     1.59508     1.59689  0.00539964
          36     1.60878     1.59722  0.00525789
          37     1.55207       1.596  0.00525742
          38     1.65305      1.5975  0.00533286
          39      1.6096     1.59781  0.00520358
          40     1.64982     1.59911  0.00523579
          41     1.58543     1.59878  0.00511739
          42     1.60957     1.59904  0.00500066
          43     1.50329     1.59681  0.00536675
          44     1.56678     1.59613  0.00528758
          45     1.55489     1.59521  0.00524936
          46     1.61925     1.59573  0.00516051
          47     1.66157     1.59714  0.00524022
          48     1.60222     1.59724  0.00513098
          49     1.57547      1.5968  0.00504479
          50     1.57439     1.59635  0.00496314
           1     1.37723     1.37723           0
           2     1.37326     1.37525    0.001984
           3     1.36194     1.37081   0.0045828
           4     1.30759     1.35501   0.0161335
           5      1.3409     1.35218   0.0128114
           6     1.36636     1.35455   0.0107239
           7     1.35197     1.35418  0.00907088
           8     1.37884     1.35726  0.00843862
           9     1.34772      1.3562  0.00751722
          10     1.36238     1.35682  0.00675194
          11     1.32891     1.35428  0.00661334
          12     1.31354     1.35089   0.0069265
          13     1.33979     1.35003  0.00642836
          14     1.36635      1.3512  0.00606452
          15     1.44014     1.35713  0.00818755
          16     1.34813     1.35657  0.00767938
          17     1.36811     1.35724   0.0072454
          18     1.34207      1.3564  0.00688287
          19     1.34392     1.35574   0.0065436
          20     1.31783     1.35385  0.00649084
          21     1.41173      1.3566  0.00676128
          22     1.35816     1.35668  0.00644701
          23     1.38399     1.35786  0.00627375
          24     1.38747      1.3591  0.00613204
          25     1.35635     1.35899  0.00588267
          26     1.35578     1.35886  0.00565324
          27     1.38809     1.35995  0.00554647
          28     1.36332     1.36007  0.00534607
          29        1.35     1.35972  0.00517009
          30     1.36313     1.35983  0.00499607
          31      1.3172     1.35846  0.00502408
          32     1.41452     1.36021   0.0051704
          33     1.36914     1.36048  0.00501858
          34      1.3674     1.36068  0.00487299
          35     1.36354     1.36077  0.00473242
          36     1.38524     1.36145  0.00464907
          37     1.32738     1.36052  0.00461446
          38      1.3413     1.36002  0.00451978
          39     1.36573     1.36017  0.00440479
          40     1.40271     1.36123  0.00442306
          41     1.37861     1.36165  0.00433462
          42     1.28354     1.35979  0.00462091
          43     1.34216     1.35938  0.00453077
          44      1.4217      1.3608  0.00464765
          45     1.37922     1.36121   0.0045616
          46     1.33103     1.36055  0.00450932
          47     1.34302     1.36018  0.00442808
          48     1.32498     1.35945  0.00439645
          49     1.33908     1.35903  0.00432582
          50     1.32944     1.35844  0.00427955
