           1     0.87232     0.87232           0
           2    0.887052    0.879686    0.007366
           3     0.93148    0.896951   0.0177807
           4    0.924536    0.903847     0.01434
           5    0.945184    0.912114   0.0138467
           6    0.953008     0.91893   0.0132013
           7    0.905588    0.917024   0.0113187
           8    0.974452    0.924202   0.0121497
           9     0.88942    0.920338   0.0113907
          10     0.89898    0.918202   0.0104096
          11    0.936348    0.919852  0.00955929
          12    0.795812    0.909515   0.0135276
          13    0.969476    0.914127   0.0132709
          14    0.932308    0.915426   0.0123549
          15    0.914608    0.915371   0.0115019
          16    0.553156    0.892733   0.0250651
          17    0.927668    0.894788    0.023634
          18    0.924144    0.896419    0.022342
          19      0.9297    0.898171   0.0212059
          20    0.924724    0.899498   0.0201614
          21    0.864228    0.897819   0.0192507
          22    0.933876    0.899458   0.0184279
          23       0.941    0.901264   0.0177009
          24     0.95828     0.90364    0.017113
          25    0.952608    0.905598   0.0165307
          26    0.934512     0.90671    0.015921
          27    0.918412    0.907144   0.0153261
          28      0.9615    0.909085   0.0148957
          29    0.934544    0.909963   0.0143996
          30    0.796688    0.906187   0.0144147
          31    0.952092    0.907668   0.0140204
          32    0.941572    0.908727   0.0136164
          33    0.945264    0.909835   0.0132437
          34    0.857084    0.908283   0.0129417
          35    0.936596    0.909092   0.0125925
          36    0.647284     0.90182   0.0142355
          37    0.924688    0.902438   0.0138592
          38    0.856344    0.901225    0.013544
          39    0.896884    0.901113   0.0131926
          40    0.910932    0.901359   0.0128609
          41    0.910724    0.901587   0.0125454
          42     0.95596    0.902882   0.0123113
          43    0.977188     0.90461   0.0121451
          44    0.852648    0.903429   0.0119245
          45    0.873756     0.90277   0.0116751
          46    0.979716    0.904442   0.0115404
          47      0.9461    0.905329   0.0113269
          48    0.749348    0.902079   0.0115548
          49    0.935904    0.902769   0.0113376
          50    0.963632    0.903987    0.011175
           1     0.62266     0.62266           0
           2    0.553368    0.588014    0.034646
           3    0.656512    0.610847   0.0303553
           4    0.640812    0.618338   0.0227342
           5     0.63986    0.622642   0.0181283
           6    0.499336    0.602091   0.0253266
           7    0.631036    0.606226   0.0218006
           8    0.399848    0.580429   0.0319679
           9     0.51974    0.573686   0.0289883
          10    0.599304    0.576248   0.0260542
          11    0.574748    0.576111   0.0235673
          12    0.585116    0.576862    0.021527
          13    0.513468    0.571985   0.0203935
          14    0.558376    0.571013   0.0189057
          15    0.631584    0.575051   0.0180576
          16    0.621716    0.577968   0.0171413
          17    0.591132    0.578742     0.01612
          18    0.434464    0.570727   0.0171822
          19    0.493148    0.566644   0.0167578
          20    0.566424    0.566633   0.0158979
          21    0.485996    0.562793   0.0156018
          22    0.432968    0.556892   0.0160035
          23     0.66738    0.561695   0.0160286
          24    0.609284    0.563678   0.0154738
          25     0.65958    0.567514   0.0153297
          26    0.513952    0.565454   0.0148717
          27    0.665912    0.569175    0.014786
          28     0.59092    0.569952   0.0142693
          29     0.61302    0.571437   0.0138484
          30    0.396648     0.56561   0.0145924
          31    0.585492    0.566252   0.0141284
          32    0.546928    0.565648   0.0136931
          33    0.560104     0.56548   0.0132727
          34    0.523168    0.564235   0.0129364
          35    0.665204     0.56712   0.0128884
          36    0.487852    0.564918   0.0127173
          37    0.458944    0.562054   0.0126961
          38    0.528944    0.561183   0.0123882
          39    0.693216    0.564568   0.0125323
          40    0.445576    0.561593    0.012572
          41    0.553152    0.561388   0.0122632
          42     0.52616    0.560549    0.011997
          43    0.584984    0.561117   0.0117285
          44    0.500008    0.559728   0.0115427
          45     0.47402    0.557824   0.0114429
          46    0.598048    0.558698   0.0112255
          47    0.703008    0.561769   0.0114051
          48      0.5935     0.56243   0.0111845
          49    0.676568    0.564759   0.0111988
          50    0.607824     0.56562   0.0110063
           1    0.279776    0.279776           0
           2      0.3207    0.300238    0.020462
           3    0.273092    0.291189    0.014881
           4    0.300676    0.293561   0.0107864
           5    0.405904     0.31603   0.0239718
           6    0.254672    0.305803   0.0220833
           7    0.330776    0.309371   0.0190017
           8    0.248616    0.301777   0.0181238
           9    0.248244    0.295828   0.0170546
          10    0.225788    0.288824   0.0167852
          11    0.314792    0.291185   0.0153652
          12    0.224368    0.285617   0.0150912
          13    0.277284    0.284976   0.0138967
          14    0.266156    0.283632   0.0129359
          15    0.383492    0.290289   0.0137603
          16    0.296884    0.290701   0.0128782
          17    0.280384    0.290094   0.0121122
          18    0.303032    0.290813   0.0114421
          19    0.224556    0.287326    0.011371
          20    0.335588    0.289739   0.0110541
          21    0.291484    0.289822   0.0105149
          22     0.32002    0.291195   0.0101191
          23      0.3134     0.29216  0.00971719
          24     0.32922    0.293704  0.00943078
          25     0.28722    0.293445   0.0090494
          26    0.281644    0.292991  0.00870622
          27     0.29914    0.293219  0.00838066
          28    0.336932     0.29478  0.00822533
          29    0.288548    0.294565  0.00793954
          30    0.244048    0.292881  0.00785298
          31    0.272484    0.292223  0.00762388
          32    0.211584    0.289703  0.00780007
          33    0.246652    0.288399  0.00767175
          34    0.302628    0.288817  0.00745445
          35    0.338792    0.290245  0.00737782
          36    0.256748    0.289315  0.00723007
          37    0.277264    0.288989  0.00703949
          38    0.243356    0.287788  0.00695618
          39    0.323572    0.288706  0.00683731
          40      0.2467    0.287655  0.00674642
          41     0.26108    0.287007  0.00661166
          42    0.348396    0.288469   0.0066158
          43    0.355752    0.290034  0.00664691
          44    0.237924    0.288849   0.0066012
          45     0.32224    0.289591  0.00649536
          46    0.319688    0.290246  0.00638619
          47    0.340652    0.291318   0.0063402
          48     0.32884      0.2921  0.00625574
          49     0.31996    0.292668  0.00615307
          50    0.331444    0.293444  0.00607843
           1    0.190216    0.190216           0
           2    0.171128    0.180672    0.009544
           3    0.162508    0.174617  0.00818667
           4    0.188492    0.178086  0.00674852
           5    0.246412    0.191751   0.0146309
           6    0.166052    0.187468   0.0126907
           7    0.163132    0.183991    0.011275
           8    0.128268    0.177026   0.0119942
           9     0.17812    0.177148   0.0105786
          10    0.114292    0.170862   0.0113593
          11    0.179304    0.171629   0.0103035
          12     0.17312    0.171754  0.00940658
          13    0.187904    0.172996  0.00874153
          14     0.11282    0.168698  0.00916369
          15    0.223836    0.172374  0.00928918
          16    0.185632    0.173202  0.00872866
          17    0.158604    0.172344  0.00824399
          18     0.13624    0.170338  0.00802714
          19    0.191908    0.171473  0.00767732
          20    0.194592    0.172629   0.0073745
          21    0.194492     0.17367  0.00709139
          22     0.13136    0.171747  0.00702957
          23    0.173624    0.171829  0.00671748
          24    0.185172    0.172385  0.00645548
          25    0.190064    0.173092  0.00623214
          26    0.194544    0.173917  0.00604422
          27     0.20634    0.175118  0.00593874
          28    0.179084    0.175259  0.00572446
          29    0.192624    0.175858   0.0055559
          30    0.146816     0.17489  0.00545411
          31    0.173796    0.174855  0.00527536
          32    0.127632    0.173379  0.00531674
          33    0.145176    0.172524   0.0052235
          34    0.154688       0.172  0.00509462
          35    0.189872     0.17251  0.00497321
          36    0.133964     0.17144  0.00495027
          37    0.193992    0.172049  0.00485305
          38    0.105732    0.170304  0.00503569
          39    0.213804    0.171419   0.0050301
          40    0.101916    0.169682  0.00520154
          41     0.19368    0.170267  0.00510674
          42    0.169764    0.170255  0.00498368
          43    0.189044    0.170692  0.00488598
          44    0.092876    0.168924  0.00509072
          45      0.1904    0.169401  0.00499914
          46    0.170944    0.169434  0.00488937
          47      0.2245    0.170606  0.00492558
          48    0.212948    0.171488   0.0049019
          49    0.214748    0.172371  0.00488132
          50    0.178688    0.172497  0.00478436
           1    0.131228    0.131228           0
           2    0.108436    0.119832    0.011396
           3    0.110152    0.116605   0.0073281
           4    0.130728    0.120136  0.00627026
           5    0.156732    0.127455   0.0087841
           6    0.115676    0.125492  0.00743602
           7    0.067464    0.117202   0.0104027
           8    0.094796    0.114401  0.00943429
           9    0.111936    0.114128  0.00832477
          10     0.07654    0.110369  0.00834085
          11    0.112384    0.110552   0.0075468
          12    0.104636    0.110059  0.00690688
          13    0.113248    0.110304  0.00635814
          14    0.103804     0.10984  0.00590477
          15    0.158692    0.113097  0.00638939
          16    0.127132    0.113974  0.00604075
          17    0.106788    0.113551  0.00569002
          18    0.109568     0.11333  0.00536917
          19      0.1083    0.113065  0.00508562
          20    0.112116    0.113018  0.00482487
          21     0.10716    0.112739  0.00459784
          22    0.094592    0.111914   0.0044608
          23    0.118984    0.112221  0.00427351
          24    0.131232    0.113013  0.00416754
          25    0.102792    0.112605  0.00401822
          26       0.134    0.113428  0.00394731
          27    0.133832    0.114183  0.00387275
          28    0.118476    0.114337  0.00373502
          29     0.09942    0.113822  0.00364045
          30    0.092504    0.113112  0.00358808
          31    0.116928    0.113235  0.00347259
          32    0.099576    0.112808   0.0033893
          33      0.0933    0.112217  0.00333776
          34    0.098776    0.111821  0.00326214
          35    0.126604    0.112244   0.0031956
          36    0.085776    0.111509  0.00319141
          37    0.115496    0.111616  0.00310583
          38     0.08868    0.111013  0.00308266
          39    0.137116    0.111682  0.00307627
          40    0.057568    0.110329  0.00328945
          41    0.122652     0.11063  0.00322226
          42     0.10328    0.110455  0.00314947
          43    0.119708     0.11067  0.00308288
          44    0.061808    0.109559  0.00321019
          45    0.130928    0.110034  0.00317377
          46    0.114432     0.11013  0.00310548
          47    0.138828    0.110741  0.00309943
          48    0.136592    0.111279   0.0030816
          49    0.109184    0.111236  0.00301835
          50    0.099208    0.110996  0.00296714
           1    0.101968    0.101968           0
           2    0.098256    0.100112    0.001856
           3    0.072748   0.0909907  0.00918406
           4     0.09636    0.092333  0.00663139
           5      0.1166   0.0971864  0.00706687
           6    0.049928     0.08931  0.00976378
           7    0.058896   0.0849651  0.00932586
           8    0.094084    0.086105  0.00815647
           9    0.075744   0.0849538  0.00728487
          10    0.076692   0.0841276  0.00656796
          11    0.079068   0.0836676  0.00595872
          12    0.067272   0.0823013  0.00560851
          13    0.078552   0.0820129  0.00516713
          14    0.081924   0.0820066  0.00478384
          15    0.110076   0.0838779  0.00483069
          16    0.084556   0.0839203  0.00451889
          17    0.087572   0.0841351  0.00425019
          18    0.077768   0.0837813   0.0040227
          19    0.071308   0.0831248  0.00386131
          20    0.079812   0.0829592   0.0036669
          21    0.058452   0.0817922  0.00367798
          22    0.080308   0.0817247  0.00350746
          23    0.085512   0.0818894  0.00335554
          24      0.0831   0.0819398  0.00321308
          25    0.081304   0.0819144  0.00308198
          26    0.089216   0.0821952  0.00297436
          27    0.107216   0.0831219  0.00300837
          28    0.086288    0.083235  0.00290114
          29    0.057172   0.0823363  0.00294004
          30    0.078148   0.0821967  0.00284378
          31    0.088716    0.082407  0.00275854
          32     0.08332   0.0824355   0.0026711
          33    0.065964   0.0819364  0.00263657
          34    0.077684   0.0818113  0.00256091
          35    0.078004   0.0817025  0.00248904
          36    0.069072   0.0813517  0.00244422
          37    0.085124   0.0814536  0.00237943
          38    0.073044   0.0812323  0.00232652
          39    0.097336   0.0816452  0.00230339
          40    0.053792   0.0809489  0.00235057
          41    0.076016   0.0808286  0.00229568
          42     0.06312    0.080407  0.00227969
          43     0.05662   0.0798538  0.00229374
          44    0.051572    0.079211  0.00233137
          45    0.097136   0.0796093  0.00231352
          46    0.092176   0.0798825   0.0022791
          47    0.085952   0.0800117  0.00223382
          48    0.066076   0.0797213  0.00220597
          49    0.073012   0.0795844  0.00216482
          50    0.063636   0.0792654  0.00214493
           1    0.076568    0.076568           0
           2    0.051596    0.064082    0.012486
           3    0.056908   0.0616907  0.00759508
           4    0.073996    0.064767  0.00618922
           5     0.08526   0.0688656  0.00630733
           6     0.04134    0.064278  0.00689693
           7    0.042952   0.0612314  0.00657712
           8    0.061188    0.061226  0.00569595
           9    0.061624   0.0612702  0.00502355
          10    0.054744   0.0606176  0.00454035
          11     0.05076   0.0597215  0.00420354
          12    0.052696    0.059136  0.00388169
          13    0.062648   0.0594062  0.00358084
          14      0.0641   0.0597414  0.00333213
          15    0.087076   0.0615637   0.0035977
          16    0.055452   0.0611818  0.00338695
          17    0.067144   0.0615325  0.00320076
          18    0.064532   0.0616991   0.0030223
          19    0.048444   0.0610015   0.0029427
          20    0.057184   0.0608106  0.00279821
          21    0.044336   0.0600261  0.00277484
          22     0.06136   0.0600867   0.0026464
          23    0.066204   0.0603527  0.00254267
          24    0.055192   0.0601377   0.0024439
          25    0.061664   0.0601987   0.0023449
          26    0.068612   0.0605223  0.00227603
          27    0.088724   0.0615668  0.00242643
          28    0.066264   0.0617346  0.00234418
          29    0.050656   0.0613526  0.00229393
          30    0.054832   0.0611352  0.00222678
          31    0.075528   0.0615995  0.00220323
          32     0.05904   0.0615195  0.00213477
          33     0.05474   0.0613141  0.00207924
          34    0.053948   0.0610974  0.00202876
          35    0.063488   0.0611657  0.00197113
          36    0.057832   0.0610731  0.00191783
          37     0.06756   0.0612484   0.0018735
          38    0.063204   0.0612999  0.00182425
          39    0.064812   0.0613899  0.00177914
          40    0.047044   0.0610313  0.00177079
          41    0.049172    0.060742  0.00175112
          42    0.047416   0.0604248  0.00173812
          43    0.043712   0.0600361  0.00174115
          44    0.039468   0.0595686  0.00176418
          45     0.08168     0.06006  0.00179316
          46    0.071284    0.060304  0.00177064
          47     0.06218   0.0603439  0.00173302
          48    0.050784   0.0601447  0.00170818
          49    0.059168   0.0601248  0.00167308
          50    0.047556   0.0598734  0.00165843
           1    0.057632    0.057632           0
           2    0.039504    0.048568    0.009064
           3    0.038148   0.0450947  0.00628088
           4    0.061464    0.049187   0.0060392
           5    0.069172    0.053184  0.00615298
           6    0.033172   0.0498487  0.00603025
           7    0.033572   0.0475234  0.00560187
           8    0.049336     0.04775  0.00485665
           9     0.04938   0.0479311  0.00428699
          10    0.044132   0.0475512  0.00385317
          11    0.038324   0.0467124  0.00358485
          12    0.044016   0.0464877  0.00328021
          13    0.047972   0.0466018  0.00301951
          14    0.036316   0.0458671  0.00289046
          15    0.070172   0.0474875  0.00314106
          16    0.043556   0.0472418  0.00294845
          17    0.048492   0.0473153  0.00277056
          18    0.058896   0.0479587  0.00269017
          19    0.036232   0.0473415  0.00261843
          20    0.048032    0.047376   0.0024843
          21    0.029108   0.0465061  0.00251807
          22    0.051252   0.0467218  0.00241056
          23    0.045628   0.0466743  0.00230386
          24    0.043044    0.046523  0.00221096
          25    0.053076   0.0467851  0.00213682
          26    0.047768   0.0468229  0.00205333
          27    0.058344   0.0472496  0.00202137
          28    0.054432   0.0475061  0.00196466
          29    0.036672   0.0471326  0.00193217
          30    0.042936   0.0469927  0.00187188
          31    0.062428   0.0474906  0.00187771
          32    0.050356   0.0475801  0.00182029
          33    0.043104   0.0474445  0.00176948
          34    0.047884   0.0474574  0.00171669
          35    0.047776   0.0474665  0.00166695
          36    0.055956   0.0477023  0.00163706
          37    0.046656   0.0476741  0.00159245
          38    0.049124   0.0477122  0.00155044
          39     0.05208   0.0478242  0.00151431
          40    0.028448   0.0473398  0.00155343
          41     0.03454   0.0470276   0.0015469
          42    0.032112   0.0466725  0.00155082
          43    0.028336    0.046246  0.00157323
          44    0.025068   0.0457647  0.00161065
          45    0.065044   0.0461932   0.0016317
          46     0.05384   0.0463594  0.00160447
          47    0.056056   0.0465657  0.00158346
          48    0.048364   0.0466032  0.00155057
          49     0.05568   0.0467884  0.00152986
          50    0.044644   0.0467455  0.00149956
           1    0.053404    0.053404           0
           2    0.037588    0.045496    0.007908
           3    0.029812    0.040268    0.006941
           4     0.05202    0.043206  0.00572019
           5      0.0548   0.0455248  0.00500092
           6    0.032108   0.0432887  0.00465544
           7    0.024768   0.0406429  0.00474142
           8     0.05162    0.042015  0.00432939
           9    0.036148   0.0413631  0.00387341
          10    0.041596   0.0413864  0.00346456
          11     0.02872   0.0402349  0.00333867
          12    0.032564   0.0395957  0.00311409
          13    0.037408   0.0394274  0.00286949
          14    0.028256   0.0386294  0.00277388
          15     0.05584   0.0397768  0.00282576
          16    0.029124    0.039111  0.00272582
          17    0.044332   0.0394181  0.00257882
          18    0.047804    0.039884  0.00247557
          19    0.038372   0.0398044    0.002343
          20    0.041176    0.039873  0.00222383
          21     0.02726   0.0392724   0.0021989
          22    0.043348   0.0394576  0.00210474
          23    0.035436   0.0392828  0.00201873
          24    0.037264   0.0391987  0.00193462
          25    0.047156    0.039517  0.00188272
          26    0.042372   0.0396268  0.00181219
          27    0.039416    0.039619   0.0017438
          28    0.047292    0.039893  0.00170256
          29    0.030708   0.0395763  0.00167306
          30    0.034972   0.0394228   0.0016236
          31      0.0518   0.0398221  0.00162031
          32      0.0441   0.0399557  0.00157455
          33    0.037152   0.0398708  0.00152845
          34    0.040584   0.0398918  0.00148296
          35    0.041756    0.039945  0.00144096
          36     0.03934   0.0399282  0.00140046
          37    0.036872   0.0398456  0.00136458
          38    0.037256   0.0397775  0.00132994
          39     0.04248   0.0398468  0.00129724
          40      0.0246   0.0394656   0.0013206
          41    0.027144   0.0391651  0.00132258
          42    0.031072   0.0389724  0.00130501
          43    0.027232   0.0386993  0.00130322
          44    0.019916   0.0382725  0.00134292
          45     0.05142   0.0385646  0.00134486
          46    0.037792   0.0385478   0.0013154
          47    0.050188   0.0387955  0.00131072
          48    0.039092   0.0388017  0.00128314
          49    0.036828   0.0387614  0.00125733
          50    0.033544    0.038657  0.00123633
           1    0.042936    0.042936           0
           2    0.029752    0.036344    0.006592
           3    0.027084   0.0332573  0.00490024
           4    0.040528    0.035075  0.00391281
           5    0.046368   0.0373336  0.00377986
           6    0.025156    0.035304   0.0036938
           7     0.02252   0.0334777  0.00361679
           8     0.04078   0.0343905  0.00326252
           9    0.031312   0.0340484  0.00289753
          10    0.031336   0.0337772  0.00260579
          11    0.022152   0.0327204  0.00258311
          12    0.027848   0.0323143  0.00239275
          13    0.030136   0.0321468  0.00220738
          14    0.029164   0.0319337  0.00205471
          15    0.049428      0.0331  0.00224035
          16    0.028204    0.032794  0.00211787
          17    0.038184   0.0331111   0.0020145
          18    0.043068   0.0336642  0.00197821
          19    0.033656   0.0336638   0.0018712
          20    0.038252   0.0338932  0.00178993
          21        0.02   0.0332316  0.00182659
          22    0.029504   0.0330622  0.00174981
          23    0.033892   0.0330983  0.00167239
          24       0.027   0.0328442  0.00162122
          25    0.041384   0.0331858   0.0015921
          26     0.03452   0.0332371   0.0015305
          27    0.034796   0.0332948  0.00147386
          28    0.035292   0.0333661  0.00142203
          29    0.027996    0.033181  0.00138456
          30    0.024676   0.0328975  0.00136733
          31    0.042612   0.0332108  0.00135911
          32    0.034964   0.0332656  0.00131709
          33     0.02982   0.0331612  0.00128082
          34    0.037344   0.0332842  0.00124865
          35    0.035496   0.0333474  0.00121409
          36    0.027936   0.0331971  0.00118942
          37      0.0299    0.033108  0.00116026
          38    0.031324   0.0330611  0.00113029
          39    0.038304   0.0331955   0.0011091
          40    0.018656    0.032832  0.00114049
          41    0.023048   0.0325934  0.00113764
          42    0.026324   0.0324441  0.00112021
          43    0.024684   0.0322636  0.00110864
          44    0.013336   0.0318335  0.00116544
          45    0.042288   0.0320658   0.0011627
          46    0.026228   0.0319389   0.0011442
          47    0.040972   0.0321311  0.00113597
          48    0.033748   0.0321647  0.00111256
          49      0.0337   0.0321961  0.00109007
          50    0.026268   0.0320775   0.0010746
           1    0.036016    0.036016           0
           2    0.026212    0.031114    0.004902
           3    0.020432   0.0275533  0.00454843
           4    0.037392    0.030013  0.00404896
           5     0.03818   0.0316464  0.00353616
           6       0.019   0.0295387  0.00357475
           7    0.018908     0.02802  0.00338143
           8    0.034184   0.0287905  0.00302807
           9    0.023732   0.0282284  0.00272902
          10    0.020896   0.0274952  0.00254866
          11    0.016104   0.0264596  0.00252726
          12    0.022668   0.0261437   0.0023286
          13    0.020496   0.0257092  0.00218561
          14    0.030108   0.0260234  0.00204773
          15    0.045096   0.0272949  0.00229147
          16     0.02204   0.0269665  0.00216849
          17    0.032828   0.0273113  0.00206592
          18    0.035864   0.0277864  0.00200488
          19    0.030608   0.0279349  0.00190223
          20    0.029276    0.028002  0.00180586
          21    0.019264   0.0275859   0.0017674
          22    0.023864   0.0274167  0.00169362
          23    0.024748   0.0273007  0.00162246
          24    0.019052    0.026957  0.00159096
          25     0.03572   0.0273075  0.00156573
          26    0.029324   0.0273851  0.00150631
          27    0.034432   0.0276461  0.00147275
          28    0.031436   0.0277814  0.00142562
          29    0.022808   0.0276099  0.00138623
          30    0.019572    0.027342  0.00136577
          31      0.0384   0.0276987  0.00136829
          32    0.033624   0.0278839  0.00133772
          33     0.02498   0.0277959  0.00129953
          34    0.029512   0.0278464  0.00126174
          35    0.031224   0.0279429  0.00122895
          36    0.022168   0.0277824  0.00120505
          37    0.020664   0.0275901  0.00118772
          38    0.027328   0.0275832  0.00115606
          39    0.031076   0.0276727  0.00112958
          40    0.015144   0.0273595  0.00114467
          41    0.022268   0.0272353  0.00112329
          42     0.01958    0.027053  0.00111127
          43    0.023092   0.0269609  0.00108902
          44    0.010652   0.0265903  0.00112669
          45    0.038228   0.0268489  0.00113133
          46    0.024328   0.0267941  0.00110782
          47     0.03196    0.026904  0.00108955
          48     0.02546   0.0268739  0.00106703
          49    0.029988   0.0269375  0.00104696
          50    0.020304   0.0268048  0.00103435
           1    0.955048    0.955048           0
           2    0.912344    0.933696    0.021352
           3    0.922516    0.929969   0.0128786
           4    0.906488    0.924099   0.0108346
           5    0.874188    0.914117   0.0130414
           6    0.771264    0.890308   0.0260815
           7    0.774756    0.873801   0.0275388
           8    0.937424    0.881754   0.0251403
           9    0.776652    0.870076   0.0250591
          10    0.892504    0.872318   0.0225255
          11    0.951988    0.879561   0.0216241
          12    0.756744    0.869326   0.0222355
          13    0.813048    0.864997   0.0209068
          14    0.907852    0.868058   0.0195965
          15    0.836284     0.86594   0.0183659
          16    0.956612    0.871607   0.0180903
          17    0.957884    0.876682   0.0177345
          18    0.886912     0.87725   0.0167299
          19     0.92364    0.879692   0.0160122
          20    0.883064    0.879861   0.0151914
          21     0.91022    0.881306   0.0145221
          22     0.88652    0.881543   0.0138483
          23    0.924916    0.883429   0.0133662
          24    0.930872    0.885406   0.0129489
          25    0.902968    0.886108     0.01244
          26    0.899632    0.886628   0.0119633
          27    0.957756    0.889263   0.0118093
          28    0.919304    0.890336   0.0114302
          29    0.793988    0.887013   0.0115185
          30      0.9511     0.88915   0.0113311
          31    0.937436    0.890707   0.0110697
          32    0.946684    0.892457     0.01086
          33    0.933552    0.893702   0.0105991
          34    0.943884    0.895178   0.0103881
          35     0.78982    0.892168   0.0105265
          36    0.883792    0.891935   0.0102325
          37    0.947416    0.893434   0.0100645
          38    0.958232     0.89514  0.00994335
          39    0.881076    0.894779  0.00969174
          40    0.940772    0.895929  0.00951607
          41    0.939072    0.896981  0.00934053
          42    0.948368    0.898205  0.00919717
          43    0.972368    0.899929  0.00914485
          44    0.824388    0.898212  0.00909805
          45    0.906972    0.898407   0.0088957
          46    0.947824    0.899481  0.00876624
          47     0.96368    0.900847  0.00868578
          48     0.95062    0.901884  0.00856589
          49    0.841356    0.900649  0.00847971
          50    0.823704     0.89911   0.0084497
           1     0.51146     0.51146           0
           2    0.565116    0.538288    0.026828
           3     0.66532    0.580632    0.045088
           4      0.5424    0.571074   0.0332839
           5    0.537928    0.564445   0.0266203
           6     0.52552    0.557957   0.0226829
           7    0.429716    0.539637   0.0265168
           8    0.506172    0.535454   0.0233421
           9    0.484768    0.529822   0.0213422
          10     0.52844    0.529684   0.0190896
          11    0.636408    0.539386   0.0198063
          12    0.492056    0.535442   0.0185058
          13    0.536592     0.53553    0.017023
          14    0.560592    0.537321   0.0158616
          15    0.421972    0.529631   0.0166487
          16    0.568112    0.532036   0.0157581
          17     0.43834    0.526524   0.0157949
          18     0.55714    0.528225   0.0149884
          19    0.505188    0.527013   0.0142294
          20    0.535332    0.527429   0.0135056
          21      0.6128    0.531494   0.0134743
          22    0.626956    0.535833   0.0135602
          23    0.561256    0.536938   0.0130043
          24    0.574692    0.538512   0.0125496
          25    0.515792    0.537603   0.0120715
          26    0.518492    0.536868   0.0116211
          27    0.514772    0.536049   0.0112124
          28    0.404296    0.531344   0.0117847
          29     0.50726    0.530513   0.0114013
          30     0.46708    0.528399   0.0112159
          31    0.491172    0.527198   0.0109143
          32    0.490024    0.526036   0.0106314
          33    0.518352    0.525804   0.0103068
          34    0.584548    0.527531   0.0101472
          35     0.65642    0.531214   0.0105187
          36    0.505292    0.530494   0.0102477
          37    0.440984    0.528075   0.0102563
          38    0.639024    0.530994    0.010401
          39    0.583124    0.532331   0.0102186
          40      0.4951      0.5314   0.0100032
          41     0.58042    0.532596  0.00982916
          42     0.56722     0.53342  0.00962764
          43    0.530064    0.533342   0.0094014
          44     0.57468    0.534282  0.00923317
          45    0.612312    0.536016  0.00919072
          46    0.567868    0.536708  0.00901533
          47    0.595428    0.537957  0.00890946
          48    0.560952    0.538437  0.00873502
          49    0.559864    0.538874  0.00856607
          50     0.50892    0.538275  0.00841435
           1    0.285116    0.285116           0
           2    0.320392    0.302754    0.017638
           3    0.291896    0.299135   0.0108074
           4     0.25212    0.287381   0.0140196
           5    0.256336    0.281172   0.0125092
           6    0.319684    0.287591   0.0120632
           7    0.282992    0.286934   0.0102164
           8    0.358076    0.295827   0.0125444
           9    0.301472    0.296454   0.0110809
          10    0.333344    0.300143   0.0105753
          11    0.341692     0.30392   0.0102845
          12    0.261668    0.300399    0.010027
          13    0.321752    0.302042  0.00936858
          14    0.182884     0.29353   0.0121521
          15    0.176956    0.285759   0.0137252
          16    0.273536    0.284995   0.0128615
          17    0.341472    0.288317   0.0125297
          18    0.307116    0.289361   0.0118592
          19    0.251524     0.28737   0.0113931
          20    0.249384    0.285471    0.010974
          21    0.252232    0.283888   0.0105577
          22    0.311956    0.285164   0.0101469
          23     0.27706    0.284811  0.00970209
          24    0.248272    0.283289  0.00941299
          25    0.259008    0.282318  0.00908071
          26    0.271432    0.281899   0.0087345
          27    0.266984    0.281347  0.00842291
          28    0.256636    0.280464  0.00816436
          29    0.274204    0.280248  0.00788076
          30    0.251356    0.279285   0.0076742
          31    0.302264    0.280026  0.00745944
          32    0.363496    0.282635  0.00767916
          33    0.264136    0.282074   0.0074639
          34    0.259292    0.281404  0.00727198
          35      0.3547    0.283498  0.00736515
          36    0.274432    0.283246  0.00716207
          37    0.248528    0.282308  0.00702873
          38    0.371968    0.284668  0.00723671
          39    0.288744    0.284772  0.00704949
          40     0.28328    0.284735  0.00687109
          41    0.325316    0.285725  0.00677411
          42     0.27384    0.285442  0.00661691
          43    0.352856    0.287009  0.00664868
          44    0.349028    0.288419  0.00664698
          45    0.272224    0.288059  0.00650755
          46    0.340436    0.289198  0.00646556
          47    0.204188    0.287389  0.00657997
          48    0.238288    0.286366  0.00652215
          49    0.271416    0.286061  0.00639494
          50     0.25438    0.285427  0.00629769
           1    0.158184    0.158184           0
           2    0.150764    0.154474     0.00371
           3    0.142476    0.150475  0.00453682
           4    0.217736     0.16729   0.0171186
           5    0.122128    0.158258   0.0160441
           6     0.14412    0.155901   0.0133102
           7    0.147464    0.154696   0.0113135
           8    0.188288    0.158895   0.0106597
           9    0.125404    0.155174   0.0101106
          10    0.188836     0.15854  0.00964944
          11    0.158196    0.158509   0.0087283
          12    0.160572    0.158681  0.00796967
          13     0.18956    0.161056  0.00770624
          14    0.173168    0.161921  0.00718686
          15     0.11036    0.158484  0.00752196
          16    0.181228    0.159905  0.00717831
          17    0.192912    0.161847  0.00701681
          18     0.18084    0.162902  0.00669914
          19     0.16902    0.163224  0.00634493
          20     0.16786    0.163456  0.00602379
          21     0.18682    0.164568  0.00583678
          22    0.186828     0.16558  0.00565638
          23    0.165736    0.165587  0.00540487
          24    0.181804    0.166263   0.0052187
          25    0.187292    0.167104  0.00507578
          26    0.201796    0.168438   0.0050559
          27     0.18986    0.169232  0.00492932
          28     0.13352    0.167956  0.00491826
          29    0.178408    0.168317   0.0047593
          30     0.15208    0.167775  0.00462966
          31    0.168852     0.16781  0.00447796
          32    0.170296    0.167888  0.00433647
          33    0.111036    0.166165  0.00454238
          34    0.187424     0.16679  0.00445089
          35    0.230088    0.168599  0.00468499
          36    0.139868    0.167801  0.00462241
          37    0.198824    0.168639  0.00457326
          38    0.187316    0.169131  0.00447834
          39    0.179244     0.16939   0.0043697
          40    0.206124    0.170308  0.00435694
          41    0.170216    0.170306  0.00424935
          42    0.176292    0.170449  0.00414939
          43     0.18106    0.170695  0.00405925
          44     0.19942    0.171348  0.00401929
          45    0.226476    0.172573  0.00411552
          46    0.184564    0.172834  0.00403349
          47    0.184672    0.173086  0.00395477
          48    0.188284    0.173402  0.00388442
          49    0.139696    0.172715  0.00386601
          50    0.169784    0.172656  0.00378836
           1    0.105616    0.105616           0
           2    0.111508    0.108562    0.002946
           3    0.112564    0.109896   0.0021616
           4    0.098792     0.10712  0.00316898
           5    0.113788    0.108454  0.00279356
           6    0.127652    0.111653  0.00392949
           7    0.106908    0.110975  0.00338951
           8    0.127404    0.113029  0.00358242
           9    0.112236    0.112941  0.00316063
          10    0.138292    0.115476  0.00379716
          11    0.072272    0.111548  0.00521759
          12    0.088168      0.1096  0.00514608
          13    0.156208    0.113185  0.00593817
          14    0.106464    0.112705   0.0055186
          15    0.093728     0.11144  0.00529102
          16     0.12862    0.112514  0.00506443
          17    0.071152    0.110081  0.00534328
          18    0.146304    0.112093  0.00542477
          19    0.098656    0.111386  0.00517983
          20     0.11598    0.111616  0.00491938
          21    0.093016     0.11073  0.00476235
          22    0.122584    0.111269  0.00457258
          23     0.13954    0.112498  0.00453886
          24    0.112216    0.112486  0.00434564
          25    0.096248    0.111837   0.0042185
          26    0.142068    0.112999  0.00421649
          27    0.127716    0.113544  0.00409377
          28    0.107204    0.113318  0.00395135
          29    0.143884    0.114372  0.00395567
          30    0.112552    0.114311  0.00382202
          31    0.081316    0.113247  0.00384685
          32    0.098836    0.112797  0.00375182
          33    0.116252    0.112901  0.00363786
          34    0.102556    0.112597  0.00354234
          35     0.11244    0.112593  0.00343964
          36     0.08914    0.111941  0.00340562
          37    0.118068    0.112107  0.00331644
          38    0.123584    0.112409  0.00324208
          39    0.076552    0.111489  0.00328898
          40     0.13456    0.112066  0.00325717
          41     0.10042    0.111782  0.00318941
          42    0.123144    0.112053  0.00312428
          43    0.106416    0.111921  0.00305357
          44     0.09336      0.1115  0.00301304
          45     0.11496    0.111577  0.00294633
          46     0.11048    0.111553  0.00288166
          47    0.099824    0.111303   0.0028307
          48      0.0983    0.111032  0.00278431
          49    0.111612    0.111044  0.00272693
          50    0.125452    0.111332  0.00268732
           1    0.105808    0.105808           0
           2    0.068156    0.086982    0.018826
           3    0.081164   0.0850427   0.0110409
           4    0.067192     0.08058  0.00899253
           5    0.045956   0.0736552  0.00982203
           6    0.089376   0.0762753  0.00843682
           7    0.066324   0.0748537  0.00727075
           8    0.081132   0.0756385  0.00634537
           9      0.0791   0.0760231  0.00560929
          10     0.06692   0.0751128  0.00509902
          11    0.068172   0.0744818   0.0046552
          12     0.08794   0.0756033  0.00439509
          13    0.099568   0.0774468  0.00444334
          14    0.078596   0.0775289  0.00411455
          15    0.058408   0.0762541  0.00403698
          16    0.076936   0.0762967  0.00377649
          17     0.05654   0.0751346  0.00373291
          18    0.090872   0.0760089  0.00362639
          19     0.07402   0.0759042  0.00343182
          20      0.0781    0.076014  0.00325756
          21     0.07748   0.0760838  0.00309935
          22     0.05896   0.0753055   0.0030559
          23    0.062984   0.0747697  0.00296875
          24    0.067876   0.0744825  0.00285684
          25     0.07972    0.074692  0.00274818
          26    0.085156   0.0750945  0.00267086
          27    0.070352   0.0749188  0.00257603
          28    0.058912   0.0743471   0.0025473
          29     0.08256   0.0746303  0.00247416
          30    0.063856   0.0742712  0.00241709
          31    0.087752   0.0747061  0.00237793
          32    0.068572   0.0745144  0.00231038
          33    0.076712    0.074581  0.00224027
          34    0.090928   0.0750618  0.00222592
          35    0.068728   0.0748808  0.00216895
          36      0.0692    0.074723  0.00211374
          37    0.080648   0.0748831  0.00206205
          38    0.074016   0.0748603  0.00200718
          39    0.087192   0.0751765  0.00198044
          40    0.080572   0.0753114    0.001935
          41    0.087836   0.0756169  0.00191178
          42    0.073864   0.0755751  0.00186617
          43    0.081264   0.0757074  0.00182705
          44    0.076236   0.0757195  0.00178509
          45    0.089716   0.0760305  0.00177247
          46    0.063704   0.0757625   0.0017541
          47    0.073528    0.075715  0.00171703
          48    0.079416   0.0757921  0.00168265
          49    0.087788   0.0760369  0.00166603
          50    0.064548   0.0758071  0.00164847
           1    0.056344    0.056344           0
           2    0.062584    0.059464     0.00312
           3      0.0551   0.0580093  0.00231535
           4    0.047028    0.055264  0.00319645
           5    0.045276   0.0532664  0.00318132
           6     0.05184   0.0530287  0.00260839
           7    0.058448   0.0538029  0.00233648
           8    0.073368   0.0562485   0.0031742
           9     0.07786   0.0586498  0.00368818
          10    0.055784   0.0583632  0.00331123
          11    0.050672    0.057664  0.00307565
          12    0.071576   0.0588233  0.00303761
          13    0.052796   0.0583597   0.0028324
          14     0.04192   0.0571854  0.00287321
          15     0.05228   0.0568584  0.00269473
          16     0.06936   0.0576397  0.00263901
          17     0.05878   0.0577068  0.00247983
          18    0.063256   0.0580151  0.00235824
          19    0.053316   0.0577678  0.00224434
          20    0.064772    0.058118  0.00215778
          21    0.063436   0.0583712  0.00206802
          22    0.064808   0.0586638  0.00199337
          23    0.053196   0.0584261  0.00191951
          24    0.058012   0.0584088  0.00183787
          25     0.06352   0.0586133  0.00177464
          26    0.054292   0.0584471   0.0017131
          27    0.057132   0.0583984  0.00164915
          28    0.066596   0.0586911   0.0016159
          29    0.052216   0.0584679  0.00157509
          30    0.048924   0.0581497  0.00155458
          31    0.064748   0.0583626  0.00151859
          32    0.059716   0.0584049  0.00147098
          33    0.046604   0.0580473  0.00146987
          34    0.060968   0.0581332  0.00142857
          35    0.062504   0.0582581  0.00139276
          36    0.057504   0.0582371  0.00135368
          37    0.058548   0.0582455  0.00131662
          38     0.05858   0.0582543  0.00128153
          39    0.057804   0.0582428  0.00124829
          40     0.06006   0.0582882  0.00121753
          41    0.065848   0.0584726  0.00120169
          42       0.056   0.0584137  0.00117421
          43    0.059076   0.0584291  0.00114668
          44    0.029896   0.0577806  0.00129446
          45    0.056308   0.0577479  0.00126579
          46      0.0687    0.057986  0.00126066
          47    0.057276   0.0579709  0.00123364
          48    0.070768   0.0582375  0.00123674
          49    0.064836   0.0583722   0.0012187
          50    0.061384   0.0584324   0.0011956
           1     0.05654     0.05654           0
           2    0.035852    0.046196    0.010344
           3     0.03638    0.042924  0.00680971
           4    0.050264    0.044759  0.00515299
           5    0.041092   0.0440256   0.0040583
           6      0.0391   0.0432047  0.00341377
           7    0.049632   0.0441229  0.00302774
           8     0.06038    0.046155  0.00331738
           9    0.046064   0.0461449  0.00292567
          10    0.045812   0.0461116  0.00261701
          11    0.033276   0.0449447  0.00263915
          12    0.044988   0.0449483  0.00240921
          13     0.03528   0.0442046  0.00233761
          14    0.043972    0.044188  0.00216427
          15    0.055428   0.0449373  0.00214966
          16    0.049184   0.0452028  0.00202826
          17     0.04812   0.0453744  0.00191293
          18    0.051612   0.0457209  0.00183652
          19     0.04368   0.0456135  0.00174049
          20    0.040168   0.0453412  0.00167348
          21    0.041608   0.0451634  0.00160169
          22    0.050176   0.0453913  0.00154405
          23    0.031568   0.0447903  0.00159311
          24    0.047168   0.0448893   0.0015285
          25     0.05496   0.0452922  0.00152042
          26     0.04044   0.0451055  0.00147265
          27      0.0435   0.0450461   0.0014183
          28    0.052248   0.0453033   0.0013907
          29    0.049204   0.0454378  0.00134861
          30    0.052064   0.0456587  0.00132148
          31    0.033644   0.0452711  0.00133561
          32    0.049856   0.0454144  0.00130111
          33     0.04796   0.0454915  0.00126342
          34    0.058668   0.0458791  0.00128551
          35    0.048788   0.0459622    0.001251
          36     0.04526   0.0459427  0.00121591
          37    0.046492   0.0459575  0.00118269
          38    0.044604   0.0459219  0.00115169
          39    0.048432   0.0459863  0.00112362
          40    0.044592   0.0459514  0.00109572
          41    0.050936    0.046073  0.00107556
          42     0.04742    0.046105  0.00105013
          43    0.034456   0.0458341   0.0010606
          44     0.04048   0.0457125  0.00104333
          45    0.051596   0.0458432  0.00102823
          46    0.048392   0.0458986  0.00100715
          47    0.047804   0.0459391 0.000986325
          48    0.049436    0.046012 0.000968302
          49     0.06456   0.0463905  0.00102109
          50    0.046716    0.046397  0.00100048
           1    0.036416    0.036416           0
           2    0.045004     0.04071    0.004294
           3    0.038308   0.0399093  0.00260523
           4    0.034996    0.038681  0.00221414
           5    0.046776      0.0403  0.00235852
           6    0.038836    0.040056  0.00194112
           7    0.033924     0.03918  0.00185977
           8    0.054976   0.0411545  0.00254808
           9    0.037592   0.0407587  0.00228179
          10    0.039536   0.0406364  0.00204456
          11    0.048396   0.0413418  0.00197934
          12    0.035972   0.0408943  0.00186147
          13    0.040048   0.0408292  0.00171354
          14    0.037496   0.0405911   0.0016042
          15    0.042144   0.0406947  0.00149701
          16      0.0466   0.0410637  0.00144815
          17    0.034944   0.0407038  0.00140712
          18    0.046084   0.0410027   0.0013599
          19    0.029844   0.0404154  0.00141407
          20    0.033976   0.0400934   0.0013796
          21    0.035212    0.039861  0.00133269
          22    0.040664   0.0398975  0.00127119
          23    0.030324   0.0394812  0.00128401
          24    0.031156   0.0391343  0.00127735
          25    0.039932   0.0391662   0.0012256
          26    0.046192   0.0394365  0.00120813
          27    0.047872   0.0397489  0.00120377
          28    0.035504   0.0395973  0.00116985
          29    0.040952    0.039644  0.00112975
          30    0.036512   0.0395396  0.00109643
          31     0.03078    0.039257  0.00109747
          32     0.04156    0.039329  0.00106506
          33    0.030768   0.0390696  0.00106438
          34      0.0339   0.0389175  0.00104373
          35      0.0429   0.0390313  0.00101984
          36    0.036804   0.0389694 0.000993034
          37    0.043736   0.0390983 0.000974376
          38    0.034732   0.0389834 0.000955323
          39    0.033812   0.0388508 0.000939906
          40    0.034156   0.0387334 0.000923595
          41    0.036292   0.0386739 0.000902753
          42      0.0535   0.0390269 0.000949087
          43    0.036888   0.0389771 0.000928086
          44     0.03394   0.0388626 0.000913946
          45      0.0316   0.0387012 0.000907866
          46    0.036444   0.0386522 0.000889265
          47    0.044388   0.0387742 0.000878656
          48    0.043684   0.0388765 0.000866216
          49     0.03926   0.0388843  0.00084839
          50    0.038892   0.0388845 0.000831249
           1    0.028404    0.028404           0
           2     0.02704    0.027722    0.000682
           3    0.024832   0.0267587   0.0010407
           4    0.033252    0.028382  0.00178234
           5    0.031468   0.0289992  0.00151228
           6    0.036212   0.0302013   0.0017233
           7    0.041308    0.031788  0.00215378
           8    0.035244     0.03222   0.0019146
           9     0.02636   0.0315689  0.00180971
          10    0.032652   0.0316772  0.00162227
          11    0.039076   0.0323498  0.00161421
          12    0.027616   0.0319553  0.00152546
          13    0.024112    0.031352  0.00152743
          14    0.036596   0.0317266  0.00146289
          15    0.029468    0.031576  0.00137017
          16    0.023856   0.0310935  0.00136949
          17    0.032116   0.0311536  0.00128782
          18     0.03516   0.0313762   0.0012344
          19    0.027544   0.0311745  0.00118492
          20    0.022716   0.0307516  0.00120104
          21    0.034284   0.0309198  0.00115473
          22     0.04258   0.0314498  0.00122192
          23    0.011748   0.0305932  0.00144811
          24    0.029328   0.0305405  0.00138746
          25    0.021552    0.030181  0.00137852
          26    0.031172   0.0302191  0.00132499
          27    0.029564   0.0301948   0.0012752
          28    0.034888   0.0303624  0.00124019
          29    0.040988   0.0307288   0.0012515
          30    0.036148   0.0309095  0.00122248
          31    0.034092   0.0310121  0.00118684
          32    0.029564   0.0309669  0.00115004
          33    0.024196   0.0307617  0.00113338
          34    0.039012   0.0310044  0.00112599
          35    0.028444   0.0309312  0.00109579
          36    0.017596   0.0305608  0.00112751
          37     0.01972   0.0302678  0.00113508
          38    0.042972   0.0306021  0.00115428
          39    0.028108   0.0305382  0.00112611
          40      0.0247   0.0303922  0.00110726
          41    0.028692   0.0303507  0.00108071
          42    0.035476   0.0304728   0.0010617
          43    0.029516   0.0304505  0.00103695
          44    0.021708   0.0302518  0.00103241
          45     0.03212   0.0302933  0.00101006
          46      0.0281   0.0302457 0.000989011
          47    0.030536   0.0302518  0.00096776
          48    0.033472   0.0303189 0.000949756
          49    0.032872    0.030371 0.000931629
          50    0.024452   0.0302526 0.000920451
           1     0.03066     0.03066           0
           2    0.024936    0.027798    0.002862
           3    0.025388   0.0269947  0.00183731
           4    0.029652    0.027659  0.00145917
           5    0.019408   0.0260088  0.00200017
           6    0.014768   0.0241353  0.00248536
           7    0.029248   0.0248657  0.00222387
           8    0.032328   0.0257985  0.00213993
           9     0.03924    0.027292   0.0024067
          10    0.030288   0.0275916  0.00217337
          11    0.042052   0.0289062  0.00236492
          12    0.027244   0.0287677   0.0021633
          13    0.035508   0.0292862  0.00205639
          14    0.030136   0.0293469  0.00190481
          15    0.017184    0.028536  0.00194988
          16    0.033256    0.028831  0.00184765
          17    0.031044   0.0289612  0.00174044
          18    0.033728    0.029226  0.00166213
          19     0.02006   0.0287436  0.00164457
          20    0.024924   0.0285526  0.00157182
          21     0.02032   0.0281606  0.00154564
          22    0.025968   0.0280609  0.00147708
          23    0.025192   0.0279362   0.0014169
          24     0.02372   0.0277605   0.0013679
          25    0.026056   0.0276923  0.00131382
          26      0.0293   0.0277542  0.00126379
          27    0.029496   0.0278187  0.00121779
          28    0.027764   0.0278167  0.00117349
          29     0.02822   0.0278306  0.00113239
          30    0.022212   0.0276433  0.00110991
          31    0.028732   0.0276785  0.00107408
          32     0.02424    0.027571  0.00104551
          33    0.027228   0.0275606  0.00101339
          34    0.035216   0.0277858  0.00100858
          35    0.023744   0.0276703 0.000986129
          36    0.026316   0.0276327 0.000959083
          37    0.028024   0.0276432 0.000932862
          38    0.039832    0.027964 0.000962972
          39    0.026964   0.0279384 0.000938306
          40    0.026356   0.0278988 0.000915402
          41    0.031792   0.0279938 0.000897832
          42    0.025712   0.0279394 0.000877877
          43       0.023   0.0278246  0.00086488
          44     0.02234   0.0276999  0.00085414
          45    0.029708   0.0277445 0.000836135
          46    0.015044   0.0274684 0.000863108
          47    0.031296   0.0275499 0.000848462
          48     0.02786   0.0275563 0.000830622
          49    0.025684   0.0275181 0.000814391
          50    0.026228   0.0274923 0.000798354
