           1   -0.955688   -0.955688           0
           2   -0.965424   -0.960556    0.004868
           3   -0.964592   -0.961901  0.00311594
           4   -0.965456    -0.96279  0.00237577
           5   -0.968472   -0.963926  0.00216286
           6   -0.964664   -0.964049  0.00177024
           7   -0.975584   -0.965697  0.00222568
           8   -0.969424   -0.966163    0.001983
           9   -0.959192   -0.965388  0.00191269
          10   -0.967144   -0.965564  0.00171974
          11   -0.962608   -0.965295  0.00157861
          12   -0.979112   -0.966447  0.00184455
          13   -0.978808   -0.967398  0.00194502
          14    -0.96844   -0.967472  0.00180227
          15   -0.972384   -0.967799  0.00170948
          16   -0.984288    -0.96883  0.00190238
          17   -0.980208   -0.969499   0.0019082
          18   -0.962624   -0.969117  0.00183917
          19    -0.98044   -0.969713  0.00183892
          20   -0.973136   -0.969884  0.00175292
          21   -0.969744   -0.969878  0.00166738
          22   -0.972744   -0.970008  0.00159511
          23   -0.969544   -0.969988  0.00152431
          24    -0.97296   -0.970112  0.00146467
          25   -0.972728   -0.970216  0.00140875
          26   -0.974368   -0.970376  0.00136287
          27   -0.967736   -0.970278  0.00131506
          28    -0.97564    -0.97047  0.00128161
          29    -0.98068   -0.970822  0.00128577
          30    -0.96936   -0.970773  0.00124313
          31   -0.964272   -0.970563  0.00122051
          32   -0.982304    -0.97093   0.0012374
          33   -0.972656   -0.970983  0.00120046
          34   -0.981288   -0.971286  0.00120341
          35   -0.970008   -0.971249  0.00116909
          36    -0.97676   -0.971402  0.00114642
          37    -0.96232   -0.971157   0.0011417
          38    -0.97648   -0.971297  0.00112005
          39    -0.97196   -0.971314  0.00109108
          40   -0.979672   -0.971523  0.00108379
          41   -0.973816   -0.971579   0.0010585
          42   -0.972776   -0.971607  0.00103339
          43   -0.985592   -0.971932  0.00106019
          44   -0.977984    -0.97207   0.0010449
          45   -0.972112   -0.972071  0.00102142
          46   -0.968984   -0.972004  0.00100122
          47   -0.978304   -0.972138 0.000988812
          48   -0.968208   -0.972056 0.000971449
          49    -0.98044   -0.972227  0.00096668
          50   -0.975984   -0.972302 0.000950124
           1    -0.90736    -0.90736           0
           2     -0.9148    -0.91108     0.00372
           3    -0.92032    -0.91416  0.00375489
           4   -0.911112   -0.913398  0.00276229
           5    -0.91252   -0.913222  0.00214685
           6   -0.916296   -0.913735  0.00182622
           7   -0.911944   -0.913479  0.00156449
           8    -0.91404   -0.913549   0.0013567
           9    -0.90248   -0.912319  0.00171588
          10   -0.910648   -0.912152   0.0015438
          11   -0.913464   -0.912271   0.0014015
          12    -0.92196   -0.913079  0.00151285
          13   -0.914848   -0.913215  0.00139826
          14   -0.907464   -0.912804  0.00135815
          15   -0.907688   -0.912463  0.00130956
          16   -0.912384   -0.912458  0.00122499
          17     -0.9104   -0.912337  0.00115703
          18    -0.92344   -0.912954  0.00125318
          19   -0.912976   -0.912955  0.00118539
          20    -0.92352   -0.913483  0.00124245
          21   -0.912664   -0.913444  0.00118245
          22   -0.912112   -0.913384  0.00112905
          23   -0.918584    -0.91361  0.00110228
          24   -0.907856    -0.91337  0.00108224
          25    -0.91912     -0.9136  0.00106322
          26     -0.9172   -0.913738  0.00103085
          27   -0.903504   -0.913359   0.0010619
          28   -0.907288   -0.913143  0.00104599
          29   -0.917568   -0.913295  0.00102075
          30   -0.919536   -0.913503  0.00100784
          31   -0.917688   -0.913638 0.000984092
          32   -0.916288   -0.913721 0.000956434
          33   -0.911912   -0.913666 0.000928618
          34   -0.917296   -0.913773 0.000907195
          35   -0.904504   -0.913508 0.000919841
          36   -0.912024   -0.913467 0.000894875
          37   -0.907952   -0.913318 0.000883024
          38   -0.916936   -0.913413  0.00086473
          39    -0.92244   -0.913645  0.00087349
          40   -0.906296   -0.913461 0.000870969
          41   -0.912264   -0.913432 0.000849961
          42    -0.92008    -0.91359 0.000844447
          43   -0.906232   -0.913419 0.000842142
          44   -0.916832   -0.913496 0.000826429
          45   -0.908664   -0.913389 0.000814961
          46   -0.919872    -0.91353 0.000809412
          47   -0.905824   -0.913366 0.000808795
          48    -0.91496   -0.913399 0.000792462
          49   -0.914208   -0.913416 0.000776297
          50   -0.914176   -0.913431 0.000760764
           1   -0.848024   -0.848024           0
           2   -0.846296    -0.84716    0.000864
           3   -0.844776   -0.846365 0.000938257
           4      -0.846   -0.846274 0.000669705
           5   -0.846928   -0.846405 0.000534988
           6   -0.847416   -0.846573   0.0004682
           7   -0.847712   -0.846736 0.000427832
           8   -0.851368   -0.847315 0.000687402
           9   -0.844664    -0.84702 0.000674002
          10   -0.848488   -0.847167 0.000620452
          11   -0.853416   -0.847735 0.000798545
          12    -0.85604   -0.848427  0.00100516
          13    -0.84744   -0.848351 0.000927725
          14   -0.845888   -0.848175 0.000876745
          15     -0.8476   -0.848137 0.000817106
          16   -0.841448   -0.847719 0.000871197
          17   -0.845888   -0.847611 0.000825404
          18   -0.851264   -0.847814 0.000804222
          19   -0.845192   -0.847676 0.000773136
          20    -0.85112   -0.847848 0.000753402
          21   -0.845112   -0.847718 0.000728378
          22   -0.849256   -0.847788 0.000697991
          23   -0.850888   -0.847923 0.000680436
          24    -0.84516   -0.847808  0.00066156
          25   -0.848928   -0.847852 0.000636127
          26   -0.845728   -0.847771 0.000616609
          27   -0.848648   -0.847803 0.000594221
          28     -0.8472   -0.847782 0.000573011
          29   -0.846712   -0.847745 0.000554128
          30   -0.845696   -0.847677 0.000539677
          31   -0.850416   -0.847765 0.000529406
          32   -0.852328   -0.847908 0.000532059
          33   -0.854728   -0.848114 0.000555561
          34   -0.851136   -0.848203 0.000546252
          35   -0.845392   -0.848123 0.000536461
          36   -0.843608   -0.847997 0.000536218
          37   -0.849648   -0.848042 0.000523429
          38   -0.852992   -0.848172 0.000525858
          39   -0.845416   -0.848102  0.00051705
          40   -0.843784   -0.847994 0.000515388
          41   -0.845952   -0.847944 0.000505121
          42   -0.849048    -0.84797 0.000493648
          43   -0.855696    -0.84815 0.000514428
          44   -0.850992   -0.848214 0.000506734
          45   -0.843768   -0.848116 0.000505104
          46   -0.847592   -0.848104 0.000494133
          47   -0.843032   -0.847996 0.000495402
          48   -0.848624   -0.848009 0.000485148
          49   -0.856304   -0.848179 0.000504398
          50   -0.848672   -0.848188 0.000494305
           1   -0.782088   -0.782088           0
           2   -0.785088   -0.783588      0.0015
           3   -0.780136   -0.782437  0.00144015
           4   -0.779232   -0.781636  0.00129582
           5   -0.780416   -0.781392  0.00103297
           6   -0.781392   -0.781392 0.000843417
           7   -0.783072   -0.781632 0.000752136
           8    -0.78096   -0.781548 0.000656763
           9    -0.78388   -0.781807 0.000634526
          10    -0.78508   -0.782134 0.000655146
          11   -0.786304   -0.782513 0.000703462
          12   -0.778656   -0.782192 0.000718134
          13   -0.783256   -0.782274 0.000665638
          14   -0.783688   -0.782375 0.000624484
          15    -0.78256   -0.782387 0.000581494
          16   -0.781448   -0.782328 0.000547096
          17    -0.78196   -0.782307 0.000514364
          18   -0.784048   -0.782404 0.000494501
          19   -0.782136   -0.782389 0.000467963
          20    -0.78336   -0.782438 0.000446593
          21   -0.784624   -0.782542 0.000437363
          22   -0.784024   -0.782609 0.000422414
          23   -0.785752   -0.782746 0.000426129
          24   -0.785304   -0.782853 0.000421679
          25   -0.784424   -0.782916 0.000409315
          26   -0.782608   -0.782904 0.000393435
          27     -0.7862   -0.783026 0.000397781
          28   -0.784384   -0.783074 0.000386369
          29   -0.779408   -0.782948  0.00039366
          30   -0.782648   -0.782938 0.000380443
          31   -0.780704   -0.782866 0.000374956
          32   -0.786432   -0.782977 0.000379769
          33   -0.782096   -0.782951 0.000369049
          34   -0.779696   -0.782855 0.000370605
          35    -0.78748   -0.782987 0.000383357
          36     -0.7784    -0.78286 0.000393742
          37    -0.78168   -0.782828 0.000384277
          38   -0.786056   -0.782913 0.000383555
          39   -0.781792   -0.782884 0.000374694
          40    -0.77836   -0.782771 0.000382318
          41   -0.776904   -0.782628  0.00039939
          42   -0.787664   -0.782748 0.000407793
          43    -0.78596   -0.782822 0.000405144
          44    -0.78356   -0.782839 0.000396184
          45   -0.780904   -0.782796  0.00038966
          46   -0.778144   -0.782695 0.000394286
          47   -0.780688   -0.782652 0.000388161
          48   -0.781728   -0.782633 0.000380476
          49   -0.782792   -0.782636 0.000372645
          50   -0.780488   -0.782593 0.000367635
           1   -0.723568   -0.723568           0
           2    -0.72684   -0.725204    0.001636
           3   -0.722288   -0.724232  0.00135534
           4    -0.71864   -0.722834  0.00169496
           5   -0.720384   -0.722344  0.00140137
           6    -0.72588   -0.722933  0.00128706
           7   -0.723512   -0.723016   0.0010909
           8   -0.723848    -0.72312 0.000950457
           9   -0.722472   -0.723048 0.000841311
          10    -0.72072   -0.722815  0.00078768
          11   -0.722832   -0.722817 0.000712485
          12    -0.71888   -0.722489 0.000728459
          13   -0.721512   -0.722414 0.000674283
          14   -0.724016   -0.722528 0.000634672
          15   -0.716352   -0.722116 0.000720156
          16   -0.720016   -0.721985 0.000686315
          17   -0.721768   -0.721972 0.000644807
          18    -0.71768   -0.721734 0.000653024
          19   -0.720264   -0.721656 0.000622524
          20   -0.718904   -0.721519 0.000606401
          21    -0.72108   -0.721498 0.000577181
          22   -0.721328    -0.72149 0.000550374
          23   -0.719872    -0.72142 0.000530586
          24    -0.72092   -0.721399 0.000508424
          25   -0.724312   -0.721516 0.000501391
          26   -0.719448   -0.721436  0.00048824
          27   -0.718848    -0.72134 0.000479487
          28   -0.724544   -0.721455 0.000476003
          29   -0.720296   -0.721415  0.00046103
          30   -0.721072   -0.721403 0.000445544
          31   -0.720872   -0.721386 0.000431272
          32   -0.724648   -0.721488 0.000429839
          33   -0.723776   -0.721557  0.00042234
          34   -0.718248    -0.72146 0.000421133
          35    -0.72228   -0.721483 0.000409594
          36    -0.72148   -0.721483 0.000398054
          37   -0.721848   -0.721493 0.000387271
          38   -0.722232   -0.721513 0.000377443
          39   -0.721328   -0.721508 0.000367668
          40   -0.718888   -0.721442 0.000364295
          41   -0.722672   -0.721472 0.000356562
          42   -0.721112   -0.721464 0.000348075
          43   -0.723528   -0.721512 0.000343257
          44   -0.722312    -0.72153 0.000335858
          45   -0.724288   -0.721591 0.000333981
          46   -0.720352   -0.721564 0.000327749
          47   -0.722528   -0.721585 0.000321355
          48    -0.71632   -0.721475 0.000333162
          49   -0.721928   -0.721484 0.000326422
          50   -0.717848   -0.721412 0.000327992
           1   -0.665088   -0.665088           0
           2    -0.66868   -0.666884    0.001796
           3   -0.663384   -0.665717  0.00156087
           4      -0.665   -0.665538  0.00111818
           5    -0.66388   -0.665206 0.000927443
           6   -0.668536   -0.665761 0.000938821
           7     -0.6682    -0.66611 0.000866562
           8   -0.665048   -0.665977 0.000762109
           9    -0.66692   -0.666082 0.000680235
          10   -0.663984   -0.665872  0.00064357
          11   -0.665928   -0.665877 0.000582153
          12   -0.662336   -0.665582 0.000607863
          13   -0.667336   -0.665717 0.000575201
          14   -0.665528   -0.665703 0.000532703
          15   -0.662328   -0.665478 0.000544586
          16   -0.667032   -0.665576 0.000518585
          17   -0.664768   -0.665528 0.000489437
          18   -0.661552   -0.665307 0.000511589
          19   -0.664288   -0.665253 0.000486879
          20   -0.661664   -0.665074 0.000495537
          21    -0.66884   -0.665253 0.000504312
          22   -0.661704   -0.665092 0.000507186
          23   -0.665136   -0.665094 0.000484637
          24   -0.666576   -0.665156 0.000468096
          25    -0.66724   -0.665239 0.000456657
          26   -0.665888   -0.665264 0.000439452
          27   -0.665096   -0.665258 0.000422908
          28   -0.661896   -0.665138 0.000424843
          29    -0.66404     -0.6651 0.000411675
          30   -0.664064   -0.665065 0.000399212
          31   -0.666352   -0.665107 0.000388344
          32   -0.666736   -0.665158 0.000379444
          33   -0.666712   -0.665205 0.000370769
          34   -0.664376    -0.66518 0.000360524
          35   -0.665336   -0.665185   0.0003501
          36   -0.665672   -0.665198 0.000340505
          37   -0.664192   -0.665171  0.00033229
          38   -0.667496   -0.665232 0.000329162
          39   -0.664584   -0.665216 0.000321042
          40   -0.660256   -0.665092 0.000336585
          41   -0.666848   -0.665135 0.000331055
          42   -0.663936   -0.665106 0.000324335
          43    -0.66736   -0.665159 0.000321011
          44   -0.662056   -0.665088 0.000321459
          45   -0.666312   -0.665115 0.000315409
          46    -0.66552   -0.665124 0.000308602
          47   -0.665864    -0.66514 0.000302375
          48   -0.659528   -0.665023 0.000318259
          49   -0.663208   -0.664986 0.000313889
          50   -0.663032   -0.664947  0.00031002
           1   -0.613392   -0.613392           0
           2   -0.615296   -0.614344    0.000952
           3   -0.612056   -0.613581 0.000940086
           4   -0.612776    -0.61338 0.000694562
           5   -0.612832    -0.61327 0.000549055
           6   -0.614504   -0.613476   0.0004932
           7   -0.613832   -0.613527 0.000419921
           8   -0.613952    -0.61358 0.000367525
           9   -0.616712   -0.613928 0.000475565
          10   -0.614912   -0.614026 0.000436591
          11   -0.616008   -0.614207 0.000434059
          12    -0.61376   -0.614169 0.000397984
          13   -0.616088   -0.614317 0.000394723
          14   -0.612816    -0.61421 0.000380843
          15   -0.611944   -0.614059 0.000385381
          16   -0.614792   -0.614105 0.000363393
          17   -0.612992   -0.614039 0.000347564
          18   -0.611184    -0.61388 0.000364056
          19   -0.614456   -0.613911 0.000345693
          20   -0.611848   -0.613808 0.000343788
          21   -0.618016   -0.614008 0.000383529
          22    -0.61264   -0.613946 0.000370929
          23    -0.61512   -0.613997 0.000358093
          24   -0.616304   -0.614093  0.00035607
          25   -0.613512    -0.61407  0.00034232
          26   -0.614408   -0.614083 0.000329148
          27   -0.611288   -0.613979 0.000333208
          28   -0.608448   -0.613782 0.000376989
          29   -0.611456   -0.613702 0.000372493
          30   -0.613624   -0.613699 0.000359872
          31   -0.614672    -0.61373 0.000349482
          32    -0.61444   -0.613752  0.00033911
          33    -0.61412   -0.613764 0.000328862
          34   -0.612416   -0.613724 0.000321496
          35    -0.61456   -0.613748 0.000313088
          36   -0.612656   -0.613718 0.000305775
          37   -0.614224   -0.613731  0.00029771
          38   -0.613312    -0.61372  0.00028998
          39   -0.612064   -0.613678 0.000285621
          40   -0.606352   -0.613495  0.00033323
          41   -0.616616   -0.613571 0.000333799
          42   -0.613968    -0.61358 0.000325891
          43    -0.61416   -0.613594 0.000318508
          44   -0.612592   -0.613571 0.000312016
          45   -0.615192   -0.613607 0.000307124
          46   -0.611904    -0.61357 0.000302646
          47   -0.613136   -0.613561 0.000296281
          48   -0.611272   -0.613513 0.000293935
          49    -0.61584    -0.61356 0.000291765
          50   -0.611896   -0.613527 0.000287802
           1   -0.567968   -0.567968           0
           2    -0.56952   -0.568744    0.000776
           3   -0.567464   -0.568317 0.000618684
           4   -0.565704   -0.567664 0.000786276
           5    -0.56676   -0.567483 0.000635316
           6   -0.571528   -0.568157 0.000850611
           7   -0.569576    -0.56836 0.000746919
           8   -0.566776   -0.568162 0.000676476
           9   -0.569176   -0.568275 0.000607141
          10   -0.571992   -0.568646  0.00065809
          11   -0.568224   -0.568608 0.000596502
          12   -0.567456   -0.568512 0.000552927
          13   -0.571208   -0.568719 0.000549273
          14   -0.569792   -0.568796 0.000514267
          15   -0.568856     -0.5688 0.000478774
          16   -0.569176   -0.568824 0.000448468
          17   -0.568784   -0.568821 0.000421269
          18   -0.567336   -0.568739 0.000405656
          19   -0.569896     -0.5688 0.000388517
          20    -0.56552   -0.568636  0.00040341
          21    -0.57096   -0.568746 0.000399365
          22   -0.567544   -0.568692 0.000384681
          23   -0.568784   -0.568696 0.000367597
          24   -0.569008   -0.568709 0.000352188
          25    -0.56872   -0.568709 0.000337807
          26   -0.568904   -0.568717 0.000324641
          27   -0.566016   -0.568617 0.000328009
          28   -0.564712   -0.568477 0.000345472
          29   -0.564672   -0.568346 0.000358241
          30   -0.569488   -0.568384 0.000348181
          31   -0.567592   -0.568358  0.00033773
          32   -0.568864   -0.568374 0.000327387
          33   -0.567976   -0.568362  0.00031754
          34   -0.567904   -0.568349 0.000308354
          35    -0.57232   -0.568462 0.000320193
          36    -0.56724   -0.568428 0.000313018
          37    -0.56744   -0.568402  0.00030561
          38   -0.567952    -0.56839 0.000297694
          39    -0.56784   -0.568376 0.000290302
          40      -0.564   -0.568266 0.000303361
          41   -0.573592   -0.568396 0.000323129
          42   -0.569968   -0.568434 0.000317554
          43      -0.571   -0.568493 0.000315773
          44   -0.567904    -0.56848 0.000308804
          45   -0.570248   -0.568519  0.00030441
          46   -0.568632   -0.568522 0.000297729
          47   -0.566792   -0.568485  0.00029364
          48    -0.56808   -0.568476 0.000287582
          49   -0.570584   -0.568519 0.000284917
          50    -0.56864   -0.568522 0.000279171
           1    -0.52696    -0.52696           0
           2    -0.52876    -0.52786      0.0009
           3   -0.527608   -0.527776 0.000526361
           4   -0.526616   -0.527486 0.000471835
           5    -0.52708   -0.527405 0.000374393
           6   -0.529912   -0.527823 0.000517745
           7   -0.529944   -0.528126 0.000532268
           8   -0.526928   -0.527976 0.000484661
           9   -0.530104   -0.528212  0.00048847
          10    -0.53104   -0.528495 0.000520416
          11   -0.529128   -0.528553 0.000474236
          12   -0.527216   -0.528441 0.000447018
          13   -0.530568   -0.528605 0.000442543
          14   -0.529416   -0.528663 0.000413791
          15    -0.52764   -0.528595 0.000391207
          16   -0.528696   -0.528601 0.000365996
          17   -0.527496   -0.528536 0.000349884
          18    -0.52736   -0.528471 0.000336281
          19   -0.528624   -0.528479 0.000318193
          20   -0.524568   -0.528283 0.000359662
          21   -0.529144   -0.528324 0.000344554
          22    -0.52756   -0.528289  0.00033035
          23   -0.529368   -0.528336 0.000319125
          24   -0.530536   -0.528428 0.000318989
          25   -0.529296   -0.528463 0.000307927
          26   -0.527824   -0.528438 0.000296865
          27   -0.526304   -0.528359 0.000296393
          28   -0.525728   -0.528265 0.000300672
          29    -0.52632   -0.528198 0.000297771
          30   -0.530384   -0.528271 0.000296759
          31    -0.52796   -0.528261 0.000287202
          32   -0.529456   -0.528298 0.000280578
          33   -0.530128   -0.528354 0.000277538
          34   -0.527184   -0.528319 0.000271441
          35    -0.53044    -0.52838 0.000270446
          36   -0.526296   -0.528322 0.000269125
          37   -0.528992    -0.52834 0.000262376
          38   -0.528472   -0.528344 0.000255402
          39   -0.527384   -0.528319 0.000249981
          40   -0.523736   -0.528204 0.000269245
          41   -0.530528   -0.528261 0.000268642
          42   -0.531248   -0.528332 0.000271643
          43   -0.531528   -0.528407 0.000275466
          44   -0.526576   -0.528365 0.000272329
          45   -0.530248   -0.528407 0.000269477
          46   -0.527472   -0.528386 0.000264336
          47    -0.52596   -0.528335 0.000263753
          48    -0.52788   -0.528325 0.000258373
          49    -0.53012   -0.528362 0.000255682
          50   -0.530488   -0.528404 0.000254099
           1    -0.49308    -0.49308           0
           2   -0.494024   -0.493552    0.000472
           3   -0.491216   -0.492773 0.000824975
           4   -0.490752   -0.492268 0.000771786
           5   -0.493768   -0.492568 0.000668874
           6    -0.49628   -0.493187 0.000825233
           7   -0.494968   -0.493441 0.000742424
           8    -0.49252   -0.493326 0.000653187
           9   -0.494904   -0.493501 0.000602149
          10   -0.495048   -0.493656 0.000560347
          11   -0.493872   -0.493676 0.000507233
          12   -0.493224   -0.493638 0.000464565
          13    -0.49428   -0.493687 0.000430182
          14    -0.49444   -0.493741 0.000401883
          15   -0.493072   -0.493697 0.000376783
          16   -0.494176   -0.493726 0.000353719
          17   -0.491592   -0.493601 0.000355194
          18   -0.493272   -0.493583 0.000335378
          19   -0.494352   -0.493623  0.00031981
          20   -0.489048   -0.493394 0.000379975
          21    -0.49372    -0.49341  0.00036176
          22   -0.491472   -0.493322 0.000355995
          23    -0.49688   -0.493477 0.000373692
          24   -0.495296   -0.493552 0.000365726
          25   -0.494704   -0.493598 0.000353804
          26   -0.493392    -0.49359 0.000340017
          27      -0.492   -0.493532 0.000332442
          28   -0.490888   -0.493437 0.000333972
          29   -0.492168   -0.493393 0.000325208
          30   -0.494912   -0.493444 0.000318233
          31   -0.492216   -0.493404 0.000310334
          32   -0.492744   -0.493384 0.000301188
          33   -0.492528   -0.493358 0.000293068
          34   -0.492344   -0.493328 0.000285877
          35   -0.496472   -0.493418 0.000291761
          36   -0.491616   -0.493368 0.000287925
          37   -0.493088    -0.49336 0.000280137
          38     -0.4936   -0.493367 0.000272738
          39   -0.492992   -0.493357 0.000265827
          40   -0.490928   -0.493296 0.000266116
          41   -0.494448   -0.493324  0.00026106
          42   -0.494624   -0.493355 0.000256641
          43    -0.49384   -0.493367 0.000250855
          44     -0.4926   -0.493349 0.000245706
          45    -0.49264   -0.493333   0.0002407
          46    -0.49348   -0.493337 0.000235431
          47   -0.493104   -0.493332 0.000230421
          48   -0.494216    -0.49335  0.00022632
          49   -0.493088   -0.493345 0.000221718
          50   -0.494176   -0.493361 0.000217874
           1   -0.460208   -0.460208           0
           2   -0.461544   -0.460876    0.000668
           3   -0.460704   -0.460819 0.000389908
           4   -0.460752   -0.460802  0.00027621
           5     -0.4606   -0.460762 0.000217732
           6    -0.46504   -0.461475 0.000734894
           7   -0.462616   -0.461638 0.000642143
           8   -0.462168   -0.461704 0.000560049
           9   -0.463024   -0.461851 0.000515233
          10   -0.464648    -0.46213 0.000539094
          11   -0.462624   -0.462175 0.000489689
          12   -0.463136   -0.462255 0.000454136
          13   -0.461736   -0.462215  0.00041965
          14   -0.463296   -0.462293 0.000396114
          15   -0.462056   -0.462277 0.000369099
          16      -0.463   -0.462322 0.000348206
          17    -0.46164   -0.462282 0.000329534
          18   -0.462336   -0.462285 0.000310702
          19    -0.46268   -0.462306  0.00029463
          20   -0.459328   -0.462157  0.00031669
          21   -0.460776   -0.462091 0.000308325
          22     -0.4602   -0.462005 0.000306285
          23   -0.466616   -0.462206 0.000354744
          24   -0.464616   -0.462306  0.00035418
          25   -0.464744   -0.462404 0.000353437
          26   -0.463064   -0.462429 0.000340521
          27    -0.46044   -0.462355 0.000335844
          28   -0.459512   -0.462254 0.000339185
          29    -0.46172   -0.462235 0.000327797
          30    -0.46288   -0.462257  0.00031741
          31   -0.460712   -0.462207 0.000311018
          32   -0.462928   -0.462229 0.000301984
          33   -0.463368   -0.462264 0.000294716
          34     -0.4612   -0.462233 0.000287624
          35   -0.462616   -0.462244   0.0002795
          36   -0.461624   -0.462226  0.00027217
          37   -0.461208   -0.462199 0.000266139
          38   -0.463008    -0.46222 0.000259915
          39   -0.461512   -0.462202 0.000253813
          40   -0.460232   -0.462153 0.000252241
          41   -0.462688   -0.462166 0.000246358
          42   -0.462232   -0.462167 0.000240426
          43    -0.46272    -0.46218  0.00023512
          44   -0.457704   -0.462079 0.000251233
          45    -0.46016   -0.462036  0.00024926
          46   -0.462416   -0.462044 0.000243921
          47   -0.461768   -0.462038 0.000238747
          48   -0.462088   -0.462039 0.000233723
          49   -0.461928   -0.462037 0.000228914
          50   -0.463528   -0.462067 0.000226263
           1   -0.965304   -0.965304           0
           2   -0.981144   -0.973224     0.00792
           3   -0.976552   -0.974333  0.00470525
           4   -0.971808   -0.973702  0.00338649
           5   -0.969624   -0.972886  0.00274703
           6     -0.9688   -0.972205  0.00234406
           7    -0.96656   -0.971399  0.00213896
           8   -0.975104   -0.971862  0.00190941
           9   -0.978328    -0.97258   0.0018308
          10   -0.971896   -0.972512  0.00163895
          11   -0.973624   -0.972613  0.00148593
          12    -0.97256   -0.972609  0.00135647
          13   -0.973112   -0.972647  0.00124837
          14   -0.964048   -0.972033  0.00130885
          15   -0.976048   -0.972301  0.00124752
          16   -0.975472   -0.972499  0.00118366
          17   -0.971832    -0.97246  0.00111255
          18    -0.97996   -0.972876  0.00112865
          19   -0.977192   -0.973104  0.00109149
          20     -0.9806   -0.973478  0.00110123
          21   -0.978624   -0.973723  0.00107576
          22   -0.978256   -0.973929  0.00104618
          23   -0.979184   -0.974158  0.00102544
          24   -0.969656    -0.97397 0.000999538
          25   -0.971824   -0.973884  0.00096256
          26   -0.972552   -0.973833 0.000926217
          27    -0.97756   -0.973971 0.000901877
          28   -0.963528   -0.973598 0.000945724
          29   -0.973104   -0.973581 0.000912689
          30   -0.985296   -0.973972  0.00096434
          31   -0.975736   -0.974029 0.000934448
          32   -0.981984   -0.974277 0.000938309
          33   -0.982552   -0.974528 0.000943366
          34    -0.97868    -0.97465 0.000923311
          35   -0.962832   -0.974312 0.000958021
          36   -0.970432   -0.974205 0.000937248
          37   -0.978696   -0.974326 0.000919612
          38    -0.97252   -0.974279 0.000896345
          39    -0.97092   -0.974192 0.000877296
          40   -0.970792   -0.974107 0.000859298
          41      -0.976   -0.974154 0.000839348
          42   -0.974448   -0.974161  0.00081915
          43   -0.974672   -0.974172 0.000799961
          44   -0.972376   -0.974132 0.000782635
          45   -0.978992    -0.97424 0.000772632
          46   -0.967072   -0.974084 0.000771547
          47    -0.97888   -0.974186 0.000761818
          48   -0.976856   -0.974241 0.000747849
          49   -0.972232     -0.9742 0.000733575
          50     -0.9638   -0.973992 0.000748248
           1    -0.91844    -0.91844           0
           2   -0.913976   -0.916208    0.002232
           3   -0.922312   -0.918243  0.00240842
           4   -0.908808   -0.915884  0.00290922
           5   -0.912576   -0.915222  0.00234858
           6   -0.911736   -0.914641  0.00200371
           7   -0.905304   -0.913307   0.0021557
           8   -0.909136   -0.912786  0.00193835
           9   -0.907536   -0.912203  0.00180625
          10   -0.920216   -0.913004  0.00180338
          11   -0.905392   -0.912312  0.00177193
          12   -0.918384   -0.912818  0.00169484
          13   -0.910112    -0.91261  0.00157286
          14   -0.911976   -0.912565  0.00145689
          15   -0.915336   -0.912749  0.00136881
          16   -0.913312   -0.912784  0.00128089
          17   -0.912792   -0.912785  0.00120319
          18   -0.922528   -0.913326   0.0012569
          19   -0.914336   -0.913379   0.0011901
          20   -0.911568   -0.913289  0.00113265
          21   -0.914176   -0.913331  0.00107819
          22   -0.914056   -0.913364  0.00102854
          23    -0.91384   -0.913385 0.000983027
          24   -0.917136   -0.913541 0.000954067
          25   -0.909376   -0.913374  0.00093015
          26   -0.911768   -0.913313 0.000895793
          27   -0.909256   -0.913162 0.000874973
          28    -0.89896   -0.912655 0.000983958
          29    -0.91636   -0.912783 0.000957979
          30   -0.916064   -0.912892 0.000931936
          31   -0.915064   -0.912962 0.000904091
          32   -0.919952   -0.913181 0.000902222
          33   -0.910888   -0.913111  0.00087721
          34     -0.9074   -0.912943 0.000867439
          35   -0.906712   -0.912765 0.000860901
          36    -0.91876   -0.912932 0.000853056
          37    -0.92044   -0.913135 0.000854135
          38    -0.91868   -0.913281 0.000844065
          39   -0.911712    -0.91324  0.00082312
          40   -0.912864   -0.913231 0.000802334
          41   -0.918344   -0.913356 0.000792395
          42   -0.913696   -0.913364 0.000773341
          43   -0.912864   -0.913352 0.000755231
          44      -0.915    -0.91339 0.000738817
          45   -0.912136   -0.913362 0.000722749
          46   -0.912168   -0.913336 0.000707339
          47   -0.918904   -0.913454 0.000702192
          48   -0.916816   -0.913524 0.000690966
          49   -0.918736   -0.913631 0.000685025
          50   -0.922328   -0.913805 0.000693359
           1   -0.850432   -0.850432           0
           2   -0.848616   -0.849524    0.000908
           3    -0.84828   -0.849109 0.000668408
           4   -0.845056   -0.848096  0.00111814
           5   -0.849328   -0.848342 0.000900472
           6   -0.847104   -0.848136 0.000763654
           7    -0.85016   -0.848425 0.000707214
           8    -0.85368   -0.849082 0.000898095
           9   -0.850736   -0.849266 0.000813087
          10   -0.850984   -0.849438 0.000747269
          11   -0.846712    -0.84919 0.000719915
          12   -0.857352    -0.84987 0.000945804
          13   -0.850096   -0.849887 0.000870187
          14   -0.848664     -0.8498 0.000810362
          15   -0.843976   -0.849412 0.000848457
          16   -0.851648   -0.849552 0.000805872
          17   -0.847912   -0.849455 0.000763103
          18   -0.844944   -0.849204  0.00076186
          19   -0.849832   -0.849237 0.000721404
          20   -0.848064   -0.849179 0.000686895
          21   -0.848184   -0.849131 0.000655082
          22   -0.852024   -0.849263 0.000638285
          23   -0.849112   -0.849256 0.000609938
          24   -0.845824   -0.849113 0.000601228
          25    -0.84924   -0.849118   0.0005767
          26   -0.849064   -0.849116 0.000554079
          27   -0.844568   -0.848948 0.000559142
          28    -0.84708   -0.848881 0.000542917
          29   -0.849952   -0.848918 0.000525161
          30     -0.8458   -0.848814  0.00051789
          31   -0.849648   -0.848841 0.000501628
          32   -0.852024    -0.84894 0.000495779
          33   -0.846448   -0.848865 0.000486421
          34   -0.849632   -0.848888 0.000472436
          35   -0.848416   -0.848874 0.000458937
          36   -0.855192    -0.84905 0.000479293
          37   -0.849824    -0.84907 0.000466629
          38   -0.848024   -0.849043 0.000455018
          39   -0.850712   -0.849086 0.000445258
          40   -0.848368   -0.849068 0.000434355
          41   -0.849048   -0.849067 0.000423629
          42   -0.843256   -0.848929 0.000435959
          43   -0.844912   -0.848836 0.000435829
          44   -0.845392   -0.848757 0.000432941
          45   -0.842256   -0.848613 0.000447191
          46   -0.847632   -0.848591 0.000437881
          47   -0.845256   -0.848521 0.000434301
          48    -0.84804    -0.84851 0.000425274
          49   -0.855176   -0.848647 0.000438156
          50    -0.84412   -0.848556 0.000438745
           1   -0.780704   -0.780704           0
           2    -0.78172   -0.781212    0.000508
           3   -0.787344   -0.783256  0.00206494
           4    -0.77716   -0.781732  0.00211058
           5   -0.784344   -0.782254  0.00171629
           6    -0.78304   -0.782385  0.00140744
           7   -0.783488   -0.782543  0.00119989
           8   -0.784568   -0.782796  0.00106953
           9   -0.781912   -0.782698 0.000948334
          10    -0.78268   -0.782696 0.000848218
          11   -0.779128   -0.782372  0.00083299
          12   -0.787304   -0.782783 0.000864392
          13   -0.781752   -0.782703 0.000799067
          14   -0.785288   -0.782888  0.00076248
          15   -0.775824   -0.782417 0.000851844
          16    -0.78196   -0.782388 0.000797339
          17   -0.780784   -0.782294 0.000754893
          18   -0.783208   -0.782345 0.000713528
          19   -0.783528   -0.782407 0.000677796
          20   -0.784112   -0.782492  0.00064864
          21   -0.782928   -0.782513 0.000617328
          22   -0.779048   -0.782356 0.000609309
          23   -0.783512   -0.782406 0.000584382
          24   -0.782376   -0.782405 0.000559504
          25    -0.78508   -0.782512 0.000547223
          26    -0.78308   -0.782534 0.000526209
          27    -0.77836   -0.782379 0.000529414
          28   -0.780176     -0.7823 0.000516187
          29   -0.784584   -0.782379 0.000504256
          30     -0.7862   -0.782506 0.000503532
          31   -0.780336   -0.782436 0.000492025
          32     -0.7876   -0.782598 0.000502987
          33    -0.78268     -0.7826 0.000487514
          34   -0.780264   -0.782532 0.000477923
          35   -0.781728   -0.782509 0.000464635
          36   -0.781216   -0.782473 0.000452969
          37    -0.78476   -0.782534 0.000444873
          38   -0.783384   -0.782557 0.000433584
          39   -0.781528    -0.78253 0.000423143
          40   -0.780008   -0.782467 0.000417222
          41   -0.781224   -0.782437 0.000408048
          42   -0.781944   -0.782425 0.000398387
          43   -0.785176   -0.782489 0.000394236
          44   -0.785392   -0.782555 0.000390781
          45    -0.78092   -0.782519 0.000383723
          46     -0.7832   -0.782534  0.00037558
          47   -0.784016   -0.782565 0.000368853
          48   -0.781768   -0.782549 0.000361468
          49   -0.785272   -0.782604 0.000358351
          50    -0.78372   -0.782627 0.000351819
           1   -0.715816   -0.715816           0
           2   -0.724648   -0.720232    0.004416
           3   -0.724784   -0.721749  0.00296693
           4    -0.72016   -0.721352  0.00213523
           5   -0.720072   -0.721096  0.00167364
           6   -0.721312   -0.721132  0.00136699
           7   -0.720408   -0.721029  0.00115994
           8   -0.722648   -0.721231  0.00102473
           9   -0.720664   -0.721168  0.00090592
          10    -0.72348   -0.721399 0.000842619
          11   -0.718416   -0.721128 0.000808989
          12   -0.720056   -0.721039 0.000743886
          13   -0.720896   -0.721028 0.000684364
          14   -0.721712   -0.721077 0.000635481
          15   -0.719216   -0.720953 0.000604464
          16   -0.718128   -0.720776 0.000592341
          17   -0.719136    -0.72068 0.000564709
          18   -0.720432   -0.720666  0.00053259
          19   -0.720912   -0.720679 0.000503947
          20   -0.721768   -0.720733 0.000481178
          21    -0.72172    -0.72078 0.000460097
          22    -0.72016   -0.720752 0.000439591
          23   -0.722248   -0.720817 0.000425049
          24   -0.719816   -0.720775 0.000409086
          25   -0.725784   -0.720976  0.00044057
          26    -0.72024   -0.720947 0.000424231
          27    -0.71704   -0.720803 0.000433109
          28    -0.72104   -0.720811 0.000417441
          29   -0.724944   -0.720954 0.000427257
          30   -0.718608   -0.720875  0.00042011
          31   -0.719864   -0.720843  0.00040764
          32    -0.72504   -0.720974 0.000415918
          33   -0.717392   -0.720865 0.000417476
          34   -0.720448   -0.720853 0.000405197
          35   -0.718672   -0.720791 0.000398354
          36   -0.720752    -0.72079 0.000387132
          37   -0.722896   -0.720847 0.000380803
          38   -0.721184   -0.720856 0.000370753
          39   -0.720672   -0.720851 0.000361152
          40   -0.719776   -0.720824 0.000353031
          41   -0.717592   -0.720745 0.000353222
          42   -0.724064   -0.720824  0.00035365
          43   -0.719936   -0.720804 0.000345945
          44   -0.720912   -0.720806    0.000338
          45   -0.718496   -0.720755 0.000334368
          46   -0.721024   -0.720761  0.00032707
          47   -0.718144   -0.720705 0.000324842
          48   -0.718024   -0.720649  0.00032287
          49   -0.725848   -0.720755 0.000333538
          50   -0.721872   -0.720777 0.000327562
           1   -0.663408   -0.663408           0
           2   -0.667304   -0.665356    0.001948
           3   -0.665936   -0.665549  0.00114117
           4   -0.661992    -0.66466  0.00120086
           5   -0.664064   -0.664541 0.000937785
           6   -0.666896   -0.664933 0.000860451
           7    -0.66484    -0.66492 0.000727336
           8   -0.663128   -0.664696 0.000668535
           9    -0.66556   -0.664792 0.000597357
          10   -0.663696   -0.664682 0.000545418
          11   -0.663856   -0.664607 0.000499036
          12   -0.664128   -0.664567 0.000457303
          13   -0.663392   -0.664477 0.000430264
          14   -0.666728   -0.664638 0.000429574
          15   -0.661272   -0.664413 0.000458559
          16   -0.664232   -0.664402 0.000429092
          17   -0.663912   -0.664373 0.000404091
          18   -0.661832   -0.664232 0.000406297
          19    -0.66664   -0.664359 0.000404676
          20   -0.665144   -0.664398 0.000385912
          21    -0.66664   -0.664505 0.000382286
          22   -0.663512    -0.66446 0.000367278
          23   -0.665552   -0.664507 0.000354146
          24   -0.665552   -0.664551 0.000341852
          25   -0.666504   -0.664629 0.000337074
          26   -0.664824   -0.664636 0.000323937
          27   -0.659152   -0.664433  0.00037205
          28   -0.665104   -0.664457 0.000359316
          29   -0.665024   -0.664477 0.000347255
          30   -0.662784    -0.66442 0.000340192
          31   -0.660856   -0.664305 0.000348545
          32   -0.666464   -0.664373 0.000344153
          33    -0.66336   -0.664342  0.00033497
          34   -0.665392   -0.664373 0.000326433
          35   -0.665648   -0.664409 0.000319056
          36   -0.665264   -0.664433 0.000310974
          37   -0.665152   -0.664453 0.000303076
          38   -0.662184   -0.664393 0.000300972
          39   -0.663024   -0.664358 0.000295247
          40   -0.663472   -0.664336 0.000288622
          41   -0.663848   -0.664324 0.000281746
          42   -0.667248   -0.664393 0.000283634
          43   -0.665856   -0.664427 0.000279041
          44   -0.663792   -0.664413 0.000273007
          45   -0.660896   -0.664335  0.00027808
          46   -0.665576   -0.664362 0.000273303
          47   -0.662632   -0.664325 0.000269945
          48    -0.66552    -0.66435 0.000265432
          49   -0.667152   -0.664407 0.000266174
          50   -0.668096   -0.664481 0.000271031
           1   -0.612872   -0.612872           0
           2   -0.614152   -0.613512     0.00064
           3   -0.611648   -0.612891 0.000722903
           4    -0.61148   -0.612538 0.000621022
           5   -0.610656   -0.612162 0.000610801
           6   -0.615448   -0.612709 0.000740763
           7   -0.616944   -0.613314 0.000870585
           8   -0.614272   -0.613434 0.000763394
           9   -0.615112    -0.61362 0.000698589
          10    -0.60956   -0.613214  0.00074518
          11   -0.612528   -0.613152 0.000676923
          12   -0.614136   -0.613234  0.00062336
          13   -0.612296   -0.613162  0.00057793
          14   -0.612648   -0.613125 0.000536317
          15    -0.61172   -0.613031 0.000507995
          16   -0.612488   -0.612998 0.000476399
          17   -0.610704   -0.612863 0.000467393
          18   -0.612536   -0.612844 0.000441036
          19   -0.614552   -0.612934 0.000426748
          20   -0.613568   -0.612966 0.000406087
          21   -0.615008   -0.613063 0.000398317
          22   -0.610864   -0.612963 0.000392717
          23   -0.613528   -0.612988 0.000376056
          24   -0.614072   -0.613033 0.000362869
          25   -0.612112   -0.612996 0.000349996
          26    -0.61188   -0.612953 0.000338995
          27   -0.611696   -0.612907 0.000329504
          28   -0.613528   -0.612929 0.000318293
          29   -0.610192   -0.612834 0.000321294
          30    -0.61104   -0.612775 0.000316111
          31   -0.611184   -0.612723 0.000310019
          32    -0.61348   -0.612747 0.000301105
          33   -0.612656   -0.612744 0.000291851
          34    -0.61256   -0.612739 0.000283189
          35   -0.617336    -0.61287 0.000304738
          36   -0.616032   -0.612958 0.000308902
          37   -0.614912   -0.613011 0.000305043
          38   -0.611424   -0.612969 0.000299829
          39   -0.609752   -0.612887 0.000303466
          40   -0.612472   -0.612876 0.000295964
          41    -0.61668   -0.612969 0.000303198
          42   -0.614688    -0.61301 0.000298708
          43   -0.614752    -0.61305 0.000294479
          44   -0.613368   -0.613058 0.000287799
          45   -0.611304   -0.613019 0.000284017
          46   -0.614528   -0.613051 0.000279705
          47   -0.614072   -0.613073  0.00027455
          48   -0.615368   -0.613121 0.000272988
          49    -0.61548   -0.613169 0.000271659
          50    -0.61408   -0.613187 0.000266793
           1   -0.569968   -0.569968           0
           2   -0.568104   -0.569036    0.000932
           3   -0.567456   -0.568509  0.00075294
           4    -0.56452   -0.567512  0.00113055
           5   -0.567464   -0.567502 0.000875769
           6   -0.570448   -0.567993  0.00086737
           7   -0.569928    -0.56827 0.000783432
           8   -0.568968   -0.568357 0.000684063
           9   -0.570344   -0.568578 0.000642416
          10   -0.567232   -0.568443 0.000590144
          11    -0.56964   -0.568552  0.00054478
          12    -0.56936   -0.568619 0.000501852
          13   -0.570152   -0.568737 0.000476453
          14    -0.57024   -0.568845 0.000453983
          15   -0.566944   -0.568718 0.000441219
          16   -0.567928   -0.568669 0.000415665
          17   -0.567864   -0.568621 0.000393306
          18   -0.567816   -0.568576 0.000373501
          19   -0.570392   -0.568672 0.000365991
          20   -0.566544   -0.568566 0.000363147
          21   -0.568952   -0.568584 0.000345911
          22   -0.566944   -0.568509 0.000338133
          23   -0.572024   -0.568662 0.000357409
          24   -0.569144   -0.568682 0.000342782
          25   -0.566536   -0.568596 0.000339809
          26   -0.566128   -0.568502 0.000340002
          27    -0.56812   -0.568487 0.000327473
          28   -0.570848   -0.568572 0.000326628
          29   -0.567008   -0.568518 0.000319743
          30    -0.56648    -0.56845 0.000316282
          31   -0.566288    -0.56838 0.000313757
          32   -0.570696   -0.568453 0.000312296
          33     -0.5676   -0.568427 0.000303785
          34   -0.564648   -0.568316 0.000314973
          35   -0.571488   -0.568406 0.000318991
          36   -0.572184   -0.568511 0.000327283
          37    -0.56836   -0.568507 0.000318341
          38    -0.56892   -0.568518 0.000310041
          39   -0.566088   -0.568456 0.000308347
          40   -0.567888   -0.568441 0.000300874
          41   -0.571008   -0.568504 0.000300047
          42   -0.571592   -0.568578 0.000301905
          43   -0.568512   -0.568576 0.000294805
          44     -0.5704   -0.568617 0.000290994
          45   -0.568568   -0.568616 0.000284457
          46   -0.570648   -0.568661 0.000281688
          47    -0.56784   -0.568643 0.000276182
          48   -0.571344   -0.568699  0.00027616
          49   -0.567976   -0.568685 0.000270868
          50   -0.569608   -0.568703 0.000266037
           1   -0.528512   -0.528512           0
           2   -0.530088     -0.5293    0.000788
           3   -0.527472   -0.528691  0.00076044
           4   -0.526008    -0.52802 0.000859609
           5   -0.527288   -0.527874 0.000681755
           6   -0.529544   -0.528152 0.000622388
           7    -0.52988   -0.528399 0.000581058
           8   -0.527784   -0.528322 0.000509047
           9   -0.529776   -0.528484 0.000477121
          10   -0.525856   -0.528221 0.000501155
          11      -0.527    -0.52811 0.000466699
          12   -0.527632    -0.52807 0.000427893
          13   -0.529112    -0.52815 0.000401683
          14   -0.531456   -0.528386  0.00044052
          15   -0.529232   -0.528443 0.000413959
          16   -0.527096   -0.528359 0.000396265
          17    -0.52328    -0.52806 0.000477279
          18   -0.525832   -0.527936 0.000466693
          19    -0.52944   -0.528015 0.000448488
          20   -0.526288   -0.527929 0.000434149
          21   -0.528032   -0.527934 0.000412987
          22    -0.52752   -0.527915 0.000394216
          23   -0.526048   -0.527834 0.000385333
          24   -0.530832   -0.527959 0.000389506
          25   -0.525136   -0.527846 0.000390289
          26   -0.524816   -0.527729 0.000392667
          27     -0.5284   -0.527754  0.00037866
          28   -0.530216   -0.527842  0.00037533
          29    -0.52636   -0.527791 0.000365744
          30   -0.527616   -0.527785 0.000353391
          31    -0.52988   -0.527853 0.000348417
          32    -0.52868   -0.527878 0.000338343
          33   -0.531752   -0.527996 0.000348304
          34    -0.52712    -0.52797 0.000338885
          35   -0.528824   -0.527995 0.000329964
          36   -0.530496   -0.528064 0.000328109
          37   -0.529704   -0.528108 0.000322182
          38       -0.53   -0.528158 0.000317515
          39    -0.52968   -0.528197 0.000311719
          40     -0.5296   -0.528232 0.000305843
          41   -0.530792   -0.528295 0.000304755
          42    -0.53056   -0.528349 0.000302261
          43   -0.530208   -0.528392 0.000298299
          44   -0.528936   -0.528404 0.000291703
          45   -0.528464   -0.528406  0.00028515
          46    -0.52768    -0.52839 0.000279328
          47   -0.529008   -0.528403 0.000273637
          48   -0.526608   -0.528365 0.000270473
          49   -0.526984   -0.528337 0.000266391
          50   -0.528208   -0.528335 0.000261022
           1   -0.492448   -0.492448           0
           2   -0.495072    -0.49376    0.001312
           3   -0.496024   -0.494515  0.00106925
           4     -0.4906   -0.493536  0.00123671
           5   -0.490504    -0.49293  0.00113375
           6   -0.495136   -0.493297 0.000996068
           7   -0.495904    -0.49367 0.000920514
           8    -0.49496   -0.493831 0.000813341
           9   -0.494816    -0.49394 0.000725601
          10    -0.49228   -0.493774 0.000669901
          11   -0.492904   -0.493695 0.000611093
          12    -0.49204   -0.493557  0.00057465
          13   -0.494288   -0.493614 0.000531581
          14   -0.494848   -0.493702 0.000499985
          15   -0.494472   -0.493753 0.000468285
          16   -0.492512   -0.493675 0.000444855
          17   -0.493408    -0.49366 0.000418165
          18    -0.49232   -0.493585 0.000401214
          19   -0.493216   -0.493566 0.000380008
          20    -0.49036   -0.493406 0.000394537
          21   -0.494416   -0.493454 0.000378352
          22   -0.492056    -0.49339 0.000366296
          23   -0.494568   -0.493441 0.000353734
          24   -0.496944   -0.493587 0.000368781
          25    -0.49236   -0.493538 0.000357113
          26   -0.489848   -0.493396 0.000371301
          27   -0.491952   -0.493343 0.000361267
          28    -0.49536   -0.493415 0.000355502
          29    -0.49016   -0.493303 0.000360919
          30    -0.49296   -0.493291 0.000348868
          31   -0.492224   -0.493257 0.000339178
          32   -0.494032   -0.493281   0.0003293
          33   -0.494824   -0.493328 0.000322572
          34   -0.493696   -0.493339 0.000313128
          35    -0.49124   -0.493279 0.000309906
          36   -0.495424   -0.493338 0.000307014
          37   -0.495728   -0.493403 0.000305506
          38    -0.49348   -0.493405 0.000297365
          39   -0.493632   -0.493411 0.000289699
          40   -0.493704   -0.493418 0.000282458
          41   -0.493152   -0.493412 0.000275559
          42   -0.496288    -0.49348 0.000277503
          43   -0.493552   -0.493482 0.000270978
          44   -0.493144   -0.493474 0.000264859
          45   -0.490376   -0.493405 0.000267903
          46   -0.493352   -0.493404 0.000262016
          47    -0.49456   -0.493429 0.000257558
          48   -0.492096   -0.493401 0.000253659
          49   -0.492928   -0.493391 0.000248616
          50    -0.49248   -0.493373 0.000244273
           1   -0.461688   -0.461688           0
           2   -0.463496   -0.462592    0.000904
           3   -0.462008   -0.462397 0.000557046
           4   -0.458624   -0.461454  0.00102227
           5   -0.459872   -0.461138 0.000852717
           6    -0.46316   -0.461475  0.00077354
           7    -0.46228    -0.46159 0.000663807
           8    -0.46152   -0.461581 0.000574939
           9   -0.465264    -0.46199 0.000651584
          10   -0.459352   -0.461726 0.000639727
          11   -0.463944   -0.461928 0.000612768
          12   -0.461304   -0.461876  0.00056179
          13   -0.465256   -0.462136 0.000578492
          14   -0.463304   -0.462219 0.000542038
          15   -0.464448   -0.462368 0.000526027
          16   -0.464696   -0.462514 0.000513115
          17   -0.460592     -0.4624 0.000495063
          18     -0.4626   -0.462412 0.000466882
          19    -0.46192   -0.462386 0.000442383
          20   -0.459616   -0.462247 0.000441939
          21      -0.465   -0.462378 0.000440333
          22   -0.460392   -0.462288 0.000429439
          23    -0.46244   -0.462295 0.000410396
          24   -0.463784   -0.462357 0.000397795
          25    -0.46256   -0.462365 0.000381638
          26   -0.459824   -0.462267 0.000379465
          27    -0.46044   -0.462199 0.000371358
          28   -0.464584   -0.462285 0.000367844
          29   -0.459616   -0.462193 0.000366668
          30   -0.462568   -0.462205 0.000354456
          31   -0.460776   -0.462159 0.000345916
          32   -0.463416   -0.462198 0.000337228
          33   -0.462544   -0.462209 0.000327017
          34   -0.461176   -0.462178 0.000318704
          35   -0.461912   -0.462171 0.000309558
          36   -0.465952   -0.462276 0.000318645
          37    -0.46152   -0.462255 0.000310586
          38   -0.460552   -0.462211 0.000305607
          39    -0.46036   -0.462163 0.000301426
          40    -0.46324    -0.46219 0.000295025
          41   -0.462632   -0.462201 0.000287941
          42   -0.465088    -0.46227 0.000289288
          43   -0.463224   -0.462292 0.000283351
          44      -0.464   -0.462331 0.000279546
          45   -0.460136   -0.462282  0.00027758
          46   -0.463248   -0.462303  0.00027229
          47   -0.461696    -0.46229 0.000266747
          48   -0.461488   -0.462273 0.000261664
          49   -0.459952   -0.462226  0.00026061
          50   -0.460984   -0.462201 0.000256549
