           1    0.480121    0.480121           0
           2    0.354564    0.417343   0.0627786
           3    0.416391    0.417025   0.0362467
           4    0.356542    0.401905   0.0297581
           5    0.370925    0.395709   0.0238688
           6    0.382977    0.393587   0.0196039
           7     0.30394     0.38078   0.0209409
           8    0.365726    0.378898   0.0182327
           9    0.393085    0.380475   0.0161568
          10    0.369953    0.379422   0.0144894
          11    0.404912     0.38174   0.0133094
          12     0.28509    0.373686   0.0145769
          13    0.311972    0.368938   0.0142243
          14    0.414041     0.37216   0.0135575
          15    0.340015    0.370017    0.012802
          16    0.221731    0.360749   0.0151426
          17    0.274423    0.355671   0.0151032
          18    0.386719    0.357396   0.0143436
          19    0.265113    0.352539   0.0144108
          20    0.334129    0.351619   0.0137023
          21    0.367315    0.352366   0.0130549
          22    0.317982    0.350803   0.0125451
          23    0.355798     0.35102   0.0119892
          24     0.32276    0.349843    0.011539
          25    0.318064    0.348572   0.0111406
          26    0.360376    0.349026   0.0107132
          27    0.358975    0.349394   0.0103153
          28     0.29335    0.347392   0.0101396
          29     0.31306    0.346209  0.00985509
          30    0.343438    0.346116  0.00952137
          31    0.380862    0.347237  0.00927707
          32     0.25097    0.344229  0.00947286
          33    0.332765    0.343881  0.00918789
          34    0.260084    0.341417  0.00924802
          35    0.435904    0.344116  0.00937693
          36    0.302732    0.342967  0.00918495
          37     0.41646    0.344953  0.00915142
          38    0.287954    0.343453  0.00903276
          39    0.329792    0.343103  0.00880507
          40    0.278186     0.34148  0.00873422
          41    0.328672    0.341168  0.00852425
          42    0.322939    0.340734  0.00833013
          43    0.216146    0.337836  0.00863473
          44    0.324435    0.337532   0.0084417
          45    0.341092    0.337611  0.00825235
          46    0.340978    0.337684  0.00807129
          47    0.287553    0.336617  0.00796939
          48    0.398686     0.33791  0.00790804
          49    0.267929    0.336482  0.00787554
          50    0.314214    0.336037  0.00772927
           1    0.480671    0.480671           0
           2    0.411399    0.446035   0.0346361
           3    0.439884    0.443985    0.020102
           4     0.45486    0.446703   0.0144719
           5    0.394875    0.436338    0.015268
           6    0.445468    0.437859   0.0125588
           7    0.391846    0.431286   0.0124847
           8    0.438343    0.432168    0.010848
           9    0.407054    0.429378  0.00996565
          10    0.459917    0.432432  0.00942221
          11    0.436431    0.432795  0.00853046
          12    0.419825    0.431714  0.00786186
          13    0.428726    0.431484  0.00723551
          14    0.383504    0.428057  0.00752457
          15    0.378709    0.424767  0.00773907
          16    0.439091    0.425663  0.00729437
          17    0.452923    0.427266  0.00703701
          18    0.453492    0.428723  0.00679266
          19    0.387705    0.426564   0.0067782
          20    0.404801    0.425476  0.00652179
          21    0.418455    0.425142  0.00621246
          22    0.450407     0.42629  0.00603365
          23    0.432009    0.426539  0.00577071
          24    0.397752    0.425339  0.00565374
          25    0.437381    0.425821  0.00544422
          26    0.448663      0.4267   0.0053039
          27    0.402239    0.425794  0.00518346
          28    0.383433    0.424281    0.005219
          29    0.455101    0.425343  0.00514675
          30    0.420935    0.425197   0.0049744
          31    0.389805    0.424055  0.00494486
          32    0.452353    0.424939  0.00486882
          33    0.428898    0.425059  0.00472049
          34    0.436455    0.425394   0.0045918
          35     0.37732    0.424021  0.00466545
          36    0.388363     0.42303  0.00464094
          37    0.421355    0.422985  0.00451399
          38    0.456584    0.423869  0.00448168
          39     0.41806     0.42372   0.0043678
          40    0.448649    0.424343  0.00430257
          41    0.380629    0.423277  0.00432965
          42    0.448984    0.423889  0.00426941
          43     0.40845     0.42353  0.00418437
          44    0.438557    0.423872  0.00410241
          45    0.435367    0.424127  0.00401834
          46    0.449437    0.424677  0.00396834
          47    0.385818    0.423851  0.00397004
          48    0.467186    0.424753  0.00398993
          49    0.437441    0.425012  0.00391622
          50    0.423763    0.424987  0.00383718
           1     0.47482     0.47482           0
           2    0.428453    0.451637   0.0231834
           3    0.386268    0.429847   0.0255723
           4    0.446488    0.434007   0.0185547
           5     0.46215    0.439636   0.0154353
           6    0.472653    0.445139   0.0137519
           7    0.469254    0.448584   0.0121223
           8    0.424754    0.445605   0.0109126
           9    0.426651    0.443499  0.00985175
          10    0.426421    0.441791  0.00897563
          11    0.446288      0.4422  0.00812905
          12     0.43235    0.441379  0.00746603
          13    0.429776    0.440487  0.00692551
          14    0.412292    0.438473  0.00672063
          15    0.445487     0.43894  0.00627402
          16    0.431986    0.438506  0.00588488
          17    0.466492    0.440152   0.0057678
          18    0.434288    0.439826  0.00544768
          19    0.424444    0.439017   0.0052162
          20     0.42384    0.438258  0.00500637
          21    0.418308    0.437308  0.00485584
          22    0.446057    0.437705  0.00464691
          23    0.443788     0.43797  0.00444814
          24     0.44107    0.438099  0.00426073
          25    0.417473    0.437274   0.0041692
          26    0.433037    0.437111  0.00400895
          27    0.415707    0.436318  0.00393823
          28     0.43225    0.436173  0.00379775
          29     0.43023    0.435968  0.00367018
          30    0.477565    0.437355   0.0038072
          31    0.438824    0.437402  0.00368265
          32    0.437777    0.437414  0.00356573
          33    0.448404    0.437747  0.00347199
          34    0.447512    0.438034  0.00338055
          35    0.432529    0.437877  0.00328631
          36    0.424833    0.437514  0.00321421
          37    0.439928     0.43758  0.00312681
          38    0.452313    0.437967  0.00306801
          39    0.423358    0.437593   0.0030117
          40    0.417031    0.437079   0.0029801
          41    0.444232    0.437253  0.00291174
          42    0.443054    0.437391  0.00284492
          43    0.408953     0.43673  0.00285562
          44    0.422661     0.43641  0.00280823
          45    0.448741    0.436684  0.00275875
          46    0.437447    0.436701  0.00269816
          47    0.399732    0.435914  0.00275481
          48     0.43369    0.435868  0.00269721
          49    0.438433     0.43592  0.00264211
          50    0.462325    0.436448  0.00264204
           1    0.435366    0.435366           0
           2     0.42983    0.432598  0.00276809
           3    0.414332     0.42651   0.0062948
           4    0.426197    0.426431  0.00445178
           5    0.433737    0.427892  0.00374509
           6    0.406372    0.424306  0.00471324
           7    0.467333    0.430453  0.00732464
           8    0.408946    0.427764  0.00688946
           9    0.420662    0.426975  0.00612697
          10    0.412443    0.425522  0.00566954
          11    0.430694    0.425992   0.0051498
          12    0.430597    0.426376  0.00471673
          13    0.413711    0.425402   0.0044468
          14     0.41826    0.424891  0.00414841
          15    0.430121     0.42524  0.00387767
          16    0.417834    0.424777  0.00365664
          17    0.414972      0.4242  0.00348291
          18    0.439682     0.42506  0.00339449
          19    0.416385    0.424604  0.00324316
          20    0.433475    0.425047  0.00310854
          21     0.43281    0.425417  0.00297983
          22    0.412975    0.424852  0.00289689
          23    0.407856    0.424113  0.00286501
          24    0.437985    0.424691  0.00280328
          25    0.401477    0.423762  0.00284462
          26     0.42525    0.423819  0.00273362
          27    0.446349    0.424654  0.00275961
          28    0.428781    0.424801  0.00266331
          29    0.412204    0.424367  0.00260628
          30    0.426674    0.424444  0.00251908
          31    0.405069    0.423819  0.00251534
          32    0.457125     0.42486  0.00264855
          33    0.433467     0.42512  0.00258026
          34    0.430515    0.425279  0.00250824
          35    0.431125    0.425446  0.00244125
          36    0.430413    0.425584  0.00237647
          37     0.41611    0.425328  0.00232549
          38    0.424995    0.425319  0.00226349
          39    0.418322     0.42514  0.00221197
          40    0.437338    0.425445  0.00217742
          41    0.431106    0.425583  0.00212814
          42    0.441307    0.425957  0.00211032
          43    0.408607    0.425554  0.00209979
          44    0.436891    0.425811  0.00206763
          45    0.453575    0.426428  0.00211323
          46    0.425613    0.426411  0.00206685
          47    0.447584    0.426861  0.00207197
          48    0.427979    0.426884  0.00202848
          49    0.441984    0.427193   0.0020104
          50    0.410704    0.426863   0.0019972
           1    0.409603    0.409603           0
           2    0.405657     0.40763  0.00197304
           3    0.397747    0.404336  0.00348557
           4    0.410423    0.405857  0.00289662
           5    0.400761    0.404838  0.00246439
           6    0.394102    0.403049  0.00269271
           7    0.403907    0.403171  0.00227905
           8    0.389947    0.401518  0.00257453
           9    0.401202    0.401483  0.00227079
          10    0.398312    0.401166  0.00205566
          11    0.406571    0.401657  0.00192324
          12    0.408543    0.402231  0.00184706
          13    0.389089     0.40122  0.00197706
          14    0.398831     0.40105  0.00183834
          15    0.391913    0.400441  0.00181657
          16    0.407167    0.400861  0.00175048
          17    0.387362    0.400067  0.00182599
          18    0.405093    0.400346  0.00174406
          19    0.386166      0.3996  0.00181068
          20    0.393947    0.399317  0.00174086
          21    0.381836    0.398485  0.00185335
          22    0.385461    0.397893  0.00186362
          23    0.397963    0.397896  0.00178076
          24    0.383013    0.397276  0.00181422
          25    0.386617    0.396849   0.0017916
          26    0.396735    0.396845  0.00172132
          27    0.404996    0.397147  0.00168363
          28    0.400813    0.397278  0.00162767
          29    0.389709    0.397017  0.00159208
          30    0.386227    0.396657  0.00157958
          31    0.400577    0.396784    0.001533
          32    0.390777    0.396596  0.00149615
          33    0.395841    0.396573  0.00145028
          34    0.399529     0.39666  0.00140966
          35    0.396321     0.39665  0.00136883
          36     0.40459    0.396871  0.00134842
          37    0.385975    0.396576  0.00134413
          38    0.412303     0.39699  0.00137218
          39     0.38964    0.396802  0.00134976
          40    0.402779    0.396951  0.00132404
          41    0.382118    0.396589  0.00134106
          42    0.400293    0.396677  0.00131171
          43    0.400041    0.396756  0.00128323
          44    0.411019     0.39708  0.00129496
          45    0.401647    0.397181  0.00126991
          46    0.389178    0.397007  0.00125413
          47    0.396959    0.397006  0.00122715
          48    0.387407    0.396806  0.00121785
          49     0.39104    0.396689  0.00119853
          50    0.392695    0.396609  0.00117702
           1    0.358084    0.358084           0
           2    0.360996     0.35954  0.00145641
           3    0.360276    0.359785 0.000875926
           4    0.364573    0.360982  0.00134777
           5    0.359157    0.360617  0.00110595
           6    0.349914    0.358833   0.0019994
           7    0.363468    0.359496  0.00181485
           8    0.359213     0.35946  0.00157211
           9    0.359172    0.359428  0.00138684
          10    0.367067    0.360192  0.00145678
          11    0.362611    0.360412  0.00133592
          12    0.364144    0.360723  0.00125856
          13    0.353862    0.360195  0.00127233
          14    0.339676    0.358729  0.00188033
          15    0.354161    0.358425  0.00177679
          16    0.374379    0.359422  0.00193821
          17    0.349091    0.358814  0.00191937
          18    0.361067     0.35894  0.00181392
          19    0.351524    0.358549  0.00175963
          20    0.352516    0.358248  0.00169637
          21    0.352387    0.357969  0.00163752
          22    0.357457    0.357945  0.00156149
          23    0.350183    0.357608  0.00152975
          24    0.341369    0.356931  0.00161335
          25    0.342602    0.356358  0.00165021
          26    0.358458    0.356439  0.00158753
          27    0.371506    0.356997  0.00162633
          28    0.363989    0.357247  0.00158694
          29    0.366244    0.357557  0.00156236
          30    0.361537    0.357689   0.0015152
          31    0.370994    0.358119  0.00152706
          32    0.353098    0.357962  0.00148688
          33    0.358218     0.35797  0.00144114
          34    0.360767    0.358052  0.00140053
          35    0.349983    0.357821  0.00137932
          36    0.356152    0.357775  0.00134126
          37    0.360725    0.357855  0.00130695
          38    0.367712    0.358114  0.00129827
          39    0.354256    0.358015   0.0012684
          40    0.354691    0.357932  0.00123908
          41    0.357002    0.357909  0.00120869
          42    0.364601    0.358069  0.00119027
          43    0.350338    0.357889  0.00117609
          44    0.363927    0.358026  0.00115721
          45    0.365696    0.358197  0.00114397
          46    0.360907    0.358255  0.00112038
          47    0.353623    0.358157   0.0011007
          48    0.350375    0.357995  0.00108965
          49    0.357835    0.357992  0.00106719
          50    0.370425     0.35824  0.00107479
           1    0.313106    0.313106           0
           2    0.318407    0.315757  0.00265023
           3    0.318268    0.316594  0.00174407
           4    0.317975    0.316939  0.00128067
           5    0.320404    0.317632  0.00121004
           6    0.312429    0.316765  0.00131452
           7    0.313993    0.316369  0.00117944
           8    0.312912    0.315937  0.00110907
           9    0.321479    0.316553  0.00115584
          10    0.312629     0.31616  0.00110575
          11    0.315112    0.316065  0.00100472
          12    0.314974    0.315974 0.000921674
          13    0.315471    0.315935   0.0008487
          14    0.315092    0.315875 0.000788051
          15    0.316606    0.315924 0.000735251
          16    0.328541    0.316712  0.00104635
          17    0.318731    0.316831 0.000990021
          18    0.328368    0.317472  0.00113228
          19    0.313771    0.317277   0.0010886
          20    0.315913    0.317209  0.00103499
          21    0.314071     0.31706 0.000995747
          22    0.313965    0.316919 0.000959771
          23    0.312046    0.316707 0.000941252
          24    0.316027    0.316679 0.000901625
          25    0.314804    0.316604 0.000868054
          26    0.315406    0.316558  0.00083527
          27    0.328521    0.317001  0.00091778
          28    0.308318    0.316691 0.000937183
          29    0.326187    0.317018  0.00096175
          30    0.319526    0.317102 0.000932893
          31    0.329757     0.31751 0.000990359
          32    0.313358     0.31738 0.000967647
          33    0.316628    0.317357 0.000938143
          34    0.320084    0.317438 0.000913658
          35    0.327196    0.317716  0.00092995
          36    0.310069    0.317504 0.000928379
          37    0.321598    0.317615 0.000909693
          38    0.309896    0.317412 0.000908432
          39    0.312173    0.317277  0.00089497
          40    0.310056    0.317097 0.000890791
          41    0.315096    0.317048 0.000870163
          42    0.327953    0.317308 0.000888003
          43    0.315146    0.317257 0.000868561
          44    0.323922    0.317409 0.000862006
          45    0.319941    0.317465 0.000844509
          46    0.316744    0.317449 0.000826095
          47    0.316741    0.317434 0.000808468
          48    0.311583    0.317312 0.000800778
          49    0.318399    0.317335 0.000784579
          50    0.332243    0.317633 0.000824528
           1    0.284354    0.284354           0
           2    0.284456    0.284405  5.0558e-05
           3    0.287207    0.285339 0.000934403
           4    0.276687    0.283176  0.00226158
           5    0.287708    0.284082  0.00197243
           6    0.276916    0.282888  0.00200504
           7    0.282142    0.282782  0.00169792
           8    0.285413     0.28311  0.00150677
           9    0.285175     0.28334  0.00134851
          10    0.277861    0.282792  0.00132474
          11    0.276996    0.282265  0.00130902
          12    0.285185    0.282508  0.00121948
          13     0.28442    0.282655  0.00113136
          14     0.27734    0.282276  0.00111412
          15    0.275839    0.281847  0.00112246
          16    0.294499    0.282637  0.00131444
          17    0.290863    0.283121  0.00132612
          18    0.288125    0.283399  0.00128081
          19    0.285343    0.283502  0.00121584
          20    0.285335    0.283593  0.00115708
          21    0.282084    0.283521  0.00110295
          22    0.278418    0.283289   0.0010769
          23     0.28058    0.283172  0.00103574
          24    0.278606    0.282981  0.00100973
          25    0.279591    0.282846 0.000977941
          26    0.284106    0.282894 0.000940824
          27    0.288545    0.283103 0.000929189
          28    0.281378    0.283042 0.000897508
          29    0.284209    0.283082 0.000866942
          30    0.280739    0.283004  0.00084118
          31    0.291642    0.283283 0.000859987
          32    0.280125    0.283184 0.000838506
          33    0.281422    0.283131 0.000814453
          34    0.277956    0.282978 0.000804661
          35    0.285847     0.28306 0.000785619
          36    0.274569    0.282824 0.000799092
          37    0.278716    0.282713 0.000785085
          38     0.27445    0.282496 0.000794485
          39    0.277151    0.282359 0.000785889
          40    0.277937    0.282248 0.000773925
          41    0.281058    0.282219  0.00075537
          42    0.285286    0.282292 0.000740774
          43    0.283291    0.282316 0.000723714
          44    0.283443    0.282341 0.000707539
          45    0.282131    0.282337 0.000691653
          46    0.280316    0.282293 0.000677875
          47    0.280187    0.282248 0.000664806
          48    0.277231    0.282143 0.000659147
          49    0.291496    0.282334 0.000673181
          50    0.287665    0.282441 0.000668142
           1    0.250644    0.250644           0
           2    0.253133    0.251889   0.0012445
           3    0.260457    0.254745   0.0029452
           4    0.248034    0.253067  0.00267425
           5    0.252708    0.252995  0.00207271
           6    0.247114    0.252015  0.00195575
           7    0.245331     0.25106  0.00190887
           8    0.245758    0.250398  0.00178106
           9    0.248044    0.250136  0.00159236
          10    0.248156    0.249938  0.00143796
          11    0.239843     0.24902  0.00159186
          12    0.259905    0.249927    0.001713
          13    0.255762    0.250376  0.00163841
          14    0.243427     0.24988  0.00159603
          15    0.250351    0.249911  0.00148615
          16    0.258002    0.250417  0.00147929
          17    0.257298    0.250822   0.0014473
          18    0.250124    0.250783  0.00136508
          19    0.249952    0.250739  0.00129198
          20    0.246482    0.250526  0.00124402
          21     0.24595    0.250308   0.0012032
          22    0.246585    0.250139  0.00115962
          23     0.24641    0.249977  0.00111986
          24     0.24707    0.249856    0.001079
          25    0.252711     0.24997  0.00104123
          26    0.255428     0.25018  0.00102217
          27     0.25467    0.250346  0.00099754
          28    0.249276    0.250308 0.000962014
          29    0.248355    0.250241 0.000930687
          30    0.255973    0.250432 0.000919205
          31    0.259765    0.250733 0.000938649
          32    0.250024    0.250711 0.000909113
          33    0.251501    0.250735  0.00088146
          34    0.244677    0.250556 0.000873507
          35    0.255653    0.250702 0.000860593
          36     0.24598    0.250571  0.00084657
          37    0.245211    0.250426 0.000836016
          38    0.245668    0.250301 0.000823297
          39     0.24384    0.250135 0.000818842
          40    0.252514    0.250195 0.000800321
          41    0.251691    0.250231  0.00078141
          42    0.252637    0.250288 0.000764727
          43    0.251431    0.250315 0.000747203
          44    0.250933    0.250329 0.000730159
          45    0.250009    0.250322 0.000713785
          46    0.246663    0.250242 0.000702612
          47    0.245121    0.250133 0.000696082
          48    0.247983    0.250089 0.000682897
          49    0.251803    0.250124 0.000669729
          50    0.254839    0.250218  0.00066294
           1    0.222983    0.222983           0
           2     0.22661    0.224797  0.00181398
           3    0.230993    0.226862  0.00231589
           4    0.221418    0.225501   0.0021293
           5    0.222862    0.224973  0.00173173
           6    0.220282    0.224191  0.00161571
           7    0.222994     0.22402  0.00137619
           8    0.214235    0.222797  0.00170783
           9    0.219394    0.222419  0.00155289
          10    0.218284    0.222006  0.00144919
          11    0.215901    0.221451  0.00142347
          12    0.227546    0.221959  0.00139519
          13    0.225831    0.222257  0.00131751
          14    0.216845     0.22187  0.00127957
          15    0.216908    0.221539  0.00123629
          16    0.229072     0.22201  0.00124861
          17    0.225782    0.222232  0.00119367
          18    0.222385     0.22224  0.00112543
          19    0.222491    0.222254  0.00106463
          20    0.218489    0.222065  0.00102739
          21    0.220002    0.221967 0.000982171
          22    0.218791    0.221823 0.000947527
          23    0.222722    0.221862 0.000906237
          24    0.217819    0.221693 0.000883856
          25      0.2241     0.22179 0.000853212
          26    0.226265    0.221962 0.000837619
          27    0.220405    0.221904 0.000808059
          28    0.219524    0.221819 0.000783291
          29    0.220944    0.221789 0.000756401
          30    0.229489    0.222046 0.000774517
          31    0.227117    0.222209 0.000766768
          32    0.218528    0.222094  0.00075128
          33    0.222834    0.222117 0.000728503
          34    0.216711    0.221958 0.000724413
          35    0.223856    0.222012 0.000705499
          36    0.223436    0.222051 0.000686762
          37    0.217538    0.221929 0.000678991
          38    0.218778    0.221846 0.000666064
          39    0.216658    0.221713  0.00066226
          40     0.22226    0.221727 0.000645636
          41    0.216822    0.221607 0.000640954
          42    0.219945    0.221568 0.000626757
          43    0.222123    0.221581 0.000612144
          44    0.225294    0.221665 0.000603996
          45     0.21851    0.221595 0.000594569
          46    0.219686    0.221554 0.000582979
          47    0.218055    0.221479 0.000575276
          48    0.219164    0.221431 0.000565226
          49    0.223634    0.221476 0.000555393
          50    0.224005    0.221526 0.000546518
           1    0.196495    0.196495           0
           2    0.195966    0.196231 0.000264629
           3    0.203826    0.198762  0.00253626
           4    0.198745    0.198758  0.00179342
           5    0.198784    0.198763  0.00138918
           6    0.195922     0.19829  0.00122911
           7    0.199822    0.198509  0.00106161
           8    0.195113    0.198084  0.00101262
           9    0.196926    0.197956  0.00090228
          10    0.196526    0.197813 0.000819588
          11     0.19341    0.197412 0.000842487
          12    0.203101    0.197886  0.00090345
          13     0.19743    0.197851 0.000831793
          14    0.191728    0.197414 0.000885623
          15    0.195015    0.197254 0.000839836
          16    0.200548     0.19746 0.000812115
          17    0.202234    0.197741 0.000812907
          18    0.198596    0.197788 0.000767886
          19     0.19577    0.197682 0.000734072
          20    0.195586    0.197577 0.000704241
          21    0.196116    0.197508 0.000673469
          22    0.195995    0.197439 0.000645795
          23    0.197569    0.197445 0.000617105
          24    0.193506     0.19728 0.000613204
          25    0.197731    0.197298 0.000588441
          26    0.200415    0.197418  0.00057792
          27    0.195426    0.197345  0.00056098
          28    0.199009    0.197404 0.000543833
          29    0.195103    0.197325 0.000530709
          30    0.204336    0.197558 0.000563473
          31    0.197558    0.197558 0.000544994
          32    0.199045    0.197605 0.000529729
          33    0.199582    0.197665  0.00051691
          34    0.198622    0.197693 0.000502266
          35     0.20003     0.19776 0.000492257
          36    0.202403    0.197889 0.000495471
          37     0.19413    0.197787 0.000492486
          38    0.196695    0.197758 0.000480211
          39    0.192511    0.197624   0.0004867
          40    0.195083     0.19756 0.000478609
          41    0.193886    0.197471 0.000475316
          42    0.198038    0.197484 0.000464057
          43    0.197196    0.197477 0.000453186
          44     0.20185    0.197577 0.000453783
          45     0.19348    0.197486 0.000452831
          46    0.194151    0.197413 0.000448772
          47    0.191509    0.197288 0.000456736
          48    0.196614    0.197274  0.00044734
          49    0.195566    0.197239   0.0004395
          50    0.200288      0.1973 0.000434918
           1     0.39143     0.39143           0
           2    0.255418    0.323424   0.0680056
           3    0.321014    0.322621   0.0392713
           4    0.328978     0.32421   0.0278144
           5    0.352164    0.329801   0.0222585
           6     0.38336    0.338727   0.0202479
           7    0.366177    0.342649   0.0175562
           8    0.327878    0.340802   0.0153158
           9    0.302481    0.336544   0.0141625
          10    0.342129    0.337103   0.0126796
          11    0.322557    0.335781   0.0115451
          12    0.356289     0.33749   0.0106769
          13    0.350127    0.338462  0.00986929
          14    0.384819    0.341773  0.00971866
          15    0.302796    0.339175  0.00941332
          16    0.319739     0.33796  0.00888874
          17    0.372129     0.33997  0.00858803
          18    0.278208    0.336539   0.0087939
          19    0.292375    0.334214  0.00863685
          20    0.276344    0.331321  0.00868954
          21    0.289797    0.329343  0.00849862
          22    0.282016    0.327192  0.00838382
          23    0.288635    0.325516  0.00818454
          24     0.35844    0.326888  0.00795528
          25    0.343239    0.327542  0.00765842
          26    0.338153     0.32795  0.00736928
          27    0.275225    0.325997  0.00735506
          28    0.379207    0.327897  0.00733785
          29    0.373465    0.329469  0.00725257
          30    0.213014    0.325587  0.00801009
          31    0.300428    0.324775  0.00778978
          32    0.251501    0.322485  0.00788235
          33    0.254633    0.320429  0.00791161
          34    0.274788    0.319087  0.00779189
          35    0.387004    0.321027  0.00781087
          36    0.340731    0.321575  0.00761051
          37    0.289516    0.320708   0.0074525
          38     0.33985    0.321212   0.0072712
          39    0.370903    0.322486  0.00719601
          40    0.366851    0.323595  0.00710095
          41    0.321792    0.323551  0.00692573
          42    0.312299    0.323283  0.00676413
          43    0.316114    0.323117  0.00660705
          44    0.356439    0.323874  0.00649942
          45    0.286005    0.323032  0.00640884
          46    0.387053    0.324424  0.00642062
          47    0.288901    0.323668  0.00632783
          48    0.298247    0.323139   0.0062172
          49    0.368412    0.324063  0.00615869
          50     0.39468    0.325475  0.00619734
           1    0.443925    0.443925           0
           2    0.450371    0.447148  0.00322278
           3    0.439945    0.444747  0.00303755
           4    0.429389    0.440907  0.00439936
           5    0.429586    0.438643  0.00409137
           6    0.478242    0.445243  0.00739711
           7     0.43153    0.443284  0.00655145
           8    0.409114    0.439013  0.00710174
           9    0.456351    0.440939  0.00655274
          10    0.438148     0.44066  0.00586759
          11    0.445847    0.441132  0.00532834
          12    0.449887    0.441861  0.00491851
          13    0.423326    0.440436  0.00474371
          14    0.395997    0.437261  0.00541881
          15    0.451485     0.43821  0.00513298
          16    0.414001    0.436697  0.00503421
          17    0.438367    0.436795  0.00472984
          18    0.443078    0.437144  0.00447298
          19    0.405349    0.435471  0.00454992
          20    0.445721    0.435983  0.00434676
          21    0.431337    0.435762   0.0041405
          22    0.423975    0.435226    0.003984
          23     0.44919    0.435833  0.00385496
          24     0.44347    0.436151  0.00370453
          25    0.411694    0.435173  0.00368548
          26    0.402868    0.433931  0.00375256
          27    0.399499    0.432655  0.00382948
          28    0.384629     0.43094  0.00406932
          29    0.481727    0.432691  0.00429933
          30    0.446545    0.433153  0.00417914
          31    0.396795     0.43198   0.0042088
          32    0.427929    0.431854  0.00407712
          33    0.401516    0.430934  0.00405717
          34    0.425122    0.430763  0.00393974
          35    0.445887    0.431196  0.00384985
          36    0.428126     0.43111  0.00374235
          37    0.458581    0.431853  0.00371475
          38    0.436281    0.431969  0.00361755
          39    0.421769    0.431708  0.00353327
          40    0.480525    0.432928  0.00365366
          41    0.440859    0.433122  0.00356868
          42    0.401564     0.43237   0.0035628
          43     0.43084    0.432335  0.00347914
          44    0.420956    0.432076  0.00340897
          45    0.449922    0.432473  0.00335587
          46    0.432864    0.432481  0.00328212
          47    0.410442    0.432012  0.00324558
          48    0.436424    0.432104  0.00317857
          49    0.380024    0.431041  0.00328947
          50    0.453872    0.431498  0.00325519
           1    0.440098    0.440098           0
           2     0.45555    0.447824  0.00772622
           3    0.436894    0.444181  0.00575957
           4    0.476403    0.452236  0.00902652
           5    0.441602    0.450109  0.00730822
           6    0.436257    0.447801  0.00639819
           7    0.469035    0.450834  0.00620024
           8     0.43388    0.448715  0.00577268
           9    0.463495    0.450357  0.00534935
          10    0.454924    0.450814  0.00480635
          11     0.45213    0.450934  0.00434915
          12    0.438327    0.449883  0.00410685
          13    0.431037    0.448433  0.00404637
          14    0.443086    0.448051  0.00376563
          15    0.449415    0.448142  0.00350679
          16      0.4827    0.450302  0.00392753
          17    0.443759    0.449917  0.00370929
          18     0.43169    0.448905   0.0036408
          19    0.445098    0.448704  0.00344968
          20     0.44622     0.44858  0.00327501
          21    0.419817     0.44721  0.00340296
          22    0.470855    0.448285  0.00341797
          23    0.433663    0.447649  0.00332728
          24     0.41885    0.446449  0.00340414
          25     0.42548    0.445611  0.00337115
          26    0.411532      0.4443  0.00349406
          27     0.44042    0.444156  0.00336523
          28    0.443934    0.444148  0.00324283
          29    0.450362    0.444363  0.00313634
          30    0.439522    0.444201  0.00303429
          31    0.453128    0.444489  0.00294887
          32    0.446855    0.444563  0.00285618
          33    0.447552    0.444654  0.00276976
          34    0.434252    0.444348  0.00270442
          35    0.413666    0.443471  0.00276847
          36    0.456019     0.44382  0.00271295
          37     0.45086     0.44401  0.00264546
          38     0.45232    0.444229  0.00258417
          39    0.457385    0.444566  0.00253955
          40    0.450829    0.444723  0.00248019
          41    0.414954    0.443997  0.00252556
          42    0.433622     0.44375  0.00247704
          43    0.418315    0.443158  0.00249002
          44    0.434229    0.442955  0.00244122
          45    0.468602    0.443525  0.00245347
          46    0.449449    0.443654    0.002403
          47    0.417892    0.443106  0.00241436
          48      0.4386    0.443012  0.00236539
          49    0.439457    0.442939  0.00231775
          50    0.447324    0.443027  0.00227261
           1    0.415778    0.415778           0
           2    0.424133    0.419955  0.00417776
           3    0.406754    0.415555   0.0050182
           4    0.446365    0.423257  0.00848067
           5    0.450412    0.428688  0.00852333
           6    0.417917    0.426893  0.00718709
           7    0.431228    0.427512   0.0061057
           8    0.390804    0.422924  0.00700102
           9    0.446929    0.425591  0.00672579
          10    0.430069    0.426039  0.00603237
          11    0.458081    0.428952  0.00618533
          12    0.429957    0.429036  0.00564703
          13    0.424907    0.428718  0.00520421
          14    0.431009    0.428882  0.00482094
          15    0.429766    0.428941  0.00448844
          16    0.421496    0.428475  0.00422426
          17    0.448711    0.429666  0.00414269
          18    0.418515    0.429046  0.00395459
          19    0.421374    0.428642   0.0037624
          20    0.423626    0.428391  0.00357812
          21    0.420826    0.428031  0.00342249
          22     0.43811    0.428489  0.00329522
          23    0.424252    0.428305  0.00315408
          24    0.416574    0.427816  0.00305911
          25    0.410812    0.427136    0.003012
          26     0.42714    0.427136  0.00289383
          27    0.442018    0.427687  0.00283862
          28    0.446119    0.428346  0.00281345
          29    0.446783    0.428981  0.00278816
          30    0.434648     0.42917  0.00270023
          31    0.438952    0.429486  0.00263067
          32    0.426256    0.429385  0.00254913
          33    0.425814    0.429277  0.00247305
          34    0.438582     0.42955  0.00241477
          35    0.436488    0.429749  0.00235312
          36    0.426927     0.42967  0.00228817
          37    0.443323    0.430039  0.00225585
          38    0.416713    0.429689  0.00222351
          39    0.431968    0.429747  0.00216654
          40    0.449932    0.430252  0.00217114
          41    0.418434    0.429963  0.00213705
          42    0.419195    0.429707  0.00210125
          43    0.441392    0.429979  0.00206972
          44    0.425718    0.429882  0.00202445
          45    0.434745     0.42999   0.0019819
          46    0.442752    0.430267  0.00195809
          47    0.420762    0.430065  0.00192662
          48    0.403878     0.42952  0.00196338
          49    0.438996    0.429713  0.00193259
          50    0.438812    0.429895  0.00190227
           1    0.393961    0.393961           0
           2    0.403735    0.398848  0.00488723
           3    0.380515    0.392737  0.00673089
           4    0.407589     0.39645  0.00603642
           5    0.408172    0.398794  0.00523056
           6    0.388795    0.397128   0.0045844
           7    0.403722     0.39807   0.0039874
           8     0.38059    0.395885  0.00408643
           9    0.387684    0.394974  0.00371729
          10    0.395136     0.39499  0.00332489
          11     0.40902    0.396265  0.00326677
          12    0.396165    0.396257  0.00298215
          13    0.386241    0.395487  0.00284932
          14    0.403714    0.396074  0.00270262
          15    0.397198    0.396149  0.00251711
          16    0.392953    0.395949  0.00236301
          17    0.408141    0.396667  0.00233264
          18     0.38944    0.396265  0.00223557
          19    0.400627    0.396495  0.00212706
          20    0.384611      0.3959  0.00210357
          21     0.40366     0.39627  0.00203472
          22     0.39352    0.396145  0.00194405
          23    0.403203    0.396452  0.00188278
          24    0.390928    0.396222  0.00181726
          25    0.397533    0.396274  0.00174385
          26    0.403727    0.396561  0.00169978
          27    0.397813    0.396607  0.00163627
          28    0.394957    0.396548  0.00157785
          29    0.397588    0.396584  0.00152289
          30    0.398465    0.396647  0.00147259
          31    0.396535    0.396643   0.0014243
          32    0.412094    0.397126  0.00146115
          33     0.38282    0.396692  0.00148105
          34    0.420646    0.397397  0.00160026
          35    0.403656    0.397576  0.00156413
          36    0.418251     0.39815  0.00162493
          37    0.407772     0.39841  0.00160166
          38    0.404623    0.398574  0.00156749
          39    0.412332    0.398926    0.001567
          40     0.40452    0.399066  0.00153371
          41    0.395185    0.398972  0.00149882
          42    0.393367    0.398838  0.00146878
          43    0.404522     0.39897  0.00144029
          44     0.39026    0.398772  0.00142103
          45     0.40591    0.398931  0.00139812
          46    0.405167    0.399067  0.00137409
          47    0.404697    0.399186  0.00134987
          48     0.39082    0.399012  0.00133289
          49    0.390415    0.398837  0.00131714
          50    0.399088    0.398842  0.00129054
           1    0.360527    0.360527           0
           2    0.367721    0.364124  0.00359722
           3     0.36399    0.364079  0.00207734
           4    0.361478    0.363429  0.00160641
           5    0.358302    0.362404  0.00161245
           6    0.360606    0.362104  0.00135023
           7    0.342751    0.359339  0.00299093
           8    0.367456    0.360354  0.00278187
           9     0.35994    0.360308  0.00245381
          10    0.361567    0.360434  0.00219836
          11    0.348995    0.359394  0.00224399
          12    0.350953    0.358691  0.00216588
          13    0.357397    0.358591   0.0019948
          14    0.365891    0.359112  0.00191903
          15    0.358338    0.359061  0.00178726
          16     0.35411    0.358751  0.00170023
          17    0.373895    0.359642  0.00182872
          18    0.364611    0.359918  0.00174609
          19    0.362109    0.360034  0.00165565
          20    0.345828    0.359323  0.00172381
          21    0.366533    0.359667  0.00167523
          22    0.358937    0.359633  0.00159761
          23     0.35852    0.359585  0.00152734
          24    0.351597    0.359252  0.00149971
          25    0.357548    0.359184  0.00144009
          26    0.360144    0.359221  0.00138408
          27    0.346703    0.358757  0.00141022
          28     0.35089    0.358476  0.00138767
          29    0.365559    0.358721  0.00136105
          30    0.369846    0.359091   0.0013662
          31    0.364019     0.35925  0.00133092
          32    0.357534    0.359197  0.00128977
          33    0.344706    0.358758  0.00132495
          34    0.353005    0.358588  0.00129648
          35    0.360492    0.358643  0.00126007
          36     0.35227    0.358466  0.00123729
          37    0.365558    0.358657  0.00121856
          38    0.356046    0.358589  0.00118805
          39     0.36421    0.358733  0.00116613
          40    0.359284    0.358747  0.00113669
          41    0.359534    0.358766  0.00110878
          42    0.360323    0.358803   0.0010827
          43    0.355562    0.358728   0.0010599
          44    0.356834    0.358685  0.00103643
          45    0.377523    0.359103  0.00109622
          46    0.357661    0.359072  0.00107258
          47    0.358393    0.359057  0.00104961
          48    0.357957    0.359034  0.00102777
          49    0.359548    0.359045  0.00100663
          50    0.369307     0.35925  0.00100742
           1    0.311806    0.311806           0
           2    0.315789    0.313797  0.00199144
           3     0.31889    0.315495  0.00205025
           4    0.322532    0.317254  0.00227963
           5    0.317365    0.317276  0.00176593
           6    0.312361    0.316457  0.00165833
           7    0.313329     0.31601  0.00147105
           8    0.316632    0.316088  0.00127634
           9    0.308346    0.315228  0.00141672
          10     0.31442    0.315147  0.00126972
          11    0.316486    0.315269  0.00115494
          12      0.3126    0.315046  0.00107751
          13     0.32047    0.315463  0.00107538
          14     0.32325     0.31602  0.00114042
          15    0.315957    0.316015  0.00106168
          16    0.324462    0.316543  0.00112472
          17    0.329779    0.317322  0.00131238
          18    0.313591    0.317115  0.00125457
          19    0.315692     0.31704  0.00118906
          20    0.306259    0.316501  0.00125022
          21    0.321144    0.316722  0.00120958
          22    0.323324    0.317022  0.00119169
          23    0.316295     0.31699  0.00113914
          24    0.313561    0.316847  0.00109996
          25    0.313123    0.316698  0.00106551
          26    0.330326    0.317223  0.00115009
          27    0.317686     0.31724  0.00110681
          28    0.310123    0.316986  0.00109641
          29    0.323522    0.317211  0.00108167
          30    0.315487    0.317153  0.00104657
          31    0.319683    0.317235  0.00101553
          32    0.314695    0.317156 0.000986483
          33    0.315947    0.317119 0.000956824
          34    0.322637    0.317281 0.000942336
          35    0.314211    0.317194 0.000919212
          36    0.302766    0.316793 0.000979096
          37    0.321348    0.316916 0.000960191
          38    0.310728    0.316753 0.000948663
          39    0.312823    0.316652 0.000929497
          40    0.328097    0.316938 0.000950069
          41    0.316217    0.316921 0.000926774
          42    0.315574    0.316889 0.000905007
          43    0.325257    0.317083 0.000904883
          44    0.324568    0.317253 0.000900293
          45    0.320087    0.317316 0.000882309
          46    0.321734    0.317412 0.000868243
          47    0.318622    0.317438 0.000849959
          48     0.32702    0.317638 0.000855673
          49     0.31756    0.317636  0.00083803
          50    0.322943    0.317742 0.000827929
           1    0.274977    0.274977           0
           2    0.285375    0.280176  0.00519882
           3    0.274636    0.278329  0.00352411
           4     0.28272    0.279427  0.00272298
           5    0.276844     0.27891  0.00217153
           6    0.276478    0.278505   0.0018188
           7    0.278936    0.278566   0.0015384
           8    0.278061    0.278503  0.00133379
           9    0.274818    0.278094  0.00124553
          10    0.286159      0.2789  0.00137533
          11    0.286699    0.279609  0.00143186
          12    0.275381    0.279257  0.00135375
          13    0.283291    0.279567  0.00128336
          14    0.284932     0.27995  0.00124842
          15    0.275748     0.27967   0.0011955
          16     0.28245    0.279844   0.0011317
          17    0.284549    0.280121  0.00109848
          18     0.27929    0.280075  0.00103669
          19    0.286705    0.280424  0.00104085
          20    0.282707    0.280538 0.000994011
          21    0.281104    0.280565 0.000945877
          22    0.279717    0.280526 0.000902681
          23    0.290659    0.280967 0.000968531
          24    0.281645    0.280995 0.000927728
          25    0.286438    0.281213 0.000916096
          26    0.289743    0.281541 0.000939311
          27    0.288406    0.281795 0.000938936
          28     0.27702    0.281624 0.000920714
          29    0.286811    0.281803 0.000906224
          30    0.280273    0.281752  0.00087698
          31    0.288449    0.281968 0.000875295
          32    0.281776    0.281962 0.000847522
          33    0.274058    0.281723  0.00085565
          34    0.280005    0.281672 0.000831638
          35     0.28229     0.28169  0.00080772
          36    0.282053      0.2817 0.000785028
          37    0.283555     0.28175 0.000765161
          38    0.275522    0.281586 0.000762575
          39    0.279816    0.281541 0.000744149
          40    0.293411    0.281838  0.00078367
          41    0.278679    0.281761 0.000768191
          42    0.277498    0.281659 0.000756516
          43    0.284967    0.281736 0.000742708
          44    0.277378    0.281637 0.000732361
          45    0.294644    0.281926 0.000772048
          46    0.290455    0.282111 0.000777511
          47    0.281759    0.282104 0.000760825
          48    0.286594    0.282198 0.000750656
          49    0.284112    0.282237 0.000736215
          50    0.286738    0.282327 0.000726937
           1    0.244227    0.244227           0
           2    0.248825    0.246526  0.00229867
           3    0.246774    0.246609  0.00132971
           4    0.246241    0.246517 0.000944737
           5    0.250597    0.247333  0.00109607
           6    0.247947    0.247435 0.000900765
           7    0.244955    0.247081 0.000839699
           8    0.245573    0.246892 0.000751219
           9    0.247548    0.246965 0.000666506
          10    0.253679    0.247637 0.000897887
          11    0.248874    0.247749 0.000819925
          12    0.247241    0.247707  0.00074968
          13    0.240424    0.247146 0.000888489
          14    0.244893    0.246986 0.000838175
          15    0.253462    0.247417 0.000891803
          16    0.249958    0.247576 0.000849183
          17    0.248794    0.247648 0.000800878
          18    0.241737    0.247319 0.000823392
          19    0.250694    0.247497 0.000798841
          20    0.244863    0.247365 0.000769202
          21     0.24886    0.247436 0.000735113
          22    0.246584    0.247398 0.000701972
          23    0.254171    0.247692 0.000732563
          24    0.252442     0.24789 0.000728762
          25    0.248191    0.247902 0.000699108
          26    0.252255     0.24807 0.000692229
          27    0.252609    0.248238 0.000686988
          28    0.251526    0.248355 0.000672333
          29    0.258766    0.248714 0.000741439
          30    0.251121    0.248794 0.000720778
          31    0.246195    0.248711 0.000702164
          32    0.245717    0.248617 0.000686275
          33    0.245051    0.248509 0.000673872
          34    0.248479    0.248508 0.000653753
          35    0.240801    0.248288 0.000671907
          36    0.252079    0.248393 0.000661413
          37    0.252898    0.248515  0.00065471
          38    0.248047    0.248503 0.000637367
          39    0.247514    0.248477 0.000621326
          40    0.252479    0.248577 0.000613801
          41    0.246112    0.248517 0.000601655
          42    0.245035    0.248434 0.000592978
          43     0.25196    0.248516 0.000584802
          44    0.246945    0.248481 0.000572471
          45    0.246965    0.248447 0.000560617
          46    0.253983    0.248567 0.000561347
          47    0.248019    0.248556 0.000549398
          48    0.257858    0.248749  0.00057168
          49    0.247018    0.248714 0.000561005
          50    0.251734    0.248774 0.000552979
           1    0.223069    0.223069           0
           2    0.226109    0.224589  0.00152014
           3    0.222853     0.22401  0.00105125
           4    0.213462    0.221373  0.00273977
           5    0.222075    0.221513  0.00212685
           6    0.222397    0.221661   0.0017428
           7    0.219393    0.221337  0.00150813
           8    0.216266    0.220703  0.00145177
           9    0.221826    0.220828  0.00128641
          10    0.223055     0.22105  0.00117195
          11    0.218505    0.220819  0.00108502
          12     0.21882    0.220652   0.0010044
          13    0.224145    0.220921  0.00096218
          14    0.225721    0.221264 0.000954496
          15    0.219524    0.221148 0.000896128
          16    0.220614    0.221115 0.000838914
          17    0.218162    0.220941 0.000806936
          18    0.223657    0.221092 0.000775609
          19    0.220668    0.221069 0.000733992
          20    0.222119    0.221122   0.0006983
          21     0.22123    0.221127 0.000664236
          22    0.223789    0.221248 0.000644776
          23    0.222737    0.221313 0.000619495
          24    0.224598     0.22145 0.000608707
          25    0.220913    0.221428 0.000584247
          26    0.223411    0.221504 0.000566481
          27    0.223881    0.221592 0.000552159
          28    0.224784    0.221706 0.000544146
          29    0.224348    0.221798 0.000532889
          30    0.226974     0.22197 0.000542965
          31     0.21653    0.221795 0.000553706
          32    0.218361    0.221687 0.000546758
          33    0.218999    0.221606 0.000536155
          34    0.222742    0.221639 0.000521218
          35    0.217465     0.22152 0.000519967
          36    0.223951    0.221587  0.00050981
          37    0.223065    0.221627 0.000497445
          38    0.220041    0.221586 0.000485974
          39    0.222992    0.221622  0.00047472
          40    0.219316    0.221564 0.000466275
          41    0.221197    0.221555 0.000454849
          42    0.218315    0.221478 0.000450541
          43    0.222986    0.221513 0.000441334
          44    0.222247     0.22153  0.00043151
          45     0.21613     0.22141 0.000438547
          46    0.220877    0.221398 0.000429064
          47    0.220852    0.221387 0.000419997
          48    0.222653    0.221413 0.000411999
          49    0.226219    0.221511 0.000415255
          50    0.223581    0.221552 0.000408965
           1    0.200208    0.200208           0
           2    0.200915    0.200562 0.000353421
           3    0.197506    0.199543  0.00103897
           4     0.19728    0.198977 0.000927214
           5    0.199608    0.199103   0.0007292
           6    0.197703     0.19887 0.000639496
           7    0.194427    0.198235 0.000833658
           8    0.197091    0.198092    0.000736
           9    0.195206    0.197772 0.000724014
          10    0.197599    0.197754 0.000647809
          11    0.195002    0.197504 0.000637165
          12    0.192159    0.197059 0.000732622
          13    0.192531     0.19671 0.000758601
          14    0.196612    0.196703 0.000702363
          15    0.200369    0.196948 0.000698034
          16    0.197248    0.196966 0.000653222
          17    0.198956    0.197083 0.000624653
          18    0.193336    0.196875 0.000624653
          19    0.197994    0.196934 0.000593789
          20    0.194054     0.19679 0.000581431
          21    0.198068    0.196851 0.000556386
          22    0.196906    0.196853 0.000530499
          23    0.196802    0.196851 0.000506915
          24    0.197049    0.196859 0.000485404
          25    0.192902    0.196701 0.000491756
          26    0.197248    0.196722 0.000472931
          27    0.200626    0.196867 0.000477491
          28    0.199925    0.196976 0.000472911
          29    0.202262    0.197158 0.000491373
          30    0.197786    0.197179 0.000475172
          31    0.199156    0.197243 0.000463994
          32    0.196738    0.197227 0.000449537
          33    0.197439    0.197234 0.000435749
          34    0.195571    0.197185 0.000425558
          35     0.19263    0.197055 0.000433225
          36    0.197133    0.197057 0.000421024
          37    0.197171     0.19706 0.000409499
          38    0.193064    0.196955 0.000412213
          39    0.200586    0.197048 0.000412162
          40    0.194329     0.19698 0.000407436
          41    0.194117     0.19691 0.000403461
          42    0.197924    0.196934 0.000394477
          43     0.20061     0.19702 0.000394566
          44    0.194896    0.196971 0.000388504
          45    0.191916    0.196859 0.000396042
          46    0.203548    0.197004 0.000413733
          47    0.195428    0.196971 0.000406222
          48    0.196212    0.196955 0.000397983
          49    0.197488    0.196966 0.000389928
          50    0.192248    0.196872  0.00039353
