                 0                 2
                 1                 2
                 2                 2
                 3                 2
                 4                 2
                 5                 2
                 6                 2
                 7                 2
                 8                 2
                 9                 2
                10                 2
                11                 2
                12                 2
                13                 3
                14                 3
                15                 3
                16                 3
                17                 3
                18                 3
                19                 3
                20                 3
                21                 3
                22                 3
                23                 3
                24                 3
                25                 3
                26                 3
                27                 3
                28                 3
                29                 3
                30                 3
                31                 3
                32                 3
                33                 2
                34                 2
                35                 2
                36                 2
                37                 2
                38                 2
                39                 2
                40                 2
                41                 2
                42                 2
                43                 2
                44                 2
                45                 2
                46                 2
                47                 2
                48                 2
                49                 2
                50                 2
                51                 2
                52                 2
                53                 1
                54                 1
                55                 1
                56                 1
                57                 1
                58                 1
                59                 1
                60                 1
                61                 1
                62                 1
                63                 1
                64                 1
                65                 1
                66                 1
                67                 1
                68                 1
                69                 1
                70                 1
                71                 1
                72                 1
                73                 1
                74                 1
                75                 1
                76                 1
                77                 1
                78                 1
                79                 1
                80                 1
                81                 1
                82                 1
                83                 1
                84                 1
                85                 1
                86                 1
                87                 1
                88                 1
                89                 1
                90                 1
                91                 1
                92                 1
                93                 1
                94                 1
                95                 1
                96                 1
                97                 1
                98                 1
                99                 1
               100                 1
               101                 3
               102                 3
               103                 3
               104                 3
               105                 1
               106                 1
               107                 1
               108                 1
               109                 1
               110                 1
               111                 1
               112                 1
               113                 1
               114                 1
               115                 1
               116                 1
               117                 1
               118                 1
               119                 1
               120                 1
               121                 1
               122                 1
               123                 1
               124                 1
               125                 1
               126                 1
               127                 1
               128                 1
               129                 1
               130                 1
               131                 1
               132                 1
               133                 1
               134                 1
               135                 1
               136                 1
               137                 1
               138                 1
               139                 1
               140                 1
               141                 1
               142                 1
               143                 1
               144                 1
               145                 1
               146                 1
               147                 1
               148                 1
               149                 1
               150                 1
               151                 1
               152                 1
               153                 1
               154                 1
               155                 1
               156                 1
               157                 1
               158                 1
               159                 1
               160                 1
               161                 1
               162                 1
               163                 1
               164                 1
               165                 1
               166                 1
               167                 1
               168                 1
               169                 1
               170                 1
               171                 1
               172                 1
               173                 1
               174                 1
               175                 1
               176                 1
               177                 1
               178                 1
               179                 1
               180                 1
               181                 1
               182                 1
               183                 1
               184                 1
               185                 1
               186                 1
               187                 1
               188                 1
               189                 1
               190                 1
               191                 1
               192                 1
               193                 1
               194                 1
               195                 1
               196                 1
               197                 1
               198                 1
               199                 1
               200                 1
               201                 1
               202                 1
               203                 1
               204                 1
               205                 1
               206                 1
               207                 1
               208                 1
               209                 1
               210                 1
               211                 1
               212                 1
               213                 1
               214                 1
               215                 1
               216                 1
               217                 1
               218                 1
               219                 1
               220                 1
               221                 1
               222                 1
               223                 1
               224                 1
               225                 1
               226                 1
               227                 1
               228                 1
               229                 1
               230                 1
               231                 1
               232                 1
               233                 1
               234                 1
               235                 1
               236                 1
               237                 1
               238                 1
               239                 1
               240                 1
               241                 1
               242                 1
               243                 1
               244                 1
               245                 1
               246                 1
               247                 1
               248                 1
               249                 1
               250                 1
               251                 1
               252                 1
               253                 1
               254                 1
               255                 1
               256                 1
               257                 1
               258                 1
               259                 1
               260                 1
               261                 1
               262                 1
               263                 1
               264                 1
               265                 1
               266                 1
               267                 1
               268                 1
               269                 1
               270                 1
               271                 1
               272                 1
               273                 1
               274                 1
               275                 1
               276                 1
               277                 1
               278                 1
               279                 1
               280                 1
               281                 1
               282                 1
               283                 1
               284                 1
               285                 1
               286                 1
               287                 1
               288                 1
               289                 1
               290                 1
               291                 1
               292                 1
               293                 1
               294                 1
               295                 1
               296                 1
               297                 1
               298                 1
               299                 1
               300                 1
               301                 1
               302                 1
               303                 1
               304                 1
               305                 1
               306                 1
               307                 1
               308                 1
               309                 1
               310                 1
               311                 1
               312                 1
               313                 1
               314                 1
               315                 1
               316                 1
               317                 1
               318                 1
               319                 1
               320                 1
               321                 1
               322                 1
               323                 1
               324                 1
               325                 1
               326                 1
               327                 1
               328                 1
               329                 1
               330                 1
               331                 1
               332                 1
               333                 1
               334                 1
               335                 1
               336                 1
               337                 1
               338                 1
               339                 1
               340                 1
               341                 1
               342                 1
               343                 1
               344                 1
               345                 1
               346                 1
               347                 1
               348                 1
               349                 1
               350                 1
               351                 1
               352                 1
               353                 1
               354                 1
               355                 1
               356                 1
               357                 1
               358                 1
               359                 1
               360                 1
               361                 1
               362                 1
               363                 1
               364                 1
               365                 1
               366                 1
               367                 1
               368                 1
               369                 1
               370                 1
               371                 1
               372                 1
               373                 1
               374                 1
               375                 1
               376                 1
               377                 1
               378                 1
               379                 1
               380                 1
               381                 1
               382                 1
               383                 1
               384                 1
               385                 1
               386                 1
               387                 1
               388                 1
               389                 1
               390                 1
               391                 1
               392                 1
               393                 1
               394                 1
               395                 1
               396                 1
               397                 1
               398                 1
               399                 1
               400                 1
               401                 1
               402                 1
               403                 1
               404                 1
               405                 1
               406                 1
               407                 1
               408                 1
               409                 1
               410                 1
               411                 1
               412                 1
               413                 1
               414                 1
               415                 1
               416                 1
               417                 1
               418                 1
               419                 1
               420                 1
               421                 1
               422                 1
               423                 1
               424                 1
               425                 1
               426                 1
               427                 1
               428                 1
               429                 1
               430                 1
               431                 1
               432                 1
               433                 1
               434                 1
               435                 1
               436                 1
               437                 1
               438                 1
               439                 1
               440                 1
               441                 1
               442                 1
               443                 1
               444                 1
               445                 1
               446                 1
               447                 1
               448                 1
               449                 1
               450                 1
               451                 1
               452                 1
               453                 1
               454                 1
               455                 1
               456                 1
               457                 1
               458                 1
               459                 1
               460                 1
               461                 1
               462                 1
               463                 1
               464                 1
               465                 1
               466                 1
               467                 1
               468                 1
               469                 1
               470                 1
               471                 1
               472                 1
               473                 1
               474                 1
               475                 1
               476                 1
               477                 1
               478                 1
               479                 1
               480                 1
               481                 1
               482                 1
               483                 1
               484                 1
               485                 1
               486                 1
               487                 1
               488                 1
               489                 1
               490                 1
               491                 1
               492                 1
               493                 1
               494                 1
               495                 1
               496                 1
               497                 1
               498                 1
               499                 1
               500                 1
               501                 1
               502                 1
               503                 1
               504                 1
               505                 1
               506                 1
               507                 1
               508                 1
               509                 1
               510                 1
               511                 1
               512                 1
               513                 1
               514                 1
               515                 1
               516                 1
               517                 1
               518                 1
               519                 1
               520                 1
               521                 1
               522                 1
               523                 1
               524                 1
               525                 1
               526                 1
               527                 1
               528                 1
               529                 1
               530                 1
               531                 1
               532                 1
               533                 1
               534                 1
               535                 1
               536                 1
               537                 1
               538                 1
               539                 1
               540                 1
               541                 1
               542                 1
               543                 1
               544                 1
               545                 1
               546                 1
               547                 1
               548                 1
               549                 1
               550                 1
               551                 1
               552                 1
               553                 1
               554                 1
               555                 1
               556                 1
               557                 1
               558                 1
               559                 1
               560                 1
               561                 1
               562                 1
               563                 1
               564                 1
               565                 1
               566                 1
               567                 1
               568                 1
               569                 1
               570                 1
               571                 1
               572                 1
               573                 1
               574                 1
               575                 1
               576                 1
               577                 1
               578                 1
               579                 1
               580                 1
               581                 1
               582                 1
               583                 1
               584                 1
               585                 1
               586                 1
               587                 1
               588                 1
               589                 1
               590                 1
               591                 1
               592                 1
               593                 1
               594                 1
               595                 1
               596                 1
               597                 1
               598                 1
               599                 1
               600                 1
               601                 1
               602                 1
               603                 1
               604                 1
               605                 1
               606                 1
               607                 1
               608                 1
               609                 1
               610                 1
               611                 1
               612                 1
               613                 1
               614                 1
               615                 1
               616                 1
               617                 1
               618                 1
               619                 1
               620                 1
               621                 1
               622                 1
               623                 1
               624                 1
               625                 1
               626                 1
               627                 1
               628                 1
               629                 1
               630                 1
               631                 1
               632                 1
               633                 1
               634                 1
               635                 1
               636                 1
               637                 1
               638                 1
               639                 1
               640                 1
               641                 1
               642                 1
               643                 1
               644                 1
               645                 1
               646                 1
               647                 1
               648                 1
               649                 1
               650                 1
               651                 1
               652                 1
               653                 1
               654                 1
               655                 1
               656                 1
               657                 1
               658                 1
               659                 1
               660                 1
               661                 1
               662                 1
               663                 1
               664                 1
               665                 1
               666                 1
               667                 1
               668                 1
               669                 1
               670                 1
               671                 1
               672                 1
               673                 1
               674                 1
               675                 1
               676                 1
               677                 1
               678                 1
               679                 1
               680                 1
               681                 1
               682                 1
               683                 1
               684                 1
               685                 1
               686                 1
               687                 1
               688                 1
               689                 1
               690                 1
               691                 1
               692                 1
               693                 1
               694                 1
               695                 1
               696                 1
               697                 1
               698                 1
               699                 2
               700                 2
               701                 2
               702                 2
               703                 2
               704                 2
               705                 2
               706                 2
               707                 2
               708                 2
               709                 2
               710                 2
               711                 2
               712                 2
               713                 2
               714                 2
               715                 2
               716                 2
               717                 2
               718                 2
               719                 2
               720                 2
               721                 2
               722                 2
               723                 2
               724                 2
               725                 2
               726                 2
               727                 2
               728                 2
               729                 2
               730                 2
               731                 2
               732                 2
               733                 2
               734                 2
               735                 2
               736                 2
               737                 2
               738                 2
               739                 2
               740                 2
               741                 2
               742                 2
               743                 2
               744                 2
               745                 2
               746                 2
               747                 2
               748                 2
               749                 2
               750                 2
               751                 2
               752                 2
               753                 2
               754                 2
               755                 2
               756                 2
               757                 2
               758                 2
               759                 2
               760                 2
               761                 2
               762                 2
               763                 2
               764                 2
               765                 2
               766                 2
               767                 2
               768                 2
               769                 2
               770                 2
               771                 2
               772                 2
               773                 2
               774                 2
               775                 2
               776                 2
               777                 2
               778                 2
               779                 2
               780                 2
               781                 2
               782                 2
               783                 2
               784                 2
               785                 2
               786                 2
               787                 2
               788                 2
               789                 2
               790                 2
               791                 2
               792                 2
               793                 2
               794                 2
               795                 2
               796                 2
               797                 2
               798                 2
               799                 2
               800                 2
               801                 2
               802                 2
               803                 2
               804                 2
               805                 2
               806                 2
               807                 2
               808                 2
               809                 2
               810                 2
               811                 2
               812                 2
               813                 2
               814                 2
               815                 2
               816                 2
               817                 2
               818                 2
               819                 2
               820                 2
               821                 2
               822                 2
               823                 2
               824                 2
               825                 2
               826                 2
               827                 2
               828                 2
               829                 2
               830                 2
               831                 2
               832                 2
               833                 2
               834                 2
               835                 3
               836                 3
               837                 3
               838                 3
               839                 3
               840                 3
               841                 3
               842                 3
               843                 3
               844                 3
               845                 3
               846                 3
               847                 3
               848                 3
               849                 3
               850                 3
               851                 3
               852                 3
               853                 3
               854                 3
               855                 3
               856                 3
               857                 2
               858                 2
               859                 2
               860                 2
               861                 2
               862                 2
               863                 2
               864                 2
               865                 2
               866                 2
               867                 2
               868                 2
               869                 2
               870                 2
               871                 2
               872                 2
               873                 2
               874                 2
               875                 2
               876                 2
               877                 2
               878                 2
               879                 2
               880                 2
               881                 2
               882                 2
               883                 2
               884                 2
               885                 2
               886                 2
               887                 2
               888                 2
               889                 2
               890                 2
               891                 2
               892                 2
               893                 2
               894                 2
               895                 2
               896                 2
               897                 2
               898                 2
               899                 2
               900                 2
               901                 2
               902                 2
               903                 2
               904                 2
               905                 2
               906                 0
               907                 0
               908                 0
               909                 0
               910                 0
               911                 0
               912                 0
               913                 0
               914                 0
               915                 0
               916                 0
               917                 0
               918                 0
               919                 0
               920                 0
               921                 0
               922                 0
               923                 0
               924                 2
               925                 2
               926                 2
               927                 2
               928                 2
               929                 2
               930                 2
               931                 2
               932                 2
               933                 2
               934                 2
               935                 2
               936                 2
               937                 1
               938                 1
               939                 1
               940                 1
               941                 1
               942                 1
               943                 1
               944                 1
               945                 1
               946                 1
               947                 1
               948                 1
               949                 1
               950                 1
               951                 1
               952                 2
               953                 2
               954                 2
               955                 2
               956                 2
               957                 2
               958                 2
               959                 2
               960                 2
               961                 2
               962                 2
               963                 2
               964                 2
               965                 2
               966                 2
               967                 2
               968                 2
               969                 3
               970                 3
               971                 2
               972                 2
               973                 2
               974                 2
               975                 3
               976                 2
               977                 2
               978                 2
               979                 2
               980                 2
               981                 2
               982                 2
               983                 2
               984                 0
               985                 0
               986                 2
               987                 2
               988                 3
               989                 3
               990                 2
               991                 2
               992                 2
               993                 2
               994                 2
               995                 2
               996                 2
               997                 2
               998                 2
               999                 2
