                 0           19.0471
                 1           18.0402
                 2           18.0402
                 3           18.0402
                 4           18.0402
                 5           18.0402
                 6           18.0402
                 7           18.0402
                 8           16.2767
                 9           16.2767
                10           16.2767
                11           16.2767
                12           16.2767
                13           16.2767
                14           16.2767
                15           16.2767
                16           16.2767
                17           16.2767
                18           16.2767
                19           16.2767
                20           16.2767
                21           16.2767
                22           16.2767
                23           16.2767
                24           16.2767
                25           16.2767
                26           16.2767
                27           16.2767
                28           16.2767
                29           16.2767
                30           16.2767
                31           16.2767
                32           16.2767
                33           16.2767
                34           16.2767
                35           16.2767
                36           15.0944
                37           15.0944
                38           15.0944
                39           15.0944
                40           15.0944
                41           14.7875
                42           14.7875
                43           14.7875
                44           14.7875
                45           14.7875
                46           14.7875
                47           14.7875
                48           14.7875
                49           14.7875
                50           14.7875
                51           14.7875
                52           14.7875
                53           14.7875
                54           14.7875
                55           14.7875
                56           14.7875
                57           14.7875
                58           14.7875
                59           14.7875
                60           14.7875
                61           14.7875
                62           14.7875
                63           14.7875
                64           14.7875
                65           14.7875
                66           14.7875
                67           14.7875
                68           14.7875
                69           14.7875
                70           14.7875
                71           14.7875
                72           14.7875
                73           14.7875
                74           14.7875
                75           14.7875
                76           14.7875
                77           14.7875
                78           14.7875
                79           14.7875
                80           14.7875
                81           14.7875
                82           14.7875
                83           14.7875
                84           14.7875
                85           14.7875
                86           14.7875
                87           14.7875
                88           14.7875
                89           14.7875
                90           14.7875
                91           14.7875
                92           14.7875
                93           14.7875
                94           14.7875
                95           14.7875
                96           14.7875
                97           14.7875
                98           14.7875
                99           14.7875
               100           14.7875
               101           14.7875
               102           14.7875
               103           14.7875
               104           14.7875
               105           14.7875
               106           14.7875
               107           14.7875
               108           14.7875
               109           14.7875
               110           14.7875
               111           14.7875
               112           14.7875
               113           14.7875
               114           14.7875
               115           14.7875
               116           14.7875
               117           14.7875
               118           14.7875
               119           14.7875
               120           14.7875
               121           14.7875
               122           14.7875
               123           14.7875
               124           14.7875
               125           14.7875
               126           14.7875
               127           14.7875
               128           14.7875
               129           14.7875
               130           14.7875
               131           14.7875
               132           14.7875
               133           14.7875
               134           14.7875
               135           14.7875
               136           14.7875
               137           14.7875
               138           14.7875
               139           14.7875
               140           14.7756
               141           14.7756
               142           14.7756
               143           14.7756
               144           14.7756
               145           14.7756
               146           14.7756
               147           14.7756
               148           14.7756
               149           14.7756
               150           13.7698
               151           13.7698
               152           13.7698
               153           13.7698
               154           13.7698
               155           13.7698
               156           13.7698
               157           13.7698
               158           13.7698
               159           13.7698
               160           13.7698
               161           13.7698
               162           13.7698
               163           13.7698
               164           13.7698
               165           13.7698
               166           13.7698
               167           13.7698
               168           13.7698
               169           13.7698
               170           13.7698
               171           13.7698
               172           13.7698
               173           13.7698
               174           13.7698
               175           13.7698
               176           13.7698
               177           13.7698
               178           13.7698
               179           13.7698
               180           13.7698
               181           13.7698
               182           13.7698
               183           13.7698
               184           13.7698
               185           13.7698
               186           13.7698
               187           13.7698
               188           13.7698
               189           13.7698
               190           13.7698
               191           13.7698
               192           13.7698
               193           13.7698
               194           13.7698
               195           13.7698
               196           13.7698
               197           13.7698
               198           13.7698
               199           13.7698
               200           13.7698
               201           13.7698
               202           13.7698
               203           13.7698
               204           13.7698
               205           13.7698
               206           13.7698
               207           13.7698
               208           13.7698
               209           13.7698
               210           13.7698
               211           13.7698
               212           13.7698
               213           13.7698
               214           13.7698
               215           13.7698
               216           13.7698
               217           13.7698
               218           13.7698
               219           13.7698
               220           13.7698
               221           13.7698
               222           13.7698
               223           13.7698
               224           13.7698
               225           13.7698
               226           13.7698
               227           13.7698
               228           13.7698
               229           13.7698
               230           13.7698
               231           13.7698
               232            13.426
               233            13.426
               234            13.426
               235            13.426
               236            13.426
               237            13.426
               238            13.426
               239            13.426
               240            13.426
               241            13.426
               242            13.426
               243            13.426
               244            13.426
               245            13.426
               246            13.426
               247            13.426
               248            13.426
               249            13.426
               250            13.426
               251            13.426
               252            13.426
               253            13.426
               254            13.426
               255            13.426
               256            13.426
               257            13.426
               258            13.426
               259            13.426
               260            13.426
               261            13.426
               262            13.426
               263            13.426
               264            13.426
               265            13.426
               266            13.426
               267            13.426
               268            13.426
               269            13.426
               270            13.426
               271            13.426
               272            13.426
               273            13.426
               274            13.426
               275            13.426
               276            13.426
               277            13.426
               278            13.426
               279            13.426
               280            13.426
               281            13.426
               282            13.426
               283            13.426
               284            13.426
               285            13.426
               286            13.426
               287            13.426
               288            13.426
               289            13.426
               290           13.1095
               291           13.1095
               292           13.1095
               293           13.1095
               294           13.1095
               295           13.1095
               296           13.1095
               297           13.1095
               298           13.1095
               299           13.1095
               300           13.1095
               301           13.1095
               302           13.1095
               303           13.1095
               304           13.1095
               305           13.1095
               306           13.1095
               307           13.1095
               308           13.1095
               309           13.1095
               310           13.1095
               311           13.1095
               312           13.1095
               313           13.1095
               314           13.1095
               315           13.1095
               316           13.1095
               317           13.1095
               318           13.1095
               319           13.1095
               320           13.1095
               321           13.1095
               322           13.1095
               323           13.1095
               324           13.1095
               325           13.1095
               326           13.1095
               327           13.1095
               328           13.1095
               329           13.1095
               330           13.1095
               331           13.1095
               332           13.1095
               333           13.1095
               334           13.1095
               335           13.1095
               336           13.1095
               337           13.1095
               338           12.6872
               339           12.6872
               340           12.6872
               341           12.6872
               342           12.6872
               343           12.6872
               344           12.6872
               345           12.6872
               346           12.6872
               347           12.6872
               348           12.6872
               349           12.6872
               350           12.6872
               351           12.6872
               352           12.6872
               353           12.6872
               354           12.6872
               355           12.6872
               356           12.6872
               357           12.6872
               358           12.6872
               359           12.6872
               360           12.6872
               361           12.6872
               362           12.6872
               363           12.6872
               364           12.6872
               365           12.6872
               366           12.6872
               367           12.6872
               368           12.6872
               369           12.6872
               370           12.6872
               371           12.6872
               372           12.6872
               373           12.6872
               374           12.6872
               375           12.6872
               376           12.6872
               377           12.6872
               378           12.6872
               379           12.6872
               380           12.6872
               381           12.6872
               382           12.6872
               383           12.6872
               384           12.6872
               385           12.6872
               386           12.6872
               387           12.6872
               388           12.6872
               389           12.6872
               390           12.6872
               391           12.6872
               392           12.6872
               393           12.6872
               394           12.5868
               395           12.5868
               396           12.5868
               397           12.5868
               398           12.5868
               399           12.5868
               400           12.5868
               401           12.5868
               402           12.5868
               403           12.5868
               404           12.5868
               405           12.5868
               406           12.5868
               407           12.5868
               408           12.5868
               409           12.5868
               410           12.5868
               411            11.479
               412            11.479
               413            11.479
               414            11.479
               415            11.479
               416            11.479
               417            11.479
               418            11.479
               419            11.479
               420            11.479
               421            11.479
               422            11.479
               423            11.479
               424            11.479
               425            11.479
               426           10.8764
               427           10.8764
               428           10.8764
               429           10.8764
               430           10.8764
               431           10.8764
               432           10.8764
               433           10.8764
               434           10.8764
               435           10.5124
               436           10.5124
               437           10.5124
               438           10.5124
               439           10.5124
               440           10.5124
               441           10.5124
               442           10.5124
               443           10.5124
               444           10.5124
               445           10.5124
               446           10.5124
               447           10.5124
               448           10.5124
               449           10.5124
               450           10.5124
               451           10.5124
               452           10.5124
               453           10.5124
               454           10.5124
               455           10.5124
               456           10.5124
               457           10.5124
               458           10.5124
               459           10.5124
               460           10.5124
               461           10.5124
               462           10.5124
               463           10.5124
               464           10.5124
               465           10.5124
               466           10.5124
               467           10.5124
               468           10.5124
               469           10.5124
               470           10.5124
               471           10.5124
               472           10.5124
               473           10.5124
               474           10.5124
               475           10.5124
               476           10.5124
               477           10.5124
               478           10.5124
               479           10.5124
               480           10.5124
               481           10.5124
               482           10.5124
               483           10.5124
               484           10.4774
               485           10.4774
               486           10.4774
               487           10.4774
               488           10.4774
               489           10.4774
               490           10.4774
               491           10.4774
               492           10.4774
               493           10.4774
               494           10.4774
               495           10.4774
               496           10.4774
               497           10.4774
               498           10.4774
               499           10.4774
               500           10.4774
               501           9.74335
               502           9.74335
               503           9.74335
               504           9.74335
               505           9.74335
               506           9.74335
               507           9.74335
               508           9.74335
               509           9.74335
               510           9.74335
               511           9.74335
               512           8.96493
               513           8.96493
               514           8.96493
               515           8.96493
               516           8.96493
               517           8.96493
               518           8.96493
               519           8.96493
               520           8.56551
               521           8.56551
               522           8.56551
               523           8.56551
               524           8.56551
               525           8.56551
               526           8.56551
               527           8.56551
               528           8.56551
               529           8.56551
               530           8.56551
               531           8.56551
               532           8.56551
               533           8.56551
               534           8.56551
               535           8.56551
               536           8.56551
               537           8.56551
               538           8.56551
               539           8.56551
               540           8.56551
               541           8.56551
               542           8.56551
               543           8.56551
               544           8.56551
               545           8.56551
               546           8.56551
               547           8.56551
               548           8.56551
               549           8.56551
               550           8.56551
               551           8.56551
               552           8.56551
               553           8.56551
               554           8.56551
               555           8.56551
               556           8.56551
               557           8.56551
               558           8.56551
               559           8.56551
               560           8.56551
               561           8.56551
               562           8.56551
               563           8.56551
               564           8.56551
               565           8.56551
               566           8.56551
               567           8.56551
               568           8.56551
               569           8.56551
               570           8.56551
               571           8.56551
               572           8.56551
               573           8.56551
               574           8.56551
               575           8.56551
               576           8.56551
               577           8.56551
               578           8.56551
               579           8.56551
               580           8.56551
               581           8.56551
               582           8.56551
               583           8.56551
               584           8.56551
               585           8.56551
               586           8.56551
               587           8.56551
               588           8.56551
               589           8.56551
               590           8.56551
               591           8.56551
               592           8.56551
               593           8.56551
               594           8.56551
               595           8.56551
               596           8.56551
               597           8.56551
               598           8.18459
               599           8.18459
               600           8.18459
               601           8.18459
               602           8.18459
               603           8.18459
               604           8.18459
               605           7.82251
               606           7.82251
               607           7.82251
               608           7.82251
               609           7.82251
               610           7.82251
               611           7.82251
               612           7.82251
               613           7.82251
               614           7.82251
               615           7.82251
               616           7.82251
               617           7.82251
               618           7.82251
               619           7.82251
               620           7.43422
               621           7.43422
               622           7.43422
               623           7.43422
               624           7.43422
               625           7.43422
               626           7.43422
               627           7.43422
               628           7.43422
               629           7.43422
               630           7.43422
               631           7.43422
               632           7.43422
               633           7.43422
               634           7.43422
               635           7.43422
               636           7.43422
               637           7.43422
               638           7.43422
               639           7.43422
               640           7.43422
               641           7.43422
               642           7.43422
               643           7.43422
               644           7.43422
               645           7.43422
               646           7.43422
               647           7.43422
               648           7.43422
               649           7.43422
               650           7.43422
               651           7.43422
               652           7.43422
               653           7.43422
               654           7.43422
               655           7.43422
               656           7.43422
               657           7.43422
               658           7.43422
               659           6.66139
               660           6.66139
               661           6.66139
               662           6.66139
               663           6.66139
               664           6.66139
               665           6.66139
               666           6.66139
               667           6.66139
               668           6.66139
               669           6.66139
               670           6.66139
               671           6.66139
               672           6.66139
               673           6.66139
               674           6.66139
               675           6.66139
               676           6.66139
               677           6.66139
               678           6.66139
               679           6.66139
               680           6.66139
               681           6.66139
               682           6.66139
               683           6.66139
               684           6.66139
               685           6.66139
               686           6.66139
               687           6.66139
               688           6.66139
               689           6.66139
               690           6.66139
               691           6.66139
               692           6.66139
               693           6.66139
               694           6.66139
               695           6.66139
               696           6.66139
               697           6.66139
               698           6.66139
               699           6.66139
               700           6.66139
               701           6.66139
               702           6.66139
               703           6.66139
               704           6.66139
               705           6.66139
               706           6.66139
               707           6.66139
               708           6.66139
               709           6.66139
               710           6.66139
               711           6.66139
               712           6.66139
               713           6.66139
               714           6.66139
               715           6.66139
               716           6.66139
               717           6.66139
               718           6.66139
               719           6.66139
               720           6.66139
               721           6.66139
               722           6.66139
               723           6.66139
               724            6.2731
               725            6.2731
               726            6.2731
               727            6.2731
               728            6.2731
               729            6.2731
               730            6.2731
               731            6.2731
               732            6.2731
               733            6.2731
               734            6.2731
               735            6.2731
               736            6.2731
               737            6.2731
               738            6.2731
               739            6.2731
               740            6.2731
               741            6.2731
               742            6.2731
               743            6.2731
               744            6.2731
               745            6.2731
               746            6.2731
               747            6.2731
               748            6.2731
               749            6.2731
               750            6.2731
               751            6.2731
               752            6.2731
               753            6.2731
               754            6.2731
               755            6.2731
               756            6.2731
               757            6.2731
               758            6.2731
               759            6.2731
               760            6.2731
               761            6.2731
               762            6.2731
               763            6.2731
               764            6.2731
               765            6.2731
               766            6.2731
               767            6.2731
               768            6.2731
               769            6.2731
               770            6.2731
               771            6.2731
               772            6.2731
               773            6.2731
               774            6.2731
               775            6.2731
               776            6.2731
               777            6.2731
               778            6.2731
               779            6.2731
               780            6.2731
               781            6.2731
               782            6.2731
               783            6.2731
               784            6.2731
               785            6.2731
               786            6.2731
               787            6.2731
               788            6.2731
               789            6.2731
               790            6.2731
               791            6.2731
               792            6.2731
               793            6.2731
               794            6.2731
               795            6.2731
               796            6.2731
               797            6.2731
               798            6.2731
               799            6.2731
               800            6.2731
               801            6.2731
               802            6.2731
               803            6.2731
               804            6.2731
               805            6.2731
               806            6.2731
               807            6.2731
               808            6.2731
               809            6.2731
               810            6.2731
               811            6.2731
               812            6.2731
               813            6.2731
               814            6.2731
               815            6.2731
               816            6.2731
               817            6.2731
               818            6.2731
               819            6.2731
               820            6.2731
               821            6.2731
               822            6.2731
               823            6.2731
               824            6.2731
               825            6.2731
               826            6.2731
               827            6.2731
               828            6.2731
               829            6.2731
               830            6.2731
               831            6.2731
               832            6.2731
               833            6.2731
               834            6.2731
               835            6.2731
               836            6.2731
               837            6.2731
               838            6.2731
               839            6.2731
               840            6.2731
               841            6.2731
               842            6.2731
               843            6.2731
               844            6.2731
               845            6.2731
               846            6.2731
               847            6.2731
               848            6.2731
               849            6.2731
               850            6.2731
               851            6.2731
               852            6.2731
               853            6.2731
               854            6.2731
               855            6.2731
               856            6.2731
               857            6.2731
               858            6.2731
               859            6.2731
               860            6.2731
               861            6.2731
               862            6.2731
               863            6.2731
               864            6.2731
               865            6.2731
               866            6.2731
               867            6.2731
               868            6.2731
               869            6.2731
               870            6.2731
               871            6.2731
               872            6.2731
               873            6.2731
               874            6.2731
               875            6.2731
               876            6.2731
               877            6.2731
               878            6.2731
               879            6.2731
               880            6.2731
               881            6.2731
               882            6.2731
               883            6.2731
               884            6.2731
               885            6.2731
               886            6.2731
               887            6.2731
               888            6.2731
               889            6.2731
               890            6.2731
               891            6.2731
               892            6.2731
               893            6.2731
               894            6.2731
               895            6.2731
               896            6.2731
               897            6.2731
               898            6.2731
               899            6.2731
               900            6.2731
               901            6.2731
               902            6.2731
               903            6.2731
               904            6.2731
               905            6.2731
               906            6.2731
               907            6.2731
               908            6.2731
               909            6.2731
               910            6.2731
               911            6.2731
               912            6.2731
               913            6.2731
               914            6.2731
               915            6.2731
               916            6.2731
               917            6.2731
               918            6.2731
               919            6.2731
               920            6.2731
               921            6.2731
               922            6.2731
               923            6.2731
               924            6.2731
               925            6.2731
               926            6.2731
               927            6.2731
               928            6.2731
               929            6.2731
               930            6.2731
               931            6.2731
               932            6.2731
               933            6.2731
               934            6.2731
               935            6.2731
               936            6.2731
               937            6.2731
               938            6.2731
               939            6.2731
               940            6.2731
               941            6.2731
               942            6.2731
               943            6.2731
               944            6.2731
               945            6.2731
               946            6.2731
               947            6.2731
               948            6.2731
               949            6.2731
               950            6.2731
               951            6.2731
               952            6.2731
               953            6.2731
               954            6.2731
               955            6.2731
               956            6.2731
               957            6.2731
               958            6.2731
               959            6.2731
               960            6.2731
               961            6.2731
               962            6.2731
               963            6.2731
               964            6.2731
               965            6.2731
               966            6.2731
               967            6.2731
               968            6.2731
               969            6.2731
               970            6.2731
               971            6.2731
               972            6.2731
               973            6.2731
               974            6.2731
               975            6.2731
               976            6.2731
               977            6.2731
               978            6.2731
               979            6.2731
               980            6.2731
               981            6.2731
               982            6.2731
               983            6.2731
               984            6.2731
               985            6.2731
               986            6.2731
               987            6.2731
               988            6.2731
               989            6.2731
               990            6.2731
               991            6.2731
               992            6.2731
               993            6.2731
               994            6.2731
               995            6.2731
               996            6.2731
               997            6.2731
               998            6.2731
               999            6.2731
